70 : ((1, 0), (1, 0), (1, 0), (1, 0), (6, 6))
510 : ((1, 0), (1, 0), (1, 0), (2, 1), (2, 1), (3, 2))
315 : ((2, 1), (2, 1), (6, 5))
150 : ((2, 1), (4, 3), (4, 3))
210 : ((1, 0), (1, 0), (2, 1), (6, 6))
270 : ((1, 0), (1, 0), (4, 3), (4, 3))
1560 : ((1, 0), (2, 1), (7, 6))
1 : ((1, 0), (1, 0), (1, 0), (1, 0), (1, 0), (1, 0), (1, 0), (1, 0), (1, 0), (1, 0))
90 : ((1, 0), (1, 0), (2, 1), (2, 1), (2, 1), (2, 1))
480 : ((2, 1), (3, 2), (5, 4))
600 : ((1, 0), (2, 1), (2, 1), (5, 4))
105 : ((10, 13),)
180 : ((1, 0), (1, 0), (1, 0), (1, 0), (1, 0), (5, 4))
70 : ((4, 3), (6, 6))
720 : ((1, 0), (1, 0), (3, 2), (5, 4))
2172 : ((10, 10),)
630 : ((1, 0), (9, 10))
630 : ((3, 2), (7, 6))
120 : ((1, 0), (9, 11))
600 : ((1, 0), (4, 3), (5, 4))
360 : ((4, 3), (6, 5))
480 : ((1, 0), (1, 0), (1, 0), (3, 2), (4, 3))
60 : ((2, 1), (3, 2), (5, 5))
75 : ((1, 0), (1, 0), (1, 0), (1, 0), (1, 0), (1, 0), (2, 1), (2, 1))
30 : ((1, 0), (1, 0), (1, 0), (1, 0), (1, 0), (1, 0), (1, 0), (3, 2))
15 : ((1, 0), (1, 0), (1, 0), (1, 0), (1, 0), (1, 0), (1, 0), (1, 0), (2, 1))
1230 : ((1, 0), (1, 0), (2, 1), (6, 5))
60 : ((1, 0), (4, 3), (5, 5))
15 : ((1, 0), (1, 0), (8, 10))
145 : ((1, 0), (1, 0), (1, 0), (1, 0), (2, 1), (2, 1), (2, 1))
180 : ((1, 0), (1, 0), (8, 9))
1 : ((10, 15),)
2400 : ((1, 0), (9, 8))
435 : ((1, 0), (1, 0), (1, 0), (1, 0), (6, 5))
445 : ((10, 12),)
1080 : ((2, 1), (8, 7))
60 : ((1, 0), (2, 1), (7, 8))
300 : ((1, 0), (1, 0), (1, 0), (7, 7))
30 : ((3, 2), (7, 8))
780 : ((1, 0), (1, 0), (1, 0), (2, 1), (5, 4))
210 : ((5, 4), (5, 4))
420 : ((1, 0), (1, 0), (1, 0), (1, 0), (2, 1), (4, 3))
2000 : ((10, 9),)
60 : ((1, 0), (1, 0), (1, 0), (2, 1), (5, 5))
150 : ((3, 2), (3, 2), (4, 3))
480 : ((1, 0), (1, 0), (2, 1), (3, 2), (3, 2))
80 : ((2, 1), (2, 1), (2, 1), (4, 3))
240 : ((1, 0), (2, 1), (2, 1), (2, 1), (3, 2))
60 : ((1, 0), (2, 1), (2, 1), (5, 5))
570 : ((1, 0), (1, 0), (2, 1), (2, 1), (4, 3))
110 : ((1, 0), (3, 2), (3, 2), (3, 2))
15 : ((10, 14),)
1780 : ((1, 0), (9, 9))
6 : ((5, 5), (5, 5))
60 : ((1, 0), (1, 0), (3, 2), (5, 5))
70 : ((1, 0), (1, 0), (1, 0), (1, 0), (1, 0), (1, 0), (4, 3))
12 : ((1, 0), (1, 0), (1, 0), (1, 0), (1, 0), (5, 5))
165 : ((1, 0), (1, 0), (1, 0), (1, 0), (3, 2), (3, 2))
150 : ((2, 1), (8, 9))
780 : ((1, 0), (2, 1), (3, 2), (4, 3))
615 : ((2, 1), (8, 8))
240 : ((1, 0), (1, 0), (1, 0), (1, 0), (1, 0), (2, 1), (3, 2))
135 : ((2, 1), (2, 1), (3, 2), (3, 2))
840 : ((1, 0), (3, 2), (6, 5))
15 : ((2, 1), (8, 10))
1230 : ((10, 11),)
540 : ((1, 0), (2, 1), (7, 7))
240 : ((3, 2), (7, 7))
60 : ((5, 4), (5, 5))
10 : ((1, 0), (9, 12))
60 : ((2, 1), (2, 1), (6, 6))
950 : ((1, 0), (1, 0), (1, 0), (7, 6))
30 : ((1, 0), (1, 0), (1, 0), (7, 8))
855 : ((1, 0), (1, 0), (8, 8))
1710 : ((1, 0), (1, 0), (8, 7))
150 : ((1, 0), (3, 2), (6, 6))
6 : ((2, 1), (2, 1), (2, 1), (2, 1), (2, 1))
