2.14444e-10
2.26392e-10
2.2879e-10
2.12759e-10
1.7227e-10
2.18775e-10
1.61517e-10
2.42621e-10
2.56146e-10
2.24224e-10
2.04735e-10
2.26534e-10
2.43887e-10
2.5416e-10
2.32869e-10
2.4185e-10
1.94132e-10
1.98363e-10
2.47032e-10
2.01704e-10
1.87316e-10
1.98293e-10
2.23608e-10
2.20763e-10
2.38668e-10
1.41571e-10
2.36689e-10
2.41343e-10
2.28242e-10
2.70772e-10
1.9645e-10
2.56698e-10
2.27563e-10
2.35948e-10
2.06512e-10
2.38943e-10
2.57121e-10
2.49648e-10
2.40959e-10
2.62375e-10
1.62e-10
2.42301e-10
2.15747e-10
2.37084e-10
2.35885e-10
1.88673e-10
2.10134e-10
2.39465e-10
2.2032e-10
2.3064e-10
2.26483e-10
2.40282e-10
2.54658e-10
2.60058e-10
2.57855e-10
1.91025e-10
2.30199e-10
2.23678e-10
2.27744e-10
2.45701e-10
1.70044e-10
2.191e-10
2.47742e-10
2.20628e-10
2.03351e-10
2.03422e-10
2.24349e-10
2.11469e-10
1.70905e-10
2.12667e-10
2.28128e-10
1.97754e-10
2.63289e-10
2.1117e-10
2.04691e-10
2.22746e-10
2.19141e-10
2.38601e-10
2.02929e-10
2.82468e-10
2.2999e-10
2.42828e-10
1.9985e-10
1.88698e-10
2.27256e-10
1.96724e-10
2.67467e-10
2.14917e-10
2.07674e-10
2.29581e-10
2.36755e-10
2.23126e-10
2.45231e-10
2.28322e-10
2.25582e-10
2.13602e-10
2.45857e-10
2.2989e-10
2.30101e-10
2.17335e-10
2.32074e-10
2.60466e-10
2.39431e-10
2.07857e-10
2.30837e-10
2.36939e-10
2.42497e-10
2.4437e-10
2.35622e-10
2.5123e-10
2.49405e-10
2.15455e-10
2.24984e-10
2.2347e-10
2.36431e-10
1.99273e-10
2.42587e-10
2.23331e-10
1.92974e-10
2.5757e-10
2.44543e-10
2.54939e-10
2.45833e-10
2.17392e-10
2.24839e-10
2.15441e-10
2.38257e-10
2.30543e-10
2.28804e-10
2.07967e-10
1.88511e-10
2.30319e-10
2.48376e-10
2.51352e-10
2.62672e-10
2.32339e-10
2.4009e-10
2.2507e-10
2.2925e-10
1.88382e-10
1.85928e-10
2.2789e-10
2.2734e-10
2.24226e-10
2.07196e-10
2.28401e-10
2.50241e-10
2.43954e-10
1.62351e-10
2.23545e-10
2.16171e-10
2.631e-10
1.725e-10
2.43429e-10
1.41254e-10
2.49187e-10
1.46776e-10
2.43488e-10
2.65201e-10
2.19331e-10
2.46718e-10
2.21896e-10
2.00303e-10
2.38229e-10
2.14131e-10
2.07808e-10
2.53415e-10
2.69942e-10
2.27829e-10
1.70733e-10
2.38589e-10
2.33353e-10
2.47046e-10
2.35885e-10
2.19368e-10
2.36141e-10
2.28451e-10
2.25167e-10
2.09085e-10
2.14506e-10
1.78569e-10
2.24791e-10
2.64883e-10
1.89161e-10
2.41684e-10
2.36038e-10
1.87412e-10
2.397e-10
1.87172e-10
1.85872e-10
2.44962e-10
2.47471e-10
2.21284e-10
1.96272e-10
2.38262e-10
2.37947e-10
2.19041e-10
2.21874e-10
2.19853e-10
2.45404e-10
2.30292e-10
2.30888e-10
2.14248e-10
2.15038e-10
2.33076e-10
2.29541e-10
2.281e-10
2.42495e-10
1.97559e-10
1.73245e-10
2.5404e-10
2.43096e-10
2.53706e-10
2.22738e-10
2.53976e-10
2.17435e-10
2.4959e-10
2.39753e-10
1.98676e-10
2.28417e-10
2.46163e-10
2.37592e-10
2.56122e-10
2.25146e-10
2.26854e-10
2.22027e-10
2.21658e-10
1.91615e-10
2.32958e-10
2.48229e-10
2.40284e-10
2.80679e-10
2.39706e-10
2.54507e-10
2.29143e-10
1.76377e-10
1.78845e-10
1.99547e-10
2.29777e-10
2.04408e-10
2.25046e-10
2.24913e-10
2.34208e-10
2.37918e-10
2.18723e-10
2.26057e-10
2.20361e-10
2.52049e-10
2.2483e-10
1.89013e-10
2.32068e-10
1.78122e-10
2.27859e-10
2.30116e-10
1.78815e-10
2.25741e-10
2.32587e-10
2.03686e-10
2.26333e-10
2.36186e-10
2.05478e-10
1.91372e-10
2.30256e-10
2.57336e-10
2.27829e-10
2.51402e-10
2.34266e-10
2.24074e-10
1.97521e-10
2.38825e-10
2.2302e-10
2.20881e-10
2.37475e-10
1.83627e-10
2.46209e-10
2.26861e-10
1.74499e-10
2.5287e-10
2.315e-10
2.78717e-10
2.29587e-10
2.29078e-10
2.4771e-10
2.31761e-10
2.33579e-10
2.19084e-10
2.37112e-10
2.3734e-10
2.28116e-10
2.25046e-10
2.14512e-10
1.45644e-10
2.02938e-10
2.39741e-10
2.45962e-10
2.66492e-10
2.40781e-10
2.20001e-10
1.41982e-10
2.32008e-10
2.06499e-10
2.63127e-10
2.44811e-10
2.74232e-10
2.39159e-10
2.45299e-10
2.24575e-10
2.34809e-10
1.75461e-10
2.34304e-10
1.3932e-10
2.33804e-10
1.79052e-10
2.2472e-10
2.34453e-10
2.41925e-10
2.08932e-10
2.35819e-10
1.89214e-10
2.23891e-10
2.41168e-10
1.97808e-10
1.9311e-10
1.64041e-10
2.29738e-10
1.94526e-10
2.30623e-10
2.51414e-10
1.395e-10
2.59567e-10
2.33705e-10
2.14646e-10
1.99955e-10
1.70494e-10
2.46102e-10
2.62911e-10
2.3141e-10
2.23829e-10
2.02421e-10
2.29944e-10
2.21909e-10
2.15531e-10
2.49247e-10
2.45233e-10
2.31432e-10
1.89045e-10
1.47085e-10
2.0718e-10
1.73222e-10
2.01433e-10
2.34998e-10
2.37706e-10
1.655e-10
2.05122e-10
1.97254e-10
1.95702e-10
2.39817e-10
2.16045e-10
1.66329e-10
2.19441e-10
2.1591e-10
2.31532e-10
2.31312e-10
1.85104e-10
8.7455e-11
2.405e-10
2.49946e-10
2.6499e-10
2.04877e-10
1.55562e-10
1.94863e-10
2.18598e-10
2.1601e-10
2.1415e-10
2.39919e-10
2.44678e-10
2.01135e-10
2.13105e-10
2.5352e-10
2.29784e-10
2.31842e-10
2.09521e-10
2.5454e-10
2.42208e-10
2.33383e-10
2.25996e-10
1.85566e-10
2.3369e-10
2.20769e-10
2.1913e-10
2.48834e-10
2.21247e-10
1.96866e-10
2.16171e-10
2.18696e-10
2.39705e-10
2.06067e-10
2.32325e-10
2.43318e-10
2.51895e-10
1.96725e-10
2.26579e-10
1.34491e-10
1.36358e-10
2.1824e-10
1.89761e-10
2.32467e-10
2.39894e-10
2.25259e-10
2.22884e-10
2.35908e-10
2.11643e-10
1.6446e-10
2.26322e-10
2.19413e-10
2.48885e-10
2.16937e-10
2.24351e-10
2.39891e-10
2.0576e-10
1.81301e-10
2.32788e-10
2.36935e-10
2.06459e-10
2.26631e-10
2.383e-10
2.15255e-10
2.1429e-10
2.34599e-10
2.4705e-10
1.94741e-10
1.65243e-10
2.29825e-10
2.36274e-10
2.43572e-10
2.20237e-10
2.23802e-10
2.56538e-10
2.34106e-10
1.92679e-10
2.26319e-10
2.09198e-10
2.32921e-10
2.3259e-10
2.06391e-10
2.49788e-10
2.0119e-10
2.36768e-10
2.14499e-10
2.22459e-10
2.36648e-10
2.03575e-10
2.16065e-10
2.3587e-10
2.03481e-10
2.75227e-10
1.77513e-10
2.19703e-10
2.37908e-10
1.96438e-10
2.41517e-10
2.12414e-10
2.44795e-10
2.06374e-10
2.35945e-10
2.19979e-10
2.5549e-10
2.38381e-10
2.25149e-10
2.51848e-10
2.30678e-10
2.61764e-10
2.43221e-10
2.46982e-10
2.25023e-10
2.16646e-10
2.39074e-10
2.15268e-10
1.95683e-10
2.3689e-10
2.35792e-10
2.41604e-10
2.14922e-10
2.12603e-10
2.31471e-10
2.21289e-10
2.36073e-10
1.98331e-10
2.50304e-10
2.51421e-10
2.34505e-10
2.34608e-10
2.28276e-10
1.12741e-10
2.51217e-10
2.08363e-10
2.3513e-10
2.45844e-10
2.10187e-10
2.0967e-10
2.42469e-10
2.10256e-10
2.0872e-10
2.58645e-10
2.16842e-10
2.45918e-10
1.67043e-10
2.26067e-10
2.56871e-10
2.55735e-10
2.28767e-10
2.41041e-10
1.94616e-10
2.15392e-10
2.22109e-10
2.25484e-10
2.38599e-10
2.5001e-10
2.56014e-10
2.60594e-10
2.60382e-10
2.40705e-10
2.30188e-10
2.31533e-10
1.8523e-10
1.99809e-10
1.97251e-10
2.61752e-10
2.49759e-10
2.36964e-10
2.29418e-10
2.2626e-10
2.06029e-10
2.11436e-10
2.57437e-10
2.5015e-10
2.0577e-10
2.23908e-10
2.26256e-10
1.37133e-10
2.52821e-10
2.01996e-10
2.176e-10
2.4839e-10
2.36758e-10
2.38108e-10
1.97695e-10
2.27132e-10
2.30398e-10
2.66723e-10
2.33765e-10
2.43231e-10
2.3692e-10
2.29933e-10
2.09344e-10
2.29179e-10
2.28606e-10
2.52527e-10
2.20066e-10
2.55955e-10
2.50218e-10
2.22499e-10
2.25594e-10
2.32351e-10
2.23838e-10
2.18057e-10
2.22961e-10
2.67043e-10
2.2e-10
1.79702e-10
2.54684e-10
2.50319e-10
2.09223e-10
1.46711e-10
2.5849e-10
2.50805e-10
2.36097e-10
2.44643e-10
2.02442e-10
8.14587e-11
1.86688e-10
2.26398e-10
2.4365e-10
2.19986e-10
2.38329e-10
2.38789e-10
2.22077e-10
1.69396e-10
2.24592e-10
2.32921e-10
2.47311e-10
2.33501e-10
2.15139e-10
2.58693e-10
2.54333e-10
3.80993e-11
2.26197e-10
2.49645e-10
2.26617e-10
2.73827e-10
1.8211e-10
2.07002e-10
2.36589e-10
2.29641e-10
2.17421e-10
1.54498e-10
2.39711e-10
2.26108e-10
2.54983e-10
2.30818e-10
2.32529e-10
2.2732e-10
2.31216e-10
1.93834e-10
2.28559e-10
2.49584e-10
1.96866e-10
2.21036e-10
2.12427e-10
1.9913e-10
1.90318e-10
2.36461e-10
2.21927e-10
2.72274e-10
2.32444e-10
2.3292e-10
2.22913e-10
2.46249e-10
2.45403e-10
2.23317e-10
2.49722e-10
2.3943e-10
2.33845e-10
2.14564e-10
2.03737e-10
2.38223e-10
2.31651e-10
2.18762e-10
2.39136e-10
2.42693e-10
2.32444e-10
2.51051e-10
2.32219e-10
2.25487e-10
2.08969e-10
2.32344e-10
2.30801e-10
2.5436e-10
2.30815e-10
1.59842e-10
2.4406e-10
1.99438e-10
2.20685e-10
2.18587e-10
2.52558e-10
2.41752e-10
1.59e-10
2.19432e-10
2.40751e-10
2.02217e-10
1.88493e-10
2.13247e-10
1.34767e-10
2.66184e-10
1.56e-10
2.4334e-10
2.26718e-10
2.42932e-10
2.42167e-10
2.41578e-10
2.29739e-10
2.51862e-10
2.3043e-10
2.2383e-10
2.04387e-10
2.20463e-10
1.99993e-10
2.0037e-10
2.55312e-10
2.02915e-10
2.40807e-10
2.36202e-10
2.51783e-10
2.11037e-10
2.54494e-10
2.17563e-10
2.40004e-10
2.54966e-10
2.38448e-10
2.34085e-10
2.21725e-10
2.25453e-10
2.20118e-10
2.4791e-10
1.26999e-10
2.75975e-10
2.40558e-10
2.33779e-10
2.08365e-10
2.37558e-10
2.08291e-10
2.46308e-10
2.2637e-10
2.16049e-10
2.50551e-10
2.4226e-10
2.50717e-10
2.28861e-10
1.59587e-10
2.54617e-10
2.45776e-10
2.40609e-10
2.10171e-10
2.36949e-10
2.12317e-10
2.16941e-10
2.31311e-10
2.47057e-10
2.60732e-10
2.64814e-10
2.45817e-10
1.73331e-10
1.91536e-10
1.80301e-10
2.25225e-10
2.44149e-10
1.49283e-10
2.38247e-10
2.21913e-10
2.52966e-10
2.12676e-10
2.23157e-10
2.0212e-10
2.46379e-10
1.94137e-10
2.11448e-10
2.36661e-10
2.33251e-10
1.98377e-10
2.0672e-10
2.27547e-10
2.08653e-10
2.0287e-10
2.49522e-10
2.36298e-10
2.353e-10
2.5961e-10
2.44176e-10
2.32284e-10
2.10033e-10
2.38657e-10
2.60586e-10
2.17956e-10
2.42664e-10
2.1093e-10
2.04022e-10
1.8865e-10
1.75769e-10
1.82233e-10
2.09752e-10
2.2075e-10
2.34368e-10
2.20142e-10
2.40689e-10
2.38773e-10
2.47918e-10
1.96177e-10
2.44208e-10
2.53851e-10
2.0404e-10
1.91256e-10
2.1053e-10
1.72019e-10
2.38105e-10
2.63526e-10
2.53335e-10
2.43672e-10
2.27934e-10
1.94644e-10
1.86962e-10
2.39687e-10
1.90406e-10
2.26605e-10
2.55921e-10
2.3858e-10
2.23866e-10
2.376e-10
2.1464e-10
2.26674e-10
2.22521e-10
1.43019e-10
2.40721e-10
2.6294e-10
2.41179e-10
2.31667e-10
1.88091e-10
2.35998e-10
1.68998e-10
2.46701e-10
2.42966e-10
2.556e-10
2.48122e-10
2.29016e-10
2.38369e-10
2.46308e-10
2.50032e-10
2.19587e-10
2.63204e-10
2.15758e-10
1.99874e-10
1.80737e-10
1.90771e-10
2.18861e-10
2.25151e-10
2.46244e-10
1.78502e-10
1.83322e-10
1.93193e-10
2.32301e-10
2.50899e-10
2.38005e-10
2.49584e-10
2.27676e-10
2.16269e-10
2.32444e-10
2.49945e-10
2.30245e-10
2.13583e-10
2.03733e-10
2.15459e-10
2.40723e-10
2.42905e-10
2.21913e-10
2.55088e-10
2.3267e-10
2.36685e-10
2.18267e-10
2.32806e-10
2.21588e-10
1.85253e-10
2.45807e-10
2.26383e-10
2.25652e-10
2.38844e-10
2.21403e-10
2.34309e-10
2.44737e-10
2.72214e-10
2.22799e-10
1.51798e-10
2.15179e-10
2.13435e-10
2.14428e-10
2.2181e-10
2.22293e-10
2.53167e-10
2.57993e-10
2.40923e-10
2.31961e-10
2.1087e-10
2.24348e-10
2.30099e-10
2.37489e-10
2.68636e-10
2.02538e-10
2.25279e-10
2.59169e-10
2.3757e-10
2.44652e-10
2.41318e-10
2.37208e-10
2.76876e-10
2.12186e-10
2.33981e-10
2.22113e-10
2.03237e-10
1.82981e-10
1.39013e-10
2.37712e-10
2.4757e-10
1.83322e-10
2.27157e-10
2.25301e-10
2.25944e-10
2.16104e-10
2.61134e-10
2.08291e-10
2.31754e-10
2.32949e-10
1.33442e-10
2.04661e-10
2.22689e-10
2.19304e-10
2.07427e-10
1.91063e-10
2.59352e-10
2.50218e-10
2.20792e-10
2.20528e-10
2.26723e-10
2.57272e-10
2.2401e-10
2.24854e-10
2.6926e-10
2.39259e-10
2.18303e-10
2.19887e-10
2.61726e-10
2.04427e-10
2.58627e-10
2.44446e-10
2.45543e-10
2.58277e-10
2.54562e-10
2.36854e-10
2.2683e-10
2.36965e-10
2.59872e-10
2.61793e-10
2.67019e-10
2.34536e-10
2.36208e-10
2.30736e-10
1.73691e-10
2.03578e-10
2.24898e-10
2.21791e-10
1.89528e-10
2.0687e-10
2.07272e-10
1.77013e-10
1.96574e-10
1.95535e-10
2.24568e-10
2.11076e-10
2.67917e-10
2.34898e-10
2.29028e-10
2.33412e-10
1.98742e-10
1.90638e-10
1.88046e-10
2.23757e-10
2.45442e-10
2.19134e-10
1.96003e-10
2.10213e-10
1.89612e-10
2.07255e-10
2.2176e-10
2.59544e-10
2.21891e-10
1.92417e-10
1.86379e-10
2.2997e-10
2.33282e-10
1.94855e-10
2.27174e-10
2.37301e-10
1.82513e-10
2.07196e-10
1.86832e-10
2.48849e-10
2.3684e-10
2.42094e-10
2.33943e-10
2.35835e-10
2.53066e-10
1.86547e-10
2.37525e-10
2.38394e-10
2.2589e-10
2.0771e-10
1.59576e-10
1.70803e-10
2.52433e-10
2.17221e-10
2.21021e-10
2.06135e-10
2.1219e-10
1.80098e-10
2.17713e-10
2.01825e-10
2.60341e-10
2.3497e-10
2.39018e-10
2.57821e-10
2.1329e-10
1.47579e-10
2.15479e-10
2.13946e-10
2.16539e-10
2.35979e-10
2.14755e-10
1.80603e-10
2.10436e-10
2.37591e-10
1.80923e-10
2.59087e-10
2.6269e-10
2.03351e-10
2.25192e-10
1.99951e-10
1.8075e-10
2.32065e-10
2.15544e-10
2.56011e-10
2.60253e-10
2.08669e-10
2.3751e-10
2.23937e-10
1.73121e-10
2.177e-10
1.93001e-10
2.59732e-10
2.58937e-10
2.21509e-10
1.84526e-10
2.27003e-10
1.23149e-10
1.95231e-10
2.32519e-10
2.2758e-10
2.27339e-10
1.78679e-10
1.81029e-10
2.32674e-10
2.46972e-10
2.25154e-10
2.06725e-10
2.16085e-10
2.58436e-10
2.54094e-10
2.07746e-10
2.49514e-10
1.83893e-10
2.1542e-10
2.00809e-10
2.40437e-10
2.36964e-10
2.17127e-10
2.39258e-10
2.02432e-10
2.21376e-10
1.12889e-10
2.25203e-10
2.40313e-10
2.70753e-10
2.4146e-10
2.28967e-10
2.11212e-10
2.25487e-10
2.39568e-10
2.29866e-10
2.40114e-10
2.68502e-10
2.14444e-10
2.34705e-10
2.36244e-10
2.49045e-10
2.09345e-10
2.00845e-10
2.6954e-10
2.38408e-10
2.41796e-10
2.31397e-10
1.9039e-10
2.23673e-10
2.06898e-10
1.90965e-10
2.17129e-10
2.34193e-10
2.19427e-10
2.03822e-10
1.95526e-10
2.24136e-10
1.5662e-10
2.04597e-10
2.53124e-10
2.43335e-10
2.48022e-10
2.13611e-10
2.21371e-10
2.44624e-10
1.9686e-10
2.44045e-10
2.14205e-10
2.40636e-10
2.06201e-10
2.40952e-10
2.38103e-10
2.00752e-10
2.38706e-10
2.07678e-10
2.42617e-10
2.4296e-10
2.37302e-10
2.34496e-10
1.92927e-10
2.30478e-10
1.97114e-10
1.73204e-10
2.23437e-10
2.32142e-10
2.54977e-10
2.5663e-10
2.31272e-10
2.13644e-10
1.95665e-10
2.05493e-10
2.14788e-10
2.5635e-10
2.32688e-10
1.85832e-10
2.19876e-10
2.02227e-10
2.07045e-10
2.25922e-10
2.46708e-10
1.41223e-10
2.37891e-10
2.33986e-10
2.07172e-10
1.8877e-10
2.23107e-10
2.21443e-10
2.54278e-10
2.33809e-10
2.36398e-10
2.13218e-10
2.44197e-10
2.20781e-10
2.26336e-10
2.39783e-10
1.83383e-10
2.27508e-10
2.43706e-10
2.19724e-10
2.25837e-10
2.51374e-10
2.33795e-10
2.22936e-10
2.11389e-10
2.31884e-10
2.31796e-10
2.08404e-10
2.39895e-10
2.16219e-10
2.19744e-10
2.1224e-10
2.01275e-10
2.52082e-10
2.04877e-10
2.33694e-10
1.89249e-10
2.36138e-10
2.22663e-10
2.10915e-10
2.37029e-10
2.13451e-10
2.08594e-10
2.37789e-10
2.08624e-10
2.21268e-10
2.44731e-10
2.2335e-10
1.91761e-10
2.40111e-10
2.2259e-10
1.95512e-10
2.41084e-10
2.19865e-10
1.74697e-10
2.24957e-10
2.52036e-10
2.51876e-10
2.51073e-10
2.08987e-10
1.93396e-10
2.28425e-10
2.11438e-10
2.27042e-10
2.60529e-10
2.21153e-10
2.47377e-10
2.17247e-10
2.38244e-10
2.18833e-10
2.20074e-10
2.40966e-10
2.62477e-10
2.23841e-10
2.40238e-10
2.34635e-10
2.11605e-10
1.965e-10
1.63703e-10
2.01658e-10
1.78725e-10
2.49269e-10
2.51021e-10
2.37878e-10
1.80419e-10
2.34697e-10
2.40221e-10
1.89857e-10
2.06205e-10
2.34734e-10
2.5482e-10
2.27896e-10
1.85223e-10
2.03692e-10
2.35943e-10
2.48893e-10
2.26844e-10
2.59855e-10
2.1237e-10
2.22951e-10
2.39612e-10
2.05829e-10
2.25904e-10
2.3585e-10
2.18225e-10
2.52406e-10
2.15657e-10
2.22704e-10
2.20953e-10
2.36505e-10
2.32933e-10
2.17972e-10
1.96573e-10
2.13369e-10
2.06286e-10
1.75667e-10
2.20406e-10
2.11917e-10
2.33376e-10
2.48777e-10
2.00798e-10
2.55793e-10
2.17729e-10
2.37226e-10
1.9207e-10
1.65544e-10
1.72065e-10
2.27263e-10
2.30371e-10
1.83293e-10
2.42898e-10
2.21753e-10
2.38608e-10
2.13354e-10
2.25721e-10
2.53081e-10
2.66081e-10
2.29468e-10
2.32769e-10
2.05671e-10
2.29875e-10
1.76269e-10
1.70599e-10
2.43783e-10
2.29432e-10
2.53236e-10
2.25138e-10
2.3069e-10
2.29843e-10
2.42529e-10
2.5445e-10
2.02369e-10
2.34052e-10
2.52647e-10
1.83027e-10
1.67793e-10
2.3648e-10
1.80052e-10
1.55153e-10
2.46803e-10
2.17331e-10
2.61856e-10
2.37537e-10
2.42829e-10
2.02461e-10
1.97221e-10
2.37666e-10
2.3781e-10
1.48218e-10
2.32975e-10
2.42259e-10
1.79553e-10
2.19864e-10
2.33167e-10
2.35952e-10
2.28043e-10
1.86502e-10
2.50618e-10
2.26882e-10
2.5287e-10
2.31102e-10
1.96079e-10
2.34294e-10
2.21508e-10
2.05796e-10
2.515e-10
2.39045e-10
2.29222e-10
2.33622e-10
2.11664e-10
2.14877e-10
2.14872e-10
2.23475e-10
2.51265e-10
2.34517e-10
2.08182e-10
2.24029e-10
2.22979e-10
2.51505e-10
2.35634e-10
1.9287e-10
2.27907e-10
2.16553e-10
2.25353e-10
1.63634e-10
2.53592e-10
1.67507e-10
2.0454e-10
2.26092e-10
2.42988e-10
2.30859e-10
2.42465e-10
2.31843e-10
2.42269e-10
2.25827e-10
2.03893e-10
2.18248e-10
2.63843e-10
2.38639e-10
2.3032e-10
2.05493e-10
2.35346e-10
2.45472e-10
2.16658e-10
2.39391e-10
2.5372e-10
2.19675e-10
2.31375e-10
2.32356e-10
2.54429e-10
1.03708e-10
2.51118e-10
2.67417e-10
2.67042e-10
1.86792e-10
1.85561e-10
2.10619e-10
2.29932e-10
2.33706e-10
2.31399e-10
2.49454e-10
2.05219e-10
2.36984e-10
2.17719e-10
1.99489e-10
2.34568e-10
5.14607e-11
2.30949e-10
2.27741e-10
2.5569e-10
2.13494e-10
2.51623e-10
2.44528e-10
2.33515e-10
2.28827e-10
2.36175e-10
2.37215e-10
2.16383e-10
2.2028e-10
2.16565e-10
1.66017e-10
1.73639e-10
2.37809e-10
2.4345e-10
2.33516e-10
2.49995e-10
2.54257e-10
2.39601e-10
2.38448e-10
2.54216e-10
2.38209e-10
1.97075e-10
2.25798e-10
2.43225e-10
2.31818e-10
2.40625e-10
2.08982e-10
2.38894e-10
2.17335e-10
2.20301e-10
2.48925e-10
2.56721e-10
2.29706e-10
2.00147e-10
2.56492e-10
2.29277e-10
2.26804e-10
1.89671e-10
2.77706e-10
1.97471e-10
2.29825e-10
2.30504e-10
2.37735e-10
1.88555e-10
2.32395e-10
2.33974e-10
2.17032e-10
2.35689e-10
2.2553e-10
2.37919e-10
2.24884e-10
2.30125e-10
2.4603e-10
2.41015e-10
2.20865e-10
2.57731e-10
2.53658e-10
2.40367e-10
1.86819e-10
2.08765e-10
2.52155e-10
2.40293e-10
2.53927e-10
1.76154e-10
1.675e-10
1.87658e-10
1.64299e-10
2.05582e-10
2.39367e-10
2.1609e-10
2.46426e-10
2.5542e-10
2.43425e-10
2.3893e-10
2.34437e-10
2.29275e-10
1.91072e-10
2.29994e-10
2.42647e-10
2.71616e-10
2.1601e-10
1.969e-10
2.38811e-10
2.27357e-10
2.25528e-10
1.96453e-10
2.22719e-10
2.6962e-10
2.15034e-10
1.99636e-10
2.23069e-10
2.38416e-10
2.5672e-10
2.50701e-10
1.98967e-10
1.89736e-10
1.91684e-10
2.32693e-10
1.87594e-10
1.86869e-10
1.84341e-10
2.26019e-10
2.61195e-10
2.28603e-10
2.21434e-10
2.38666e-10
2.02312e-10
2.36944e-10
2.49004e-10
2.01558e-10
2.03611e-10
2.38579e-10
2.44405e-10
2.21062e-10
2.56033e-10
2.27148e-10
2.37095e-10
2.12242e-10
2.16418e-10
2.58717e-10
1.66e-10
2.30933e-10
8.78922e-11
2.23168e-10
2.04965e-10
2.24173e-10
2.05148e-10
2.16159e-10
1.94295e-10
2.46287e-10
2.04632e-10
2.33077e-10
2.17784e-10
2.44453e-10
2.57679e-10
1.87336e-10
2.51036e-10
1.93311e-10
2.03189e-10
2.47685e-10
2.30138e-10
2.58948e-10
2.17775e-10
1.95685e-10
2.38329e-10
2.10409e-10
2.32192e-10
1.9979e-10
2.34673e-10
2.16527e-10
2.50841e-10
2.13792e-10
2.13779e-10
2.07256e-10
2.30255e-10
2.2752e-10
2.51475e-10
2.27056e-10
2.13217e-10
2.41924e-10
2.41992e-10
1.89231e-10
2.0713e-10
2.36067e-10
2.17778e-10
2.21012e-10
2.36955e-10
2.47629e-10
1.93122e-10
1.86064e-10
2.23468e-10
2.314e-10
2.16226e-10
2.18754e-10
2.24803e-10
2.37025e-10
2.34128e-10
2.26924e-10
2.28858e-10
2.26531e-10
2.09768e-10
2.41411e-10
2.06134e-10
2.1329e-10
2.47017e-10
1.55598e-10
2.3571e-10
2.2926e-10
1.69477e-10
2.24055e-10
2.14227e-10
1.90093e-10
1.575e-10
1.85749e-10
2.14476e-10
2.36419e-10
2.11982e-10
2.12599e-10
2.18876e-10
2.73514e-10
2.00098e-10
2.32069e-10
2.01807e-10
2.07522e-10
2.22241e-10
2.13765e-10
2.19445e-10
2.45949e-10
2.46613e-10
2.34678e-10
1.53171e-10
1.71269e-10
2.2419e-10
2.0441e-10
2.46008e-10
2.79209e-10
2.41796e-10
1.85671e-10
2.19735e-10
2.60487e-10
2.37019e-10
2.29089e-10
2.47043e-10
2.6418e-10
2.41014e-10
2.0549e-10
2.27891e-10
2.1732e-10
2.27284e-10
2.23697e-10
2.50178e-10
2.402e-10
2.16601e-10
2.05435e-10
1.81978e-10
1.9048e-10
2.44604e-10
2.29456e-10
2.31287e-10
2.36769e-10
2.18313e-10
2.20703e-10
2.46268e-10
2.06116e-10
2.38169e-10
2.25684e-10
2.32971e-10
2.64622e-10
2.28323e-10
2.20506e-10
2.39875e-10
2.51919e-10
2.14462e-10
2.17021e-10
2.54857e-10
2.66955e-10
2.21019e-10
2.36735e-10
1.52829e-10
2.07619e-10
2.47087e-10
2.3169e-10
2.38837e-10
2.72295e-10
1.91496e-10
2.17034e-10
2.29504e-10
1.97146e-10
2.43964e-10
2.15747e-10
2.08964e-10
2.26907e-10
2.01578e-10
2.33217e-10
2.44009e-10
2.04203e-10
1.943e-10
2.52977e-10
1.06554e-10
2.41733e-10
2.16937e-10
2.17216e-10
2.30263e-10
2.41803e-10
1.36505e-10
2.4549e-10
2.18589e-10
2.59264e-10
2.28064e-10
2.26493e-10
2.32355e-10
1.97001e-10
2.25068e-10
1.63291e-10
2.44365e-10
2.71302e-10
2.3749e-10
1.69855e-10
2.29798e-10
2.30647e-10
2.35936e-10
2.41664e-10
2.66464e-10
2.1393e-10
2.24422e-10
2.12782e-10
2.14077e-10
1.92463e-10
1.74165e-10
2.3295e-10
2.49815e-10
2.59931e-10
1.86547e-10
2.06374e-10
2.45801e-10
1.80322e-10
2.42268e-10
2.17399e-10
2.48692e-10
2.54845e-10
2.33128e-10
2.3839e-10
2.34651e-10
2.24529e-10
2.22644e-10
2.38541e-10
2.28388e-10
2.58583e-10
2.33864e-10
2.40977e-10
1.88985e-10
2.30297e-10
2.15313e-10
2.26756e-10
2.38054e-10
2.44521e-10
2.42852e-10
1.94578e-10
1.97572e-10
2.23745e-10
2.44099e-10
1.88703e-10
2.25777e-10
2.53832e-10
2.54339e-10
2.13259e-10
2.34817e-10
2.11377e-10
2.30206e-10
2.24985e-10
2.5156e-10
2.60625e-10
2.47871e-10
2.47925e-10
1.21666e-10
2.017e-10
2.25576e-10
2.1049e-10
2.24256e-10
2.5758e-10
2.44004e-10
2.13844e-10
2.01058e-10
1.83179e-10
1.96426e-10
2.11964e-10
2.60024e-10
2.59179e-10
2.21095e-10
2.26106e-10
2.20386e-10
1.8226e-10
2.26035e-10
2.41789e-10
1.95753e-10
2.55936e-10
2.34333e-10
2.33223e-10
2.1327e-10
2.23935e-10
2.13715e-10
1.9672e-10
2.45139e-10
2.40785e-10
2.58115e-10
2.0246e-10
2.35572e-10
2.44657e-10
1.99956e-10
2.36131e-10
2.36372e-10
2.45653e-10
2.24954e-10
2.16939e-10
2.47911e-10
2.23446e-10
2.17149e-10
1.40792e-10
2.5666e-10
2.52288e-10
2.41422e-10
2.42928e-10
2.30623e-10
2.36622e-10
2.40073e-10
1.78228e-10
2.5026e-10
2.65624e-10
2.23579e-10
1.99444e-10
1.89434e-10
2.28427e-10
2.39848e-10
2.41178e-10
2.14497e-10
2.48412e-10
2.08669e-10
2.26763e-10
2.13258e-10
2.49072e-10
2.32421e-10
2.4083e-10
2.55075e-10
2.349e-10
1.96866e-10
1.97113e-10
2.30023e-10
2.3477e-10
2.16163e-10
2.16548e-10
2.53987e-10
2.60892e-10
2.4899e-10
1.78552e-10
2.51802e-10
2.44413e-10
2.36562e-10
2.6702e-10
2.41346e-10
2.23091e-10
2.12431e-10
2.15368e-10
1.61977e-10
2.41516e-10
1.7226e-10
2.19648e-10
2.13293e-10
2.40006e-10
1.79417e-10
1.65834e-10
1.83642e-10
2.11165e-10
2.34876e-10
1.75996e-10
2.16375e-10
2.82664e-10
2.2024e-10
2.19694e-10
1.86942e-10
7.93036e-11
1.95275e-10
2.21989e-10
2.02435e-10
2.27529e-10
2.37983e-10
2.19257e-10
2.38611e-10
2.20716e-10
2.57447e-10
1.5724e-10
1.81686e-10
2.03254e-10
1.92773e-10
2.27472e-10
2.08374e-10
2.14485e-10
2.4222e-10
2.4587e-10
2.01238e-10
2.51458e-10
2.04319e-10
1.9546e-10
2.10082e-10
1.96053e-10
2.3629e-10
2.40543e-10
2.28534e-10
2.41441e-10
2.40439e-10
2.026e-10
2.01284e-10
2.06938e-10
2.36065e-10
2.49516e-10
2.43702e-10
2.33198e-10
1.87034e-10
2.21528e-10
2.49369e-10
2.26175e-10
1.80842e-10
2.13503e-10
2.34302e-10
2.08777e-10
2.046e-10
1.87362e-10
1.99814e-10
2.36319e-10
2.10428e-10
2.41996e-10
2.3219e-10
2.67493e-10
2.51711e-10
2.26547e-10
2.1008e-10
2.01361e-10
2.59613e-10
2.43259e-10
2.23784e-10
2.68127e-10
2.44723e-10
1.82353e-10
2.42404e-10
1.75734e-10
2.26265e-10
2.06148e-10
2.52991e-10
2.21165e-10
2.15451e-10
2.11981e-10
2.24169e-10
2.24152e-10
1.98343e-10
2.19893e-10
1.89034e-10
2.34242e-10
2.37506e-10
2.61651e-10
2.27694e-10
2.16202e-10
2.32989e-10
2.42129e-10
2.41955e-10
2.57741e-10
2.02949e-10
2.06683e-10
2.09589e-10
2.17628e-10
2.57517e-10
2.3193e-10
2.21368e-10
2.30205e-10
2.255e-10
2.35336e-10
2.38129e-10
2.06582e-10
1.67718e-10
2.03986e-10
2.23686e-10
1.66905e-10
1.85005e-10
2.0171e-10
2.40942e-10
2.30224e-10
2.32446e-10
1.74837e-10
2.19767e-10
1.9852e-10
2.41894e-10
2.37729e-10
2.11517e-10
2.45967e-10
1.97989e-10
2.46256e-10
1.85726e-10
2.47689e-10
2.53271e-10
2.19555e-10
1.56374e-10
2.49369e-10
2.22925e-10
2.30537e-10
1.87483e-10
2.55936e-10
2.28451e-10
1.88711e-10
2.31178e-10
2.354e-10
1.8017e-10
2.26866e-10
1.99847e-10
2.66501e-10
2.09328e-10
2.44759e-10
2.32867e-10
2.32358e-10
2.22864e-10
2.43151e-10
1.96584e-10
2.46039e-10
2.21322e-10
2.4787e-10
2.31155e-10
1.83536e-10
2.26966e-10
2.02344e-10
2.20973e-10
2.71324e-10
2.12911e-10
2.32257e-10
2.50171e-10
2.12394e-10
1.98025e-10
1.71951e-10
2.03128e-10
2.31395e-10
2.36823e-10
1.95074e-10
2.10588e-10
1.81007e-10
1.96147e-10
2.52772e-10
2.26302e-10
2.29341e-10
2.20673e-10
1.98029e-10
1.68968e-10
1.78662e-10
1.62838e-10
2.42893e-10
2.08912e-10
2.46385e-10
2.23744e-10
2.17316e-10
2.26236e-10
1.98829e-10
2.18721e-10
2.36785e-10
2.19922e-10
2.47866e-10
2.47747e-10
1.47822e-10
2.3783e-10
2.14549e-10
2.4032e-10
1.44931e-10
2.06939e-10
2.21804e-10
1.735e-10
2.08302e-10
2.109e-10
2.42508e-10
2.3771e-10
2.44957e-10
2.00901e-10
2.6628e-10
2.35655e-10
2.25459e-10
2.24733e-10
1.98274e-10
1.97414e-10
1.76506e-10
2.42246e-10
2.04336e-10
2.45916e-10
1.79362e-10
2.55757e-10
1.78448e-10
2.11204e-10
2.33996e-10
2.26388e-10
2.55577e-10
2.33807e-10
2.28206e-10
2.55306e-10
2.40543e-10
2.52112e-10
2.34806e-10
2.51261e-10
2.57845e-10
2.14003e-10
1.59668e-10
2.36686e-10
2.41122e-10
2.27079e-10
2.41096e-10
2.46579e-10
2.61126e-10
2.13494e-10
2.29491e-10
2.35305e-10
2.41872e-10
1.97514e-10
2.09277e-10
2.28203e-10
2.49559e-10
2.28552e-10
2.23782e-10
1.81406e-10
2.05901e-10
1.83282e-10
2.17312e-10
2.38434e-10
2.35971e-10
2.48379e-10
2.33173e-10
2.33429e-10
1.74075e-10
2.39583e-10
2.37743e-10
2.06038e-10
1.70921e-10
2.00333e-10
2.43149e-10
2.48557e-10
1.84802e-10
2.41367e-10
2.11925e-10
2.34199e-10
2.33608e-10
1.95089e-10
1.88282e-10
1.98426e-10
1.98008e-10
2.39811e-10
1.91108e-10
1.91486e-10
2.36101e-10
2.44113e-10
2.27087e-10
2.09525e-10
2.18373e-10
2.1793e-10
2.17425e-10
2.20707e-10
2.3999e-10
2.13779e-10
2.26384e-10
2.46438e-10
2.12757e-10
2.44751e-10
2.38274e-10
2.48153e-10
1.83678e-10
2.26631e-10
2.42861e-10
2.01688e-10
2.18199e-10
2.42281e-10
1.79368e-10
2.28213e-10
2.03954e-10
2.37645e-10
2.17731e-10
2.34994e-10
2.01057e-10
2.26857e-10
2.51022e-10
2.1813e-10
2.49648e-10
2.35996e-10
2.261e-10
2.13224e-10
2.22702e-10
2.22103e-10
1.88672e-10
2.62466e-10
2.37582e-10
2.35113e-10
2.50031e-10
2.25474e-10
2.06203e-10
2.40403e-10
1.95595e-10
2.19633e-10
2.31642e-10
2.01358e-10
2.4322e-10
1.83433e-10
1.67617e-10
2.04408e-10
2.1705e-10
2.47219e-10
2.25343e-10
2.57505e-10
1.98821e-10
2.27561e-10
2.43942e-10
1.31554e-10
2.4295e-10
2.34491e-10
2.49618e-10
2.54838e-10
2.27963e-10
2.36123e-10
2.04221e-10
2.50418e-10
1.73863e-10
2.45234e-10
2.66047e-10
2.53684e-10
2.34189e-10
2.38517e-10
1.86108e-10
2.45545e-10
2.2438e-10
2.37144e-10
2.52398e-10
2.29297e-10
2.32216e-10
2.46782e-10
2.22525e-10
2.27796e-10
2.44934e-10
2.19866e-10
2.67537e-10
2.17684e-10
2.20498e-10
2.31526e-10
2.18395e-10
2.4079e-10
2.36415e-10
2.02164e-10
1.92905e-10
2.19634e-10
2.18184e-10
1.78524e-10
1.95969e-10
2.42236e-10
1.92172e-10
2.36598e-10
2.26563e-10
2.09964e-10
2.36077e-10
2.16456e-10
2.1409e-10
1.8966e-10
2.44244e-10
1.95548e-10
1.93807e-10
2.16259e-10
2.14871e-10
1.75526e-10
2.40439e-10
2.10751e-10
2.16856e-10
2.36968e-10
2.23213e-10
1.705e-10
2.33645e-10
2.45868e-10
1.77357e-10
2.11835e-10
2.1015e-10
2.29357e-10
2.33278e-10
1.97423e-10
2.40411e-10
2.08451e-10
1.93323e-10
8.37902e-11
2.22093e-10
2.46177e-10
2.1498e-10
2.43106e-10
2.40711e-10
2.35045e-10
1.80105e-10
2.34413e-10
2.18302e-10
2.30076e-10
2.32961e-10
1.8211e-10
2.25087e-10
2.23048e-10
1.46709e-10
2.40389e-10
2.2603e-10
2.48631e-10
2.56609e-10
2.47377e-10
2.49768e-10
2.52542e-10
2.05356e-10
2.47321e-10
1.57121e-10
2.37823e-10
2.36639e-10
2.15606e-10
2.17111e-10
2.21388e-10
2.38261e-10
2.31414e-10
2.49624e-10
2.36815e-10
2.58143e-10
2.42138e-10
2.40471e-10
1.77438e-10
2.34846e-10
2.45142e-10
2.26979e-10
1.80841e-10
2.48964e-10
2.2606e-10
1.96907e-10
2.03644e-10
1.94883e-10
2.33914e-10
2.01935e-10
2.28237e-10
2.18489e-10
2.23278e-10
2.27534e-10
2.26498e-10
2.32938e-10
1.87231e-10
2.33156e-10
2.09717e-10
2.7348e-10
2.14822e-10
2.48976e-10
2.36914e-10
2.16562e-10
2.12086e-10
2.58584e-10
1.86086e-10
1.93797e-10
2.046e-10
2.37856e-10
1.3101e-10
2.11442e-10
1.93025e-10
2.4744e-10
2.18026e-10
2.55165e-10
2.14225e-10
2.35494e-10
2.1717e-10
2.13215e-10
2.64678e-10
2.41349e-10
2.0756e-10
2.31138e-10
2.14225e-10
2.29377e-10
2.20863e-10
1.95168e-10
2.02166e-10
2.02705e-10
2.14602e-10
2.64767e-10
2.1606e-10
2.1675e-10
2.37608e-10
1.58334e-10
2.24775e-10
1.62209e-10
2.45786e-10
2.27081e-10
2.23446e-10
2.2435e-10
1.8721e-10
2.18735e-10
2.44101e-10
2.34395e-10
2.53543e-10
2.68994e-10
2.3186e-10
2.48499e-10
2.02522e-10
2.36505e-10
2.09709e-10
2.08132e-10
2.12765e-10
2.50231e-10
2.20712e-10
2.15562e-10
1.88504e-10
2.4325e-10
2.55393e-10
2.13021e-10
2.26577e-10
1.78981e-10
1.25e-10
2.35305e-10
2.0366e-10
1.44246e-10
2.17248e-10
2.19318e-10
2.05668e-10
2.2617e-10
2.09825e-10
2.32763e-10
2.47034e-10
1.93225e-10
2.27978e-10
2.68309e-10
2.47682e-10
2.6917e-10
2.33148e-10
2.56196e-10
2.53561e-10
1.95337e-10
2.23786e-10
2.15002e-10
2.19555e-10
2.48861e-10
2.52223e-10
1.88277e-10
1.9987e-10
2.11264e-10
2.18358e-10
2.33761e-10
2.27981e-10
2.24731e-10
1.90527e-10
2.27801e-10
1.54424e-10
2.36321e-10
2.18958e-10
1.75618e-10
2.52858e-10
2.33447e-10
2.33577e-10
1.84116e-10
1.77023e-10
2.31618e-10
2.20017e-10
1.86987e-10
2.42109e-10
2.5484e-10
2.06538e-10
2.05504e-10
1.97655e-10
1.65131e-10
1.3459e-10
2.26907e-10
2.12136e-10
2.11438e-10
2.32071e-10
2.47733e-10
1.98291e-10
2.35314e-10
1.97848e-10
2.2608e-10
1.92032e-10
1.12878e-10
2.46489e-10
2.2545e-10
2.02977e-10
2.02329e-10
2.64967e-10
2.18592e-10
2.37694e-10
2.22998e-10
2.40794e-10
2.3545e-10
2.24871e-10
2.30418e-10
2.32051e-10
1.95423e-10
2.21507e-10
2.52456e-10
2.47773e-10
2.03872e-10
2.39298e-10
2.35313e-10
2.32221e-10
1.95905e-10
2.17214e-10
2.22977e-10
2.36148e-10
2.60858e-10
2.1038e-10
2.22292e-10
2.31224e-10
2.30158e-10
2.45619e-10
2.46826e-10
2.3727e-10
2.37885e-10
2.43786e-10
2.07788e-10
2.30116e-10
2.41193e-10
2.16592e-10
2.23368e-10
2.23379e-10
1.95338e-10
2.52746e-10
2.55633e-10
2.34314e-10
2.30051e-10
2.22249e-10
2.2107e-10
2.51704e-10
1.92383e-10
1.76256e-10
2.52876e-10
2.22959e-10
2.1027e-10
2.18465e-10
2.45563e-10
2.30702e-10
2.50842e-10
1.36663e-10
2.41018e-10
2.43715e-10
2.22607e-10
2.03426e-10
2.44421e-10
2.29754e-10
2.39492e-10
2.39783e-10
1.75432e-10
2.48231e-10
2.34988e-10
2.33391e-10
2.32321e-10
2.33364e-10
2.10855e-10
2.41116e-10
1.95239e-10
2.36395e-10
2.1675e-10
2.54044e-10
2.58179e-10
2.36315e-10
2.25339e-10
1.99636e-10
2.45688e-10
2.16461e-10
2.2349e-10
2.02712e-10
2.22318e-10
2.27348e-10
2.39567e-10
1.94972e-10
2.39626e-10
2.03812e-10
2.45482e-10
1.93104e-10
1.91284e-10
2.03351e-10
2.57038e-10
2.33465e-10
1.86664e-10
2.2399e-10
2.16513e-10
2.5188e-10
2.68538e-10
2.3562e-10
2.21299e-10
2.18153e-10
2.46488e-10
2.22611e-10
2.42076e-10
2.07999e-10
2.1694e-10
2.35911e-10
2.43109e-10
2.26638e-10
2.24287e-10
2.47108e-10
2.29625e-10
2.1418e-10
2.46204e-10
2.39073e-10
2.40062e-10
2.29383e-10
2.34444e-10
1.52412e-10
2.35844e-10
2.19251e-10
2.65409e-10
2.35843e-10
1.68141e-10
2.34999e-10
2.01376e-10
2.24411e-10
2.35143e-10
2.13655e-10
2.44912e-10
1.85792e-10
1.87308e-10
2.11797e-10
1.81467e-10
2.40128e-10
2.44038e-10
2.47256e-10
2.76683e-10
2.41371e-10
2.29951e-10
2.16294e-10
1.86615e-10
2.48231e-10
2.21288e-10
2.16805e-10
2.41401e-10
1.99979e-10
2.36482e-10
2.04988e-10
2.24913e-10
2.49033e-10
2.16601e-10
2.10874e-10
2.50464e-10
2.36114e-10
2.33216e-10
2.34758e-10
2.36297e-10
2.25745e-10
2.04197e-10
1.77527e-10
2.60004e-10
2.45936e-10
2.42498e-10
2.16786e-10
2.23298e-10
2.24905e-10
9.32e-11
2.06277e-10
2.0888e-10
2.40103e-10
2.37574e-10
2.18343e-10
2.18099e-10
1.82819e-10
2.4959e-10
2.2019e-10
1.95108e-10
1.94295e-10
2.35152e-10
2.27207e-10
2.15452e-10
2.19635e-10
2.37728e-10
2.41214e-10
2.45375e-10
2.29273e-10
2.19866e-10
2.03914e-10
1.80833e-10
2.1073e-10
2.09413e-10
1.84789e-10
2.60215e-10
2.38418e-10
2.44879e-10
2.30697e-10
1.93753e-10
2.33664e-10
5.82592e-11
2.28101e-10
1.7527e-10
1.93465e-10
1.95635e-10
2.03743e-10
2.20753e-10
2.32293e-10
2.29786e-10
2.48853e-10
2.46417e-10
2.42723e-10
2.07111e-10
2.0481e-10
2.3628e-10
2.40553e-10
1.77398e-10
2.10485e-10
2.29806e-10
2.07752e-10
2.24716e-10
2.46742e-10
1.81951e-10
2.07281e-10
2.40393e-10
2.47788e-10
2.65551e-10
2.17454e-10
1.86727e-10
2.39755e-10
2.46508e-10
1.824e-10
2.51911e-10
2.27273e-10
2.71822e-10
2.06788e-10
2.03247e-10
2.38076e-10
2.145e-10
2.3351e-10
2.27199e-10
2.45218e-10
2.52964e-10
2.19919e-10
2.3114e-10
2.27849e-10
2.44553e-10
2.16991e-10
2.49733e-10
2.47993e-10
2.00163e-10
2.50908e-10
1.96294e-10
2.29849e-10
2.25699e-10
2.57316e-10
1.78201e-10
2.35597e-10
2.44778e-10
2.51148e-10
2.45056e-10
2.29404e-10
2.31779e-10
2.0359e-10
2.32553e-10
2.58979e-10
2.67846e-10
2.45557e-10
2.39824e-10
2.43259e-10
2.54359e-10
1.8877e-10
2.47578e-10
2.389e-10
2.5411e-10
2.36181e-10
2.24362e-10
2.30289e-10
2.13547e-10
2.52461e-10
2.29229e-10
2.32844e-10
2.33371e-10
2.39967e-10
2.32938e-10
1.74735e-10
2.21386e-10
2.17243e-10
2.30269e-10
2.50588e-10
2.37488e-10
2.19919e-10
1.94217e-10
1.97569e-10
1.77388e-10
2.51805e-10
2.41429e-10
2.09898e-10
1.88611e-10
2.35826e-10
2.44923e-10
2.39594e-10
1.85686e-10
2.05117e-10
2.16992e-10
1.81924e-10
1.84722e-10
2.54081e-10
2.36166e-10
2.38071e-10
2.31152e-10
2.05477e-10
2.51615e-10
2.17096e-10
2.26458e-10
2.4104e-10
2.46599e-10
2.24136e-10
2.259e-10
2.44589e-10
2.61627e-10
1.7562e-10
2.15311e-10
1.32e-10
1.84291e-10
2.34831e-10
2.45174e-10
2.34592e-10
2.40394e-10
2.39476e-10
2.525e-10
2.3763e-10
2.17806e-10
1.92939e-10
2.21861e-10
2.08513e-10
2.17671e-10
2.15431e-10
2.74593e-10
1.84183e-10
2.45962e-10
1.44914e-10
1.9248e-10
2.3282e-10
2.10064e-10
2.17092e-10
2.6116e-10
2.03151e-10
2.23596e-10
1.91888e-10
1.42893e-10
2.14083e-10
2.08682e-10
2.5025e-10
2.64744e-10
2.28729e-10
2.07766e-10
2.37824e-10
1.90584e-10
2.0778e-10
2.20371e-10
2.34102e-10
2.40256e-10
2.39609e-10
1.95021e-10
2.44587e-10
1.92144e-10
1.3628e-10
2.32678e-10
2.34029e-10
2.10842e-10
2.25943e-10
2.08609e-10
2.4402e-10
1.95069e-10
2.19237e-10
2.38319e-10
2.01282e-10
2.20367e-10
2.37286e-10
2.16805e-10
1.90051e-10
2.25551e-10
1.80412e-10
1.88238e-10
2.40913e-10
2.70014e-10
2.14715e-10
2.26859e-10
2.13532e-10
2.14778e-10
2.34836e-10
2.26606e-10
2.59513e-10
2.59668e-10
1.9783e-10
1.89384e-10
1.99358e-10
2.47243e-10
1.69078e-10
2.16447e-10
2.39251e-10
2.40628e-10
2.01468e-10
2.36581e-10
2.30079e-10
2.2467e-10
1.96535e-10
2.39013e-10
2.29857e-10
2.56009e-10
2.53813e-10
2.39985e-10
2.00156e-10
2.31551e-10
1.7416e-10
1.92401e-10
1.82939e-10
1.85641e-10
1.94456e-10
2.14676e-10
2.01567e-10
2.28709e-10
2.26033e-10
2.07957e-10
2.68604e-10
2.57368e-10
2.4754e-10
9.94489e-11
2.15863e-10
2.20513e-10
2.4268e-10
2.60858e-10
1.63414e-10
2.01564e-10
2.02744e-10
2.29213e-10
2.30779e-10
1.95014e-10
2.70242e-10
2.12384e-10
2.55551e-10
2.27348e-10
2.12001e-10
2.35637e-10
2.34082e-10
2.30141e-10
2.26027e-10
1.83267e-10
2.10532e-10
2.24819e-10
2.52782e-10
2.15177e-10
2.16926e-10
2.40774e-10
2.44206e-10
2.24196e-10
2.16751e-10
2.3954e-10
1.505e-10
2.02776e-10
2.32859e-10
2.26999e-10
1.68822e-10
2.22925e-10
2.04733e-10
2.73287e-10
2.2937e-10
2.12973e-10
2.22203e-10
1.68338e-10
2.03959e-10
2.23789e-10
2.42831e-10
2.09941e-10
2.41066e-10
2.29839e-10
1.93123e-10
2.38271e-10
2.19359e-10
2.37754e-10
2.0797e-10
2.59832e-10
2.49403e-10
2.11868e-10
1.85116e-10
2.2074e-10
2.37989e-10
1.99529e-10
2.36402e-10
2.53159e-10
2.12063e-10
2.41415e-10
1.92075e-10
1.81522e-10
1.55766e-10
2.21921e-10
2.41477e-10
2.35452e-10
2.44015e-10
2.40201e-10
1.91658e-10
2.05214e-10
2.48884e-10
2.30478e-10
7.78199e-11
2.51534e-10
2.05943e-10
2.05919e-10
2.47745e-10
2.22446e-10
2.13844e-10
2.24645e-10
2.38954e-10
9.02319e-11
2.30702e-10
1.94414e-10
1.86191e-10
2.44211e-10
2.37129e-10
2.4878e-10
2.32391e-10
2.28274e-10
2.33997e-10
2.50813e-10
2.41703e-10
2.27683e-10
2.1834e-10
2.47903e-10
2.40254e-10
2.48204e-10
2.40911e-10
2.06461e-10
1.97328e-10
2.1282e-10
1.79208e-10
2.17046e-10
1.58028e-10
1.53253e-10
2.34808e-10
2.2636e-10
2.53349e-10
2.15619e-10
2.50742e-10
2.08001e-10
2.58269e-10
2.489e-10
2.23379e-10
2.3127e-10
2.32335e-10
2.35157e-10
2.38519e-10
1.99678e-10
2.39362e-10
2.18988e-10
2.32341e-10
1.82884e-10
2.1609e-10
2.10523e-10
2.22678e-10
2.20604e-10
2.45068e-10
2.31964e-10
2.48431e-10
2.35319e-10
2.19815e-10
1.85635e-10
1.45467e-10
2.10155e-10
2.72118e-10
2.46527e-10
2.33207e-10
2.06775e-10
2.46128e-10
2.17248e-10
1.73891e-10
2.22514e-10
2.14923e-10
1.82545e-10
1.555e-10
2.00388e-10
1.99124e-10
2.13503e-10
1.90742e-10
2.38493e-10
2.48538e-10
2.36888e-10
2.19716e-10
2.41958e-10
2.00596e-10
1.77409e-10
2.18311e-10
2.17765e-10
2.74802e-10
2.36406e-10
1.94775e-10
1.73073e-10
2.38423e-10
2.39133e-10
2.26018e-10
2.30099e-10
2.67817e-10
1.56884e-10
2.06705e-10
2.48505e-10
2.33911e-10
1.7478e-10
2.12848e-10
2.14464e-10
2.41872e-10
2.10682e-10
2.36231e-10
2.16191e-10
2.38111e-10
2.44991e-10
2.50414e-10
2.32041e-10
2.13133e-10
2.47622e-10
2.27321e-10
2.00453e-10
2.14809e-10
2.38325e-10
2.32953e-10
2.24405e-10
2.42886e-10
2.70047e-10
1.8211e-10
2.57586e-10
2.10258e-10
2.12313e-10
2.59084e-10
2.33386e-10
2.11665e-10
2.35229e-10
2.0091e-10
1.98515e-10
1.86816e-10
2.19873e-10
2.53501e-10
2.47694e-10
2.24136e-10
2.11378e-10
2.16746e-10
2.37592e-10
2.49052e-10
2.2695e-10
1.88194e-10
1.9927e-10
2.65964e-10
2.64908e-10
2.06788e-10
2.09378e-10
2.36182e-10
2.00063e-10
2.18775e-10
1.96611e-10
1.87593e-10
2.1641e-10
2.24549e-10
2.60441e-10
2.32055e-10
2.11982e-10
2.36584e-10
2.25935e-10
2.31021e-10
2.3082e-10
2.33597e-10
2.39609e-10
2.30227e-10
2.2386e-10
2.23023e-10
2.24219e-10
2.29417e-10
2.82336e-10
2.43141e-10
2.34943e-10
2.20798e-10
2.21167e-10
2.38794e-10
2.31298e-10
2.42811e-10
2.28572e-10
2.13835e-10
2.12072e-10
2.41555e-10
1.7207e-10
2.09136e-10
2.31149e-10
2.17031e-10
2.41352e-10
2.4127e-10
2.33803e-10
2.11207e-10
2.37059e-10
2.45351e-10
2.12311e-10
2.65477e-10
2.38583e-10
2.54581e-10
2.35534e-10
2.25847e-10
2.46491e-10
1.97491e-10
2.0298e-10
2.54249e-10
2.61937e-10
2.3994e-10
2.2575e-10
2.29091e-10
1.77933e-10
2.09183e-10
1.8562e-10
1.68861e-10
2.58339e-10
1.79417e-10
2.18669e-10
2.22714e-10
1.05703e-10
2.24883e-10
2.14164e-10
2.47485e-10
2.12813e-10
2.27212e-10
2.37725e-10
2.26322e-10
2.44293e-10
2.25872e-10
2.35286e-10
2.75977e-10
2.28108e-10
2.35447e-10
2.06535e-10
2.31707e-10
2.49094e-10
1.98273e-10
2.33448e-10
2.6201e-10
2.74433e-10
2.10779e-10
2.17859e-10
2.11647e-10
2.15965e-10
2.50515e-10
1.4142e-10
1.6767e-10
2.3693e-10
2.54661e-10
1.88948e-10
2.25577e-10
2.62297e-10
1.807e-10
2.38845e-10
2.43808e-10
2.18851e-10
2.30904e-10
2.27471e-10
2.3225e-10
2.07797e-10
2.12351e-10
2.64321e-10
2.27587e-10
2.77797e-10
2.23579e-10
2.16548e-10
2.50384e-10
2.10721e-10
2.02172e-10
2.1251e-10
2.46982e-10
2.58739e-10
2.09183e-10
2.09716e-10
2.43657e-10
2.37515e-10
1.93762e-10
1.50322e-10
2.41961e-10
2.33991e-10
