3.5299e-10
3.48117e-10
3.39134e-10
3.67192e-10
3.55422e-10
3.61039e-10
3.20258e-10
3.75316e-10
3.43226e-10
3.8305e-10
3.72434e-10
3.66205e-10
3.49293e-10
3.5919e-10
3.84882e-10
3.12204e-10
3.80494e-10
3.62461e-10
3.41262e-10
3.36009e-10
3.73382e-10
3.28285e-10
4.0365e-10
3.78583e-10
3.84031e-10
3.76059e-10
3.43415e-10
3.06247e-10
3.74799e-10
3.76991e-10
3.56512e-10
3.42188e-10
3.60253e-10
3.5274e-10
3.78174e-10
3.52693e-10
3.32751e-10
3.01408e-10
3.77519e-10
3.90758e-10
3.48069e-10
3.66902e-10
3.31615e-10
2.94711e-10
3.63565e-10
3.57597e-10
3.36098e-10
3.83174e-10
3.77185e-10
3.69213e-10
3.41903e-10
3.80491e-10
3.6318e-10
3.57586e-10
3.76909e-10
3.6246e-10
3.71738e-10
3.62479e-10
3.50283e-10
3.57083e-10
3.48604e-10
3.2794e-10
3.50968e-10
3.54661e-10
3.64654e-10
3.38344e-10
3.06856e-10
3.86793e-10
3.60503e-10
3.59864e-10
3.79703e-10
3.64694e-10
3.83596e-10
3.2294e-10
3.85252e-10
3.71619e-10
3.65349e-10
3.77204e-10
3.90612e-10
3.83734e-10
3.51267e-10
3.53694e-10
3.41504e-10
3.67428e-10
3.42862e-10
3.70332e-10
3.66521e-10
3.75915e-10
3.19228e-10
3.16195e-10
3.61955e-10
3.68329e-10
3.73423e-10
2.65132e-10
3.3275e-10
3.26995e-10
3.50677e-10
3.51427e-10
3.68485e-10
4.00656e-10
3.31141e-10
3.60042e-10
3.87267e-10
3.94692e-10
3.1108e-10
3.71138e-10
3.02546e-10
3.79502e-10
3.17224e-10
3.76109e-10
3.67279e-10
3.37433e-10
3.07312e-10
3.84033e-10
3.53997e-10
3.43994e-10
3.36562e-10
3.68688e-10
3.25926e-10
3.48181e-10
3.29498e-10
3.66395e-10
3.67371e-10
3.51038e-10
3.70392e-10
3.82913e-10
3.47071e-10
3.84603e-10
3.30319e-10
3.68119e-10
3.60646e-10
3.71019e-10
3.44467e-10
3.33085e-10
3.77205e-10
3.89801e-10
3.72629e-10
3.42641e-10
3.64275e-10
3.52319e-10
3.55904e-10
3.67767e-10
3.37878e-10
3.96026e-10
3.87572e-10
3.03107e-10
3.5373e-10
2.8437e-10
3.37464e-10
3.57105e-10
3.46916e-10
3.7687e-10
3.55384e-10
3.56808e-10
3.46604e-10
3.63903e-10
3.6745e-10
3.92303e-10
3.11709e-10
3.85557e-10
3.41773e-10
3.60341e-10
3.73804e-10
3.70501e-10
3.53908e-10
3.2834e-10
3.80375e-10
3.63854e-10
3.79588e-10
3.6477e-10
3.64348e-10
3.75854e-10
3.61907e-10
3.58355e-10
2.77618e-10
3.74165e-10
3.56775e-10
3.30993e-10
2.84285e-10
3.38927e-10
3.76387e-10
3.16215e-10
3.92507e-10
3.94825e-10
3.3285e-10
3.63041e-10
3.40472e-10
3.09788e-10
3.86336e-10
3.56065e-10
3.7805e-10
3.99785e-10
3.50476e-10
3.68859e-10
3.49622e-10
3.45786e-10
3.64292e-10
3.54722e-10
3.70008e-10
3.67079e-10
3.6208e-10
3.18982e-10
3.66426e-10
3.76405e-10
3.77731e-10
3.57097e-10
3.54475e-10
3.27076e-10
3.56534e-10
3.38199e-10
3.71443e-10
3.46918e-10
3.65255e-10
3.21291e-10
3.40642e-10
3.72491e-10
3.5218e-10
3.66728e-10
3.72655e-10
3.35176e-10
3.3564e-10
3.09465e-10
3.8948e-10
3.0635e-10
3.39105e-10
3.38892e-10
3.72914e-10
2.71709e-10
3.71732e-10
3.61684e-10
3.71407e-10
4.07046e-10
2.98593e-10
3.31717e-10
3.4889e-10
3.69651e-10
3.65759e-10
3.88462e-10
3.57187e-10
3.62774e-10
3.47721e-10
3.7055e-10
3.43913e-10
3.43796e-10
3.58259e-10
3.18499e-10
4.05223e-10
3.7826e-10
3.60856e-10
3.53908e-10
3.56373e-10
3.73425e-10
3.00464e-10
3.43452e-10
3.73471e-10
3.63498e-10
3.1582e-10
3.28963e-10
2.90573e-10
3.52685e-10
3.64999e-10
3.68574e-10
3.80497e-10
3.65905e-10
3.49077e-10
3.60292e-10
3.39825e-10
3.51709e-10
3.52004e-10
3.52347e-10
3.68354e-10
3.75685e-10
3.58768e-10
3.45187e-10
3.1902e-10
3.45464e-10
3.74405e-10
3.56833e-10
3.19949e-10
3.72768e-10
3.47044e-10
3.1411e-10
3.63682e-10
3.63351e-10
3.69016e-10
3.64204e-10
3.74163e-10
3.60796e-10
3.64132e-10
3.74094e-10
3.16514e-10
3.21295e-10
3.49165e-10
3.69411e-10
3.14035e-10
3.82107e-10
3.33706e-10
3.78948e-10
3.65543e-10
3.5303e-10
3.44749e-10
3.32877e-10
3.78575e-10
3.51206e-10
3.63742e-10
3.71392e-10
3.59916e-10
3.67233e-10
3.42309e-10
3.6434e-10
3.38226e-10
3.59231e-10
3.65417e-10
3.56079e-10
3.54585e-10
3.68121e-10
3.62339e-10
3.77979e-10
3.66551e-10
3.26856e-10
3.67388e-10
3.52807e-10
3.60736e-10
3.5027e-10
3.71108e-10
3.60067e-10
3.72231e-10
4.02874e-10
3.68229e-10
3.79964e-10
3.46505e-10
3.1291e-10
3.90192e-10
3.52868e-10
3.51062e-10
3.82139e-10
3.65402e-10
3.61282e-10
3.34936e-10
3.8065e-10
3.79345e-10
3.38743e-10
3.75295e-10
3.90828e-10
3.41501e-10
3.31396e-10
3.65393e-10
2.89472e-10
3.72548e-10
3.85847e-10
3.33943e-10
3.67288e-10
3.72169e-10
3.67575e-10
3.65431e-10
3.52241e-10
3.4458e-10
3.63151e-10
3.99166e-10
3.95815e-10
3.6628e-10
3.78686e-10
3.13823e-10
3.28213e-10
3.67767e-10
3.87515e-10
3.50561e-10
3.93076e-10
3.45697e-10
3.50337e-10
3.51993e-10
3.72183e-10
3.71566e-10
3.54842e-10
3.61304e-10
3.88945e-10
2.94234e-10
3.44004e-10
3.56229e-10
3.6752e-10
3.7728e-10
3.52328e-10
3.76308e-10
3.77506e-10
3.77002e-10
3.79754e-10
3.47762e-10
3.81547e-10
3.35455e-10
3.19937e-10
3.81447e-10
3.28393e-10
3.74585e-10
3.51627e-10
3.59782e-10
3.24674e-10
3.77637e-10
3.63037e-10
3.6137e-10
3.75453e-10
3.54267e-10
3.56238e-10
3.60014e-10
3.85794e-10
3.327e-10
3.30238e-10
3.72419e-10
3.66115e-10
3.47084e-10
3.47086e-10
3.43624e-10
3.12134e-10
3.43106e-10
3.94395e-10
3.65798e-10
3.92055e-10
3.04295e-10
3.32817e-10
3.17185e-10
3.36377e-10
3.85251e-10
3.24802e-10
3.81014e-10
3.7977e-10
3.70589e-10
3.68744e-10
3.49583e-10
3.62072e-10
3.3505e-10
3.85443e-10
3.63524e-10
3.8946e-10
3.79781e-10
3.72095e-10
3.69972e-10
3.54077e-10
3.49716e-10
3.7665e-10
3.53175e-10
3.88578e-10
3.727e-10
3.16714e-10
3.60332e-10
3.57228e-10
3.12987e-10
3.5548e-10
3.93721e-10
4.01033e-10
3.66394e-10
3.52893e-10
3.67782e-10
2.94204e-10
3.6586e-10
3.43643e-10
3.689e-10
3.52789e-10
3.62347e-10
3.81152e-10
3.34136e-10
3.45208e-10
3.64949e-10
3.47742e-10
3.84566e-10
3.85771e-10
3.59649e-10
3.69178e-10
3.44163e-10
3.27276e-10
3.64339e-10
3.4904e-10
3.59696e-10
3.59509e-10
3.80756e-10
3.52271e-10
3.59918e-10
3.5304e-10
3.54105e-10
3.79494e-10
3.7155e-10
3.89729e-10
3.42094e-10
3.37638e-10
3.76722e-10
3.77946e-10
3.34254e-10
3.25183e-10
3.46576e-10
3.85755e-10
3.62645e-10
3.72293e-10
3.43869e-10
3.45144e-10
3.76466e-10
3.51772e-10
3.54149e-10
3.73651e-10
3.55487e-10
3.36268e-10
3.43572e-10
3.37753e-10
3.55484e-10
3.68864e-10
3.75346e-10
3.67745e-10
3.68229e-10
3.48176e-10
3.63138e-10
3.54039e-10
3.56159e-10
3.77005e-10
4.02718e-10
3.86291e-10
3.65977e-10
3.68326e-10
3.79888e-10
3.79878e-10
3.6265e-10
3.07647e-10
3.49937e-10
3.76036e-10
3.67008e-10
3.61494e-10
3.69692e-10
3.60432e-10
3.64554e-10
3.69451e-10
3.61221e-10
3.31993e-10
3.33955e-10
3.27616e-10
3.50678e-10
3.28438e-10
3.79489e-10
3.42049e-10
3.36774e-10
3.81307e-10
3.08655e-10
3.48113e-10
3.59119e-10
3.47958e-10
3.52862e-10
3.92337e-10
3.87985e-10
3.6126e-10
3.70361e-10
3.24636e-10
3.56484e-10
3.37676e-10
3.37281e-10
3.80666e-10
3.76163e-10
3.82017e-10
3.4826e-10
3.34632e-10
3.6136e-10
3.38334e-10
3.76698e-10
3.40803e-10
3.78527e-10
3.82302e-10
3.49366e-10
3.15511e-10
3.51892e-10
3.16254e-10
3.70886e-10
3.49017e-10
3.33729e-10
3.32566e-10
3.38663e-10
3.33303e-10
3.33218e-10
3.50926e-10
3.59285e-10
3.63821e-10
3.14363e-10
3.89758e-10
3.18289e-10
3.4814e-10
3.6895e-10
3.55869e-10
3.55562e-10
3.95412e-10
3.83645e-10
4.09333e-10
3.65342e-10
3.34668e-10
3.48326e-10
3.72171e-10
3.59352e-10
3.75891e-10
3.21121e-10
3.61875e-10
3.43326e-10
3.74822e-10
3.67545e-10
3.82721e-10
3.44983e-10
3.26309e-10
3.44029e-10
3.7515e-10
3.60644e-10
3.56933e-10
3.61265e-10
3.73297e-10
3.15e-10
2.93183e-10
3.77824e-10
3.64001e-10
3.78809e-10
3.10192e-10
3.41298e-10
3.8245e-10
3.44857e-10
3.26622e-10
3.45462e-10
3.97261e-10
3.85053e-10
3.72634e-10
3.47122e-10
3.40734e-10
3.7232e-10
3.74844e-10
3.92376e-10
3.82339e-10
3.68736e-10
3.66465e-10
3.23595e-10
3.78015e-10
3.03842e-10
3.25881e-10
3.8814e-10
3.22608e-10
3.48336e-10
3.57845e-10
3.4891e-10
4.0024e-10
3.13758e-10
3.88628e-10
3.62847e-10
3.82601e-10
3.34038e-10
3.87634e-10
2.54826e-10
3.29693e-10
3.72854e-10
3.44824e-10
3.87079e-10
3.99563e-10
3.69816e-10
3.84972e-10
3.35833e-10
3.56268e-10
2.80728e-10
3.65814e-10
3.99442e-10
4.09721e-10
3.65581e-10
3.58844e-10
3.52865e-10
3.36973e-10
3.7534e-10
3.81582e-10
3.82177e-10
4.03579e-10
3.173e-10
3.29523e-10
3.88578e-10
3.74439e-10
3.77179e-10
3.47869e-10
3.84797e-10
3.84182e-10
3.61123e-10
3.62787e-10
3.34384e-10
3.46567e-10
3.68548e-10
3.70998e-10
3.42336e-10
3.9023e-10
3.48031e-10
3.5589e-10
3.40776e-10
3.84919e-10
3.68743e-10
3.58786e-10
3.56322e-10
3.65875e-10
3.34444e-10
3.68891e-10
3.78395e-10
3.60777e-10
2.80229e-10
3.65458e-10
3.4805e-10
3.97258e-10
3.72158e-10
3.53814e-10
3.30533e-10
3.77841e-10
3.41387e-10
3.53707e-10
3.32027e-10
3.81158e-10
3.23609e-10
3.53716e-10
2.87223e-10
3.45082e-10
3.56419e-10
3.68307e-10
3.80371e-10
3.88407e-10
3.53282e-10
3.33215e-10
3.5741e-10
3.36776e-10
3.38397e-10
3.70913e-10
3.66677e-10
4.00546e-10
2.87578e-10
3.50903e-10
3.59622e-10
3.61291e-10
3.5337e-10
3.66856e-10
3.65528e-10
3.54081e-10
2.26055e-10
3.52377e-10
3.58677e-10
3.36169e-10
3.55008e-10
3.27565e-10
2.78321e-10
3.87092e-10
3.39414e-10
3.41088e-10
3.65344e-10
3.43419e-10
3.72248e-10
3.72634e-10
3.77317e-10
3.71907e-10
3.81701e-10
3.65589e-10
3.70576e-10
3.52902e-10
3.8322e-10
3.37957e-10
3.96414e-10
4.01269e-10
3.047e-10
2.44408e-10
3.54833e-10
3.78451e-10
3.59805e-10
3.93069e-10
3.60442e-10
3.7448e-10
3.03881e-10
3.78847e-10
3.2152e-10
3.36465e-10
3.26487e-10
1.86843e-10
3.8857e-10
3.07989e-10
3.67996e-10
3.0611e-10
3.16872e-10
3.49454e-10
3.2328e-10
3.70356e-10
3.09693e-10
3.45704e-10
3.3834e-10
3.4092e-10
3.36496e-10
3.69608e-10
3.69811e-10
3.38743e-10
3.62504e-10
3.42223e-10
3.56485e-10
3.87361e-10
3.2742e-10
3.17232e-10
3.57436e-10
3.60277e-10
3.29733e-10
3.74866e-10
3.56485e-10
3.7046e-10
3.17237e-10
3.68673e-10
3.09503e-10
3.31263e-10
3.73685e-10
4.10331e-10
3.36205e-10
3.48185e-10
3.82608e-10
3.75545e-10
3.73055e-10
3.64144e-10
3.58202e-10
4.03577e-10
3.45345e-10
3.67399e-10
2.83523e-10
3.44579e-10
3.60718e-10
3.05008e-10
4.01865e-10
3.62026e-10
3.59953e-10
3.33849e-10
3.05676e-10
3.21683e-10
3.55334e-10
3.49856e-10
3.4928e-10
3.53895e-10
3.59193e-10
3.74797e-10
3.32529e-10
3.345e-10
3.52956e-10
3.33369e-10
3.55147e-10
3.76178e-10
3.79958e-10
3.69938e-10
3.56498e-10
3.73749e-10
3.74757e-10
3.71115e-10
3.63783e-10
3.50024e-10
3.67415e-10
3.4692e-10
3.69542e-10
3.28422e-10
3.25222e-10
3.79673e-10
3.47075e-10
3.45102e-10
3.54754e-10
3.65552e-10
2.78822e-10
3.67658e-10
3.52708e-10
3.71502e-10
2.74014e-10
4.0065e-10
3.5809e-10
2.80582e-10
3.65459e-10
3.58651e-10
3.60205e-10
3.49115e-10
3.7276e-10
3.65703e-10
3.047e-10
3.80882e-10
3.373e-10
3.61351e-10
3.88302e-10
3.77405e-10
4.01434e-10
3.83573e-10
3.50777e-10
3.56557e-10
3.18963e-10
3.5833e-10
3.44112e-10
3.31062e-10
3.76277e-10
3.84256e-10
3.48673e-10
3.80223e-10
3.44307e-10
3.33192e-10
3.63514e-10
3.67151e-10
3.45658e-10
3.62704e-10
3.69144e-10
3.57939e-10
3.34086e-10
3.61141e-10
3.51214e-10
3.28588e-10
3.70711e-10
3.81003e-10
3.56339e-10
3.61241e-10
3.53209e-10
3.65656e-10
3.36375e-10
3.86431e-10
3.7324e-10
3.55316e-10
3.66222e-10
3.62639e-10
3.74516e-10
3.47093e-10
3.4845e-10
3.62206e-10
3.32705e-10
3.70239e-10
3.56534e-10
3.53118e-10
3.48225e-10
3.70464e-10
2.91062e-10
3.7601e-10
3.67519e-10
3.85903e-10
2.71953e-10
3.0798e-10
3.48891e-10
3.54737e-10
3.87108e-10
3.38693e-10
3.63686e-10
3.82234e-10
3.44803e-10
3.38263e-10
2.61684e-10
3.73495e-10
3.70051e-10
3.5615e-10
3.63252e-10
3.69057e-10
3.48298e-10
3.41466e-10
2.94643e-10
3.76799e-10
3.49381e-10
3.74648e-10
3.51528e-10
4.09301e-10
3.60013e-10
3.25203e-10
3.71325e-10
3.6853e-10
3.50919e-10
3.44385e-10
3.782e-10
3.56664e-10
3.28747e-10
3.40713e-10
3.26531e-10
3.49703e-10
3.91476e-10
3.61668e-10
3.63327e-10
4.11094e-10
3.2918e-10
3.28605e-10
3.48534e-10
3.6481e-10
3.86281e-10
3.72465e-10
3.56264e-10
3.83117e-10
3.50975e-10
3.52639e-10
3.79098e-10
3.283e-10
3.6124e-10
3.34944e-10
3.72578e-10
3.42267e-10
3.70924e-10
3.49245e-10
3.72818e-10
2.74383e-10
3.52339e-10
3.70371e-10
3.75601e-10
3.82235e-10
3.14211e-10
3.78264e-10
3.44338e-10
3.39149e-10
3.63779e-10
3.66281e-10
3.20848e-10
3.44201e-10
3.69709e-10
3.44306e-10
3.72317e-10
3.60108e-10
3.68883e-10
3.55901e-10
4.02799e-10
3.76535e-10
3.76311e-10
3.43881e-10
3.75768e-10
3.98339e-10
3.17007e-10
2.7037e-10
3.63725e-10
3.42269e-10
3.82587e-10
3.59102e-10
3.72521e-10
3.54578e-10
3.43341e-10
3.80942e-10
3.62009e-10
3.68768e-10
3.43912e-10
3.63294e-10
2.73844e-10
3.7732e-10
3.7234e-10
3.74016e-10
3.73033e-10
3.73665e-10
3.61236e-10
3.39586e-10
3.81304e-10
3.40117e-10
3.66264e-10
3.91143e-10
3.7182e-10
3.46997e-10
3.52302e-10
3.71448e-10
3.34409e-10
3.62201e-10
3.11426e-10
3.27535e-10
3.74675e-10
3.5498e-10
3.57036e-10
3.77579e-10
3.47855e-10
3.56263e-10
3.84519e-10
3.68599e-10
3.97904e-10
3.99173e-10
3.67172e-10
3.7164e-10
3.84798e-10
3.87621e-10
3.44631e-10
3.82453e-10
3.61294e-10
3.89329e-10
3.52635e-10
3.47073e-10
3.59712e-10
3.62374e-10
3.80191e-10
3.64397e-10
3.89157e-10
3.71334e-10
3.46962e-10
3.53181e-10
3.5755e-10
3.67843e-10
2.47117e-10
3.79063e-10
3.8015e-10
3.60006e-10
3.35076e-10
3.809e-10
3.30078e-10
3.83157e-10
3.4868e-10
2.96794e-10
3.77313e-10
3.94221e-10
2.86602e-10
3.68347e-10
3.55714e-10
3.38216e-10
3.19752e-10
3.76916e-10
3.55681e-10
4.04534e-10
3.39291e-10
3.20618e-10
3.29632e-10
3.49198e-10
3.67677e-10
3.0983e-10
3.84467e-10
3.65574e-10
3.5051e-10
3.69258e-10
3.53339e-10
3.84467e-10
3.68626e-10
3.62113e-10
3.51548e-10
4.02269e-10
3.66787e-10
2.85204e-10
3.18241e-10
3.22322e-10
3.40613e-10
3.74918e-10
3.63636e-10
3.96304e-10
3.69217e-10
3.46993e-10
3.5043e-10
3.38529e-10
3.72892e-10
3.60509e-10
3.39115e-10
3.52014e-10
3.39167e-10
3.69107e-10
3.43926e-10
3.08821e-10
3.7395e-10
3.18335e-10
3.87701e-10
3.74664e-10
2.9914e-10
3.793e-10
3.52582e-10
3.60444e-10
3.77319e-10
3.7564e-10
3.87697e-10
3.73063e-10
3.62853e-10
3.37717e-10
3.74275e-10
3.76096e-10
3.76303e-10
3.22615e-10
3.93216e-10
3.47995e-10
3.73862e-10
3.5294e-10
3.69291e-10
3.63327e-10
3.71919e-10
3.62744e-10
3.40268e-10
4.13489e-10
3.70373e-10
3.12899e-10
3.37569e-10
3.4288e-10
3.68274e-10
3.488e-10
3.66482e-10
3.65464e-10
3.78244e-10
3.42428e-10
3.4104e-10
3.68068e-10
3.52088e-10
3.59885e-10
3.59054e-10
3.97596e-10
3.67428e-10
3.69639e-10
3.61583e-10
3.31054e-10
3.42447e-10
3.7002e-10
3.32426e-10
3.61302e-10
3.68216e-10
3.60341e-10
3.60112e-10
3.30049e-10
3.70122e-10
3.96824e-10
3.8083e-10
3.80128e-10
3.42041e-10
3.54517e-10
3.37471e-10
3.46711e-10
3.42258e-10
3.59454e-10
3.6083e-10
4.08537e-10
3.42822e-10
3.46555e-10
3.63054e-10
3.67381e-10
3.53582e-10
3.38218e-10
3.12311e-10
3.91964e-10
3.26419e-10
3.79851e-10
3.60856e-10
3.51447e-10
2.86892e-10
3.41127e-10
3.58501e-10
3.86952e-10
3.7078e-10
3.8894e-10
3.20563e-10
3.01291e-10
3.63046e-10
3.84607e-10
3.58966e-10
3.71362e-10
3.72323e-10
3.71831e-10
3.89349e-10
3.85051e-10
3.81692e-10
3.70421e-10
3.57932e-10
4.04543e-10
2.97447e-10
3.65153e-10
3.53792e-10
3.48421e-10
3.78923e-10
3.68383e-10
3.49389e-10
3.45329e-10
3.57107e-10
3.32105e-10
3.67648e-10
3.58787e-10
3.75597e-10
3.60375e-10
3.68726e-10
3.34786e-10
3.55564e-10
3.62105e-10
3.39718e-10
3.37025e-10
3.15396e-10
3.85383e-10
4.05228e-10
3.86036e-10
3.43226e-10
3.36019e-10
3.69897e-10
3.59479e-10
3.76739e-10
3.84786e-10
3.86938e-10
3.81869e-10
3.26787e-10
3.51039e-10
3.5445e-10
3.82295e-10
3.63929e-10
3.85038e-10
3.4906e-10
2.91239e-10
3.29392e-10
3.5159e-10
3.53192e-10
3.43282e-10
3.92995e-10
3.56881e-10
3.16523e-10
3.29267e-10
3.21628e-10
3.72275e-10
3.82667e-10
3.53249e-10
3.76353e-10
3.87875e-10
3.84768e-10
3.87683e-10
3.28638e-10
3.53442e-10
3.69041e-10
3.77485e-10
3.70985e-10
3.59538e-10
3.74401e-10
3.80347e-10
3.41391e-10
3.43895e-10
3.26395e-10
3.61283e-10
3.73983e-10
3.88892e-10
3.70397e-10
3.99779e-10
3.36205e-10
3.81675e-10
3.08408e-10
3.26947e-10
3.70207e-10
3.80525e-10
3.82462e-10
4.01246e-10
3.41555e-10
3.02665e-10
3.19572e-10
2.90057e-10
3.37466e-10
3.52991e-10
3.40893e-10
3.36076e-10
3.4396e-10
3.09723e-10
3.25469e-10
3.34254e-10
3.94438e-10
3.20015e-10
2.95373e-10
3.49112e-10
3.45031e-10
3.38589e-10
3.14934e-10
3.30916e-10
3.73951e-10
3.81636e-10
3.8534e-10
3.92726e-10
3.27851e-10
3.44499e-10
3.31445e-10
3.47157e-10
3.59801e-10
3.71755e-10
3.17247e-10
3.97891e-10
3.56018e-10
3.77287e-10
3.64139e-10
3.71335e-10
3.6242e-10
3.66236e-10
3.28675e-10
3.92647e-10
3.48524e-10
3.65692e-10
3.15274e-10
3.87196e-10
3.55428e-10
3.8132e-10
3.87454e-10
3.90857e-10
3.22721e-10
3.31017e-10
3.63543e-10
3.79441e-10
3.8447e-10
3.37024e-10
3.69526e-10
3.7754e-10
3.06237e-10
3.55976e-10
3.12119e-10
3.0343e-10
3.12511e-10
3.02842e-10
3.58115e-10
3.84615e-10
3.55993e-10
3.70443e-10
3.72175e-10
3.51294e-10
3.59691e-10
3.49245e-10
3.71606e-10
4.09615e-10
3.68484e-10
3.66586e-10
3.33388e-10
3.58224e-10
3.70668e-10
3.49161e-10
3.69906e-10
3.66193e-10
3.66953e-10
3.59789e-10
3.60335e-10
3.28359e-10
3.69744e-10
3.60659e-10
3.74289e-10
3.87814e-10
3.26294e-10
3.6308e-10
3.39491e-10
3.18968e-10
3.17875e-10
3.79132e-10
3.87445e-10
3.79674e-10
3.89397e-10
2.93035e-10
3.49309e-10
3.82612e-10
3.6744e-10
2.95363e-10
3.80154e-10
3.52498e-10
3.44526e-10
3.55949e-10
3.73992e-10
3.14984e-10
3.35919e-10
3.35031e-10
2.75583e-10
3.92582e-10
3.47603e-10
3.27044e-10
3.5232e-10
3.61973e-10
2.78203e-10
3.76387e-10
3.8624e-10
3.87201e-10
3.87643e-10
3.80589e-10
3.59671e-10
3.53121e-10
3.79888e-10
3.88074e-10
3.66414e-10
3.48976e-10
3.50136e-10
3.33524e-10
3.41907e-10
3.8239e-10
3.198e-10
3.10855e-10
3.59886e-10
3.46827e-10
3.35984e-10
3.54512e-10
3.74638e-10
3.57653e-10
3.49326e-10
3.84719e-10
3.6337e-10
3.79406e-10
3.49508e-10
3.47105e-10
3.6444e-10
3.58342e-10
2.94757e-10
3.59006e-10
3.63309e-10
3.96201e-10
3.42669e-10
3.37481e-10
3.40087e-10
2.72711e-10
3.4008e-10
3.64885e-10
3.70511e-10
3.60536e-10
3.66619e-10
3.62999e-10
3.58927e-10
3.71122e-10
3.81361e-10
3.62891e-10
3.99267e-10
3.67668e-10
3.70361e-10
3.90368e-10
3.75114e-10
3.54593e-10
3.51056e-10
3.57603e-10
3.78859e-10
3.88332e-10
3.48449e-10
3.52911e-10
3.46779e-10
3.68398e-10
3.64101e-10
3.78176e-10
3.68766e-10
3.62512e-10
2.9914e-10
3.32465e-10
3.65798e-10
3.53315e-10
3.6034e-10
3.4876e-10
3.58733e-10
3.79938e-10
3.73187e-10
3.19904e-10
3.51593e-10
3.75118e-10
3.63677e-10
3.83337e-10
4.09519e-10
3.61373e-10
3.20806e-10
3.08042e-10
3.65219e-10
3.80232e-10
3.43295e-10
3.76509e-10
3.5356e-10
3.55485e-10
3.50843e-10
3.05918e-10
3.31983e-10
3.43096e-10
2.51355e-10
3.68984e-10
3.85803e-10
3.61991e-10
3.46171e-10
3.69145e-10
3.42054e-10
3.37115e-10
3.17519e-10
3.65384e-10
3.92725e-10
3.70482e-10
3.5334e-10
3.54399e-10
3.63164e-10
3.51947e-10
3.85153e-10
3.67645e-10
3.71442e-10
3.69745e-10
3.88755e-10
3.63747e-10
3.6761e-10
3.76186e-10
3.63924e-10
2.9367e-10
3.79878e-10
3.95852e-10
3.35153e-10
3.38584e-10
3.37915e-10
3.37827e-10
3.47747e-10
3.83999e-10
3.81776e-10
3.32826e-10
3.54431e-10
2.9635e-10
3.4592e-10
3.10257e-10
3.08527e-10
3.36457e-10
2.82134e-10
3.50421e-10
3.44055e-10
3.1855e-10
2.82208e-10
3.64554e-10
2.49317e-10
3.89697e-10
3.45794e-10
3.67672e-10
3.25915e-10
3.73918e-10
3.61139e-10
3.57181e-10
3.4148e-10
3.99416e-10
3.42208e-10
3.67184e-10
3.47915e-10
3.36837e-10
3.34979e-10
3.74876e-10
3.79774e-10
3.44358e-10
3.90458e-10
3.84214e-10
3.65267e-10
3.62571e-10
3.18822e-10
3.1698e-10
3.78472e-10
3.79862e-10
3.44952e-10
3.80336e-10
3.5165e-10
3.62843e-10
3.58495e-10
3.55676e-10
3.57554e-10
3.43293e-10
3.67031e-10
3.50306e-10
3.64948e-10
3.2264e-10
3.6059e-10
3.59354e-10
3.94012e-10
3.50885e-10
3.77628e-10
3.86905e-10
3.4188e-10
3.37029e-10
3.37064e-10
3.6388e-10
3.82923e-10
3.66613e-10
3.88236e-10
3.89266e-10
3.21947e-10
3.74157e-10
3.62275e-10
3.3868e-10
3.54409e-10
3.78437e-10
4.01776e-10
3.66937e-10
3.93514e-10
3.5835e-10
3.75883e-10
3.10841e-10
3.3882e-10
3.69391e-10
3.20818e-10
3.80175e-10
3.30913e-10
3.28685e-10
3.50257e-10
3.41332e-10
3.40779e-10
3.53564e-10
3.70631e-10
4.01476e-10
3.54157e-10
3.7798e-10
3.51434e-10
3.82669e-10
3.59024e-10
3.93776e-10
3.08766e-10
3.65988e-10
3.2317e-10
3.41434e-10
3.7763e-10
3.42459e-10
3.5479e-10
3.69497e-10
3.70053e-10
3.9075e-10
3.56388e-10
3.63793e-10
3.19079e-10
3.76801e-10
3.8121e-10
3.28665e-10
3.61937e-10
4.10146e-10
3.28304e-10
3.21377e-10
3.19891e-10
3.88299e-10
3.76051e-10
3.64456e-10
3.39889e-10
3.72988e-10
3.64019e-10
3.43334e-10
3.51483e-10
3.32657e-10
3.67529e-10
3.7113e-10
3.6594e-10
2.67515e-10
3.37812e-10
3.79542e-10
3.17386e-10
3.88057e-10
3.37869e-10
3.87745e-10
3.71819e-10
3.92746e-10
3.48487e-10
3.81139e-10
3.63776e-10
4.01552e-10
3.50703e-10
3.59437e-10
3.40255e-10
3.85178e-10
3.6426e-10
3.6549e-10
3.46497e-10
3.62961e-10
3.74229e-10
3.46661e-10
3.70178e-10
4.08857e-10
3.55564e-10
3.09097e-10
3.46689e-10
3.40282e-10
3.88484e-10
3.66212e-10
3.72806e-10
3.89702e-10
3.75499e-10
3.66409e-10
3.61215e-10
2.69568e-10
3.63628e-10
3.59172e-10
3.63381e-10
3.73309e-10
3.73479e-10
3.36086e-10
3.92239e-10
3.55313e-10
3.67892e-10
3.78311e-10
3.85747e-10
3.88873e-10
3.17702e-10
3.66367e-10
3.79536e-10
3.48226e-10
3.60758e-10
3.75968e-10
3.56705e-10
3.4381e-10
3.81148e-10
3.5246e-10
3.14876e-10
3.88614e-10
3.40751e-10
3.57503e-10
3.7035e-10
3.46637e-10
3.63644e-10
3.30431e-10
3.40623e-10
3.55894e-10
3.55683e-10
3.55455e-10
3.71033e-10
3.18747e-10
3.40195e-10
3.43556e-10
3.79463e-10
3.3817e-10
3.05243e-10
3.65699e-10
3.46767e-10
3.28936e-10
3.69398e-10
3.56816e-10
3.32143e-10
3.73953e-10
3.40419e-10
3.5555e-10
3.48244e-10
3.71353e-10
3.38663e-10
3.28357e-10
3.55201e-10
3.30583e-10
3.75894e-10
3.88582e-10
3.64485e-10
3.65352e-10
3.7655e-10
3.62374e-10
3.41364e-10
3.78373e-10
3.57192e-10
3.59515e-10
2.97716e-10
3.34393e-10
3.70373e-10
3.44063e-10
3.20477e-10
3.33995e-10
3.74178e-10
3.74422e-10
3.21891e-10
3.72355e-10
3.54404e-10
3.50885e-10
3.33969e-10
3.19556e-10
3.44077e-10
3.26175e-10
3.65092e-10
4.01429e-10
3.49895e-10
3.49436e-10
3.34615e-10
3.29053e-10
3.84281e-10
3.58032e-10
3.86667e-10
3.92623e-10
3.59066e-10
3.14847e-10
3.46363e-10
3.47111e-10
3.46272e-10
3.76517e-10
3.56443e-10
3.04611e-10
3.65758e-10
3.6831e-10
3.72232e-10
3.28156e-10
3.8159e-10
3.1193e-10
3.83046e-10
3.87234e-10
3.73824e-10
3.82239e-10
3.79535e-10
3.53544e-10
3.3843e-10
3.33964e-10
3.96666e-10
3.7629e-10
3.29913e-10
3.52182e-10
3.66809e-10
3.46345e-10
3.68558e-10
3.74974e-10
3.80153e-10
3.63721e-10
3.5462e-10
3.50209e-10
3.4073e-10
3.83088e-10
3.70775e-10
3.62644e-10
3.75544e-10
3.86777e-10
3.66535e-10
3.1166e-10
3.11667e-10
3.41754e-10
3.61758e-10
3.04955e-10
3.51371e-10
3.25298e-10
3.74631e-10
2.75066e-10
3.62747e-10
3.36062e-10
3.61048e-10
3.3743e-10
3.42125e-10
4.0801e-10
3.51807e-10
3.70871e-10
3.92824e-10
3.71072e-10
3.5178e-10
3.46591e-10
3.73706e-10
3.98628e-10
3.71309e-10
3.52399e-10
3.16728e-10
3.78685e-10
3.38094e-10
3.72142e-10
3.89382e-10
3.7938e-10
3.51267e-10
3.80373e-10
3.55746e-10
3.32556e-10
3.45866e-10
3.66824e-10
3.68294e-10
3.69018e-10
3.42975e-10
3.8184e-10
3.38157e-10
3.50786e-10
3.69393e-10
3.76866e-10
3.72119e-10
4.18005e-10
3.52087e-10
3.63609e-10
3.59173e-10
3.76226e-10
3.52672e-10
3.29779e-10
3.69856e-10
3.80051e-10
3.04295e-10
3.62295e-10
3.4406e-10
3.69371e-10
3.5421e-10
3.41411e-10
3.76025e-10
3.62208e-10
3.52694e-10
3.65565e-10
3.77994e-10
3.67854e-10
3.59412e-10
3.63125e-10
3.93689e-10
3.71147e-10
2.90357e-10
3.40682e-10
3.33623e-10
3.72877e-10
3.70346e-10
3.73628e-10
3.52554e-10
3.51256e-10
3.10503e-10
3.45006e-10
3.69635e-10
3.00979e-10
3.80185e-10
3.78359e-10
3.64696e-10
3.83437e-10
3.63987e-10
3.52266e-10
3.53244e-10
3.40995e-10
3.74869e-10
3.52284e-10
3.52666e-10
3.98386e-10
3.79386e-10
3.18393e-10
3.44287e-10
3.47937e-10
3.82337e-10
3.92161e-10
3.87339e-10
4.01995e-10
3.7607e-10
3.78242e-10
3.28852e-10
3.34967e-10
3.42038e-10
3.75431e-10
3.38015e-10
3.89321e-10
3.68165e-10
3.35333e-10
3.68029e-10
3.28076e-10
3.60268e-10
3.82707e-10
3.55795e-10
3.78953e-10
3.66619e-10
3.41132e-10
3.52473e-10
3.54987e-10
3.7436e-10
3.70964e-10
3.49553e-10
3.77784e-10
3.50033e-10
3.28947e-10
3.78528e-10
3.81115e-10
3.75032e-10
3.63058e-10
3.62795e-10
3.77008e-10
3.6418e-10
3.75071e-10
3.70453e-10
3.56925e-10
3.65428e-10
3.75202e-10
3.70955e-10
3.85568e-10
3.71385e-10
3.68778e-10
3.51183e-10
2.99878e-10
3.18173e-10
3.49648e-10
3.32043e-10
4.05752e-10
3.59045e-10
3.62599e-10
3.401e-10
3.9447e-10
3.5614e-10
3.56916e-10
3.64063e-10
3.90778e-10
3.78259e-10
3.70272e-10
3.43565e-10
3.63865e-10
3.82664e-10
3.8187e-10
3.30302e-10
3.1691e-10
3.66064e-10
3.75881e-10
3.60785e-10
3.39698e-10
3.22376e-10
3.69691e-10
3.58555e-10
4.01091e-10
3.47125e-10
3.06678e-10
3.33259e-10
3.35534e-10
3.74587e-10
3.42261e-10
3.70125e-10
3.59559e-10
3.43718e-10
2.76144e-10
3.4632e-10
3.54005e-10
3.50711e-10
3.57626e-10
3.67353e-10
3.70261e-10
3.72241e-10
3.15168e-10
3.69583e-10
3.34193e-10
3.5062e-10
3.25091e-10
3.62999e-10
3.91069e-10
3.60952e-10
3.58428e-10
3.74096e-10
3.49103e-10
3.3944e-10
3.7683e-10
3.59212e-10
3.915e-10
3.81608e-10
3.44405e-10
3.50459e-10
3.50997e-10
3.46423e-10
3.68646e-10
3.62457e-10
3.87114e-10
3.21789e-10
3.65587e-10
3.54807e-10
3.6752e-10
3.65435e-10
3.64662e-10
3.34172e-10
3.42045e-10
3.30319e-10
3.598e-10
3.34417e-10
3.46827e-10
3.78299e-10
3.23538e-10
4.12527e-10
3.6002e-10
3.38663e-10
3.61995e-10
3.55825e-10
3.7186e-10
3.24013e-10
3.63744e-10
3.2778e-10
3.77566e-10
3.67307e-10
3.55006e-10
3.74189e-10
3.91387e-10
3.42576e-10
2.79022e-10
4.00824e-10
3.91462e-10
3.50341e-10
3.92594e-10
3.62657e-10
3.51329e-10
3.74641e-10
3.4492e-10
3.28403e-10
3.20516e-10
3.70361e-10
3.60441e-10
3.33847e-10
3.77259e-10
3.57421e-10
3.53137e-10
3.33091e-10
3.79801e-10
3.60233e-10
3.11014e-10
3.52571e-10
3.25487e-10
3.49028e-10
3.87232e-10
3.54256e-10
3.71326e-10
3.70622e-10
3.65987e-10
3.74663e-10
3.58662e-10
3.46853e-10
3.80296e-10
3.83229e-10
3.62478e-10
3.39658e-10
2.68286e-10
3.59335e-10
3.42359e-10
3.80885e-10
3.63685e-10
3.64955e-10
3.96614e-10
3.66208e-10
3.51455e-10
3.70151e-10
3.54287e-10
3.79937e-10
3.77125e-10
3.86526e-10
3.87347e-10
3.5104e-10
3.70285e-10
3.77752e-10
3.60136e-10
3.36337e-10
3.72377e-10
3.72616e-10
3.73685e-10
3.64793e-10
3.68461e-10
2.9029e-10
3.39755e-10
3.55581e-10
3.76249e-10
2.97389e-10
4.02212e-10
3.77905e-10
3.61979e-10
3.24225e-10
3.56205e-10
3.65588e-10
3.76082e-10
3.33176e-10
3.81381e-10
3.63889e-10
3.21584e-10
3.55928e-10
3.66591e-10
3.72841e-10
2.95004e-10
3.58878e-10
3.77277e-10
3.67401e-10
3.62574e-10
3.66122e-10
3.74277e-10
3.44521e-10
3.69462e-10
3.56938e-10
4.04671e-10
3.2473e-10
3.55993e-10
3.62839e-10
3.64838e-10
3.82573e-10
3.56447e-10
3.74043e-10
3.06914e-10
3.41987e-10
2.97636e-10
3.59523e-10
3.80335e-10
3.61987e-10
3.66312e-10
3.50917e-10
3.85767e-10
3.59422e-10
3.6233e-10
3.8056e-10
3.53435e-10
3.40587e-10
3.29409e-10
3.79636e-10
4.11799e-10
3.52575e-10
3.58223e-10
2.97093e-10
3.06229e-10
3.29866e-10
3.69636e-10
2.89955e-10
4.0492e-10
3.62418e-10
3.32995e-10
3.54455e-10
3.44609e-10
3.18146e-10
3.92193e-10
3.51149e-10
3.56779e-10
3.22872e-10
3.61781e-10
3.67472e-10
3.61522e-10
3.56438e-10
3.47998e-10
3.56014e-10
4.05581e-10
2.65117e-10
3.50678e-10
3.49491e-10
3.32316e-10
3.67521e-10
3.08978e-10
3.6071e-10
3.44661e-10
3.51073e-10
3.30155e-10
3.67253e-10
3.02667e-10
3.52463e-10
3.79364e-10
3.59995e-10
3.90805e-10
3.66647e-10
3.79627e-10
3.57517e-10
3.34319e-10
3.51017e-10
3.7727e-10
3.65872e-10
3.83699e-10
3.63445e-10
3.34975e-10
3.67958e-10
3.11738e-10
3.69698e-10
3.772e-10
3.45932e-10
3.66878e-10
3.50744e-10
3.81496e-10
3.57545e-10
3.34729e-10
3.67129e-10
3.59941e-10
3.49735e-10
4.09015e-10
3.62187e-10
3.43767e-10
2.2304e-10
3.40024e-10
3.9776e-10
3.51528e-10
3.58676e-10
3.85902e-10
3.64291e-10
2.95809e-10
3.09658e-10
3.836e-10
3.1611e-10
3.47219e-10
2.90542e-10
3.46801e-10
2.92777e-10
3.4528e-10
3.32154e-10
3.60986e-10
3.40234e-10
3.69728e-10
3.80279e-10
3.14136e-10
3.37269e-10
3.80371e-10
3.63826e-10
3.46689e-10
3.71495e-10
3.62609e-10
3.27339e-10
3.45046e-10
3.04295e-10
3.41001e-10
3.7904e-10
3.56915e-10
3.03236e-10
3.85803e-10
3.95668e-10
4.00517e-10
3.70757e-10
3.60062e-10
3.62296e-10
3.20482e-10
3.45635e-10
3.20854e-10
3.87186e-10
3.55762e-10
3.78481e-10
3.44214e-10
3.84547e-10
3.49106e-10
3.31661e-10
3.24026e-10
3.71169e-10
3.81258e-10
3.66035e-10
3.58432e-10
3.73178e-10
3.24154e-10
3.69674e-10
3.31842e-10
3.70397e-10
3.82527e-10
3.43863e-10
3.51366e-10
3.43488e-10
3.67596e-10
3.71252e-10
3.51122e-10
3.71924e-10
3.93348e-10
3.51267e-10
3.58366e-10
3.75994e-10
3.37298e-10
3.47528e-10
3.54855e-10
3.50801e-10
3.72711e-10
3.76112e-10
3.71599e-10
3.49281e-10
3.60244e-10
3.5116e-10
3.5357e-10
3.37446e-10
4.03965e-10
3.73e-10
3.78461e-10
3.73266e-10
3.81486e-10
3.40177e-10
3.68321e-10
3.82715e-10
3.9465e-10
3.76311e-10
3.272e-10
3.66999e-10
3.64734e-10
3.4743e-10
3.06202e-10
3.62292e-10
4.0527e-10
3.15598e-10
3.49747e-10
2.74329e-10
3.69341e-10
3.61047e-10
3.60953e-10
3.48688e-10
3.84556e-10
3.42771e-10
3.6995e-10
3.76547e-10
3.81047e-10
3.78423e-10
3.406e-10
3.64135e-10
3.98737e-10
3.70131e-10
3.67044e-10
3.23415e-10
3.40654e-10
3.87627e-10
3.72117e-10
3.49351e-10
3.10492e-10
3.21304e-10
3.77469e-10
2.70552e-10
3.56986e-10
3.28737e-10
3.64859e-10
3.61136e-10
3.71045e-10
3.62259e-10
3.46549e-10
3.47889e-10
3.1018e-10
3.74439e-10
3.34424e-10
3.81865e-10
3.93755e-10
3.46171e-10
3.40083e-10
3.09662e-10
3.29635e-10
3.3616e-10
3.65643e-10
2.90986e-10
3.86383e-10
3.60173e-10
3.63678e-10
3.7825e-10
3.06506e-10
3.76075e-10
3.28623e-10
3.87451e-10
3.78228e-10
3.51492e-10
3.58112e-10
3.59014e-10
3.56221e-10
3.48108e-10
3.52373e-10
3.43536e-10
3.68844e-10
3.52843e-10
3.39136e-10
3.76289e-10
3.5006e-10
3.09255e-10
3.52536e-10
3.25394e-10
3.94603e-10
3.39476e-10
3.52705e-10
3.84859e-10
3.64719e-10
3.80635e-10
3.59152e-10
3.46029e-10
3.48819e-10
3.08328e-10
3.29915e-10
3.63947e-10
3.35267e-10
3.63219e-10
3.44685e-10
3.57189e-10
3.84184e-10
3.60292e-10
3.47106e-10
3.65631e-10
3.64636e-10
3.93004e-10
3.68264e-10
3.48534e-10
3.57479e-10
3.4684e-10
3.77121e-10
3.69616e-10
3.22873e-10
3.42549e-10
3.8687e-10
3.55684e-10
3.97877e-10
3.65963e-10
3.3362e-10
3.55082e-10
3.20667e-10
3.42696e-10
3.64116e-10
3.29077e-10
3.82055e-10
3.73363e-10
3.51893e-10
3.64531e-10
3.07333e-10
3.74353e-10
3.61821e-10
3.90448e-10
3.1413e-10
3.73069e-10
3.42713e-10
3.58663e-10
3.53048e-10
3.55548e-10
3.15134e-10
3.63464e-10
3.36495e-10
3.69471e-10
3.07619e-10
3.56704e-10
3.65447e-10
3.48946e-10
3.16361e-10
3.38332e-10
3.65926e-10
3.09907e-10
3.49585e-10
3.37673e-10
3.46551e-10
3.24139e-10
3.84332e-10
3.78916e-10
3.86892e-10
3.55742e-10
3.34909e-10
3.68165e-10
3.51109e-10
3.18401e-10
3.55807e-10
3.6792e-10
4.1621e-10
3.57502e-10
3.11857e-10
2.59689e-10
3.43482e-10
3.94009e-10
3.672e-10
3.633e-10
4.02383e-10
3.55202e-10
3.66356e-10
3.79159e-10
3.57462e-10
3.43482e-10
3.10236e-10
3.52372e-10
3.97862e-10
3.55202e-10
3.76063e-10
3.62351e-10
3.20324e-10
3.67254e-10
3.40165e-10
3.50657e-10
3.80565e-10
3.64291e-10
3.0511e-10
3.70753e-10
3.312e-10
3.62362e-10
3.33149e-10
3.77271e-10
3.66477e-10
2.47539e-10
3.2156e-10
3.90708e-10
3.58946e-10
3.48817e-10
3.82172e-10
3.73302e-10
3.88703e-10
3.63395e-10
3.26002e-10
3.52521e-10
3.56608e-10
3.23782e-10
3.52078e-10
3.88455e-10
4.11024e-10
3.67747e-10
3.35811e-10
3.31029e-10
3.58333e-10
3.24809e-10
3.65551e-10
3.85076e-10
3.78723e-10
3.5564e-10
2.96486e-10
3.58155e-10
3.24227e-10
3.29576e-10
3.20779e-10
3.78959e-10
3.72206e-10
2.81719e-10
3.69252e-10
3.39032e-10
3.68845e-10
3.62405e-10
3.88326e-10
3.66897e-10
3.87546e-10
3.71546e-10
3.7592e-10
3.61937e-10
3.82812e-10
3.67876e-10
3.59608e-10
3.67377e-10
3.84359e-10
3.92052e-10
3.68031e-10
3.79677e-10
3.67216e-10
3.40335e-10
3.84869e-10
3.84017e-10
3.96659e-10
3.95105e-10
3.46695e-10
3.68539e-10
3.43335e-10
3.75298e-10
3.71851e-10
3.81531e-10
4.19184e-10
3.21947e-10
3.58666e-10
3.73032e-10
3.50225e-10
3.60506e-10
3.66285e-10
3.22579e-10
3.85849e-10
3.75421e-10
3.59841e-10
3.35331e-10
3.80561e-10
3.65303e-10
3.53251e-10
3.41448e-10
4.13512e-10
3.85879e-10
3.03215e-10
3.52165e-10
3.50664e-10
3.48123e-10
3.60781e-10
3.89471e-10
4.09253e-10
3.28527e-10
3.33601e-10
2.73349e-10
2.99982e-10
3.51866e-10
3.57196e-10
3.73652e-10
3.86021e-10
3.44198e-10
3.75137e-10
3.57326e-10
3.56135e-10
3.14148e-10
3.65096e-10
3.60956e-10
4.0157e-10
3.24038e-10
3.37612e-10
3.44938e-10
3.6949e-10
2.63694e-10
3.28563e-10
3.90805e-10
3.87956e-10
3.42252e-10
3.39795e-10
3.4401e-10
3.73361e-10
3.79146e-10
3.39076e-10
3.74046e-10
3.95327e-10
2.98593e-10
3.08552e-10
3.2092e-10
3.55819e-10
3.35434e-10
3.34445e-10
3.28947e-10
3.6776e-10
3.12449e-10
3.71023e-10
3.23097e-10
3.4766e-10
3.57432e-10
3.33926e-10
3.28029e-10
3.93702e-10
3.1941e-10
3.80836e-10
3.3696e-10
3.70146e-10
3.52096e-10
3.68293e-10
3.61769e-10
3.98212e-10
3.7792e-10
3.82499e-10
3.4087e-10
3.21374e-10
3.84957e-10
3.52729e-10
3.83686e-10
3.55259e-10
3.84333e-10
3.5229e-10
3.33378e-10
3.79818e-10
3.67372e-10
3.23883e-10
3.683e-10
3.76163e-10
3.58157e-10
3.46339e-10
3.37149e-10
3.67412e-10
3.94846e-10
3.48437e-10
3.50401e-10
3.63392e-10
3.78496e-10
3.24937e-10
3.5419e-10
3.07271e-10
3.60521e-10
3.43673e-10
3.89201e-10
3.97225e-10
3.43863e-10
3.55262e-10
3.38178e-10
3.41399e-10
3.95014e-10
3.84437e-10
3.60295e-10
3.68071e-10
3.3492e-10
3.34661e-10
3.20577e-10
3.66672e-10
3.69269e-10
3.66419e-10
3.81047e-10
3.64941e-10
3.36921e-10
3.62503e-10
3.53423e-10
3.43655e-10
3.60913e-10
3.33354e-10
4.08406e-10
3.75979e-10
3.77169e-10
3.54854e-10
3.72785e-10
3.50461e-10
3.58427e-10
2.90329e-10
3.58188e-10
3.783e-10
2.85625e-10
3.56421e-10
3.37358e-10
3.69598e-10
3.64724e-10
3.63908e-10
3.50645e-10
3.86731e-10
3.71079e-10
2.69154e-10
3.42733e-10
3.52422e-10
3.77798e-10
3.83939e-10
3.61528e-10
3.07131e-10
3.25398e-10
3.64856e-10
3.5586e-10
3.53952e-10
3.71065e-10
3.83013e-10
4.03419e-10
3.53913e-10
3.52118e-10
3.53746e-10
3.69315e-10
3.41397e-10
2.97547e-10
3.27513e-10
3.67449e-10
3.89014e-10
3.44339e-10
3.29274e-10
3.68702e-10
3.66508e-10
3.57952e-10
3.57003e-10
3.57993e-10
3.82736e-10
3.80241e-10
3.52046e-10
3.28508e-10
3.71675e-10
3.34216e-10
3.79675e-10
3.59605e-10
3.37697e-10
3.56534e-10
3.43158e-10
3.63389e-10
3.4775e-10
3.6727e-10
2.64966e-10
3.87163e-10
4.0137e-10
3.43126e-10
3.56819e-10
3.69863e-10
3.44177e-10
3.8263e-10
3.78059e-10
3.64119e-10
3.84861e-10
3.5051e-10
3.70131e-10
3.51581e-10
3.37132e-10
3.52187e-10
3.6088e-10
3.58329e-10
3.35666e-10
3.48222e-10
3.71814e-10
3.49184e-10
3.77186e-10
3.87395e-10
3.6123e-10
3.61927e-10
3.43537e-10
3.73805e-10
3.53194e-10
3.67561e-10
3.53176e-10
3.38456e-10
3.5087e-10
3.7118e-10
3.52608e-10
3.13225e-10
3.55283e-10
3.78098e-10
3.29783e-10
3.79745e-10
3.59608e-10
4.02911e-10
3.48706e-10
2.92777e-10
3.74742e-10
2.68486e-10
3.74017e-10
3.45339e-10
3.78295e-10
3.68233e-10
3.17595e-10
3.40254e-10
3.41134e-10
3.10849e-10
3.76036e-10
3.51837e-10
3.25801e-10
3.73676e-10
3.87631e-10
3.1582e-10
3.34244e-10
3.12312e-10
3.42675e-10
3.79927e-10
3.32892e-10
3.99195e-10
3.70322e-10
3.34038e-10
3.53204e-10
3.80898e-10
3.61348e-10
3.34507e-10
3.65974e-10
3.57158e-10
4.12038e-10
3.39353e-10
3.64198e-10
3.67035e-10
3.45916e-10
3.65693e-10
3.68585e-10
3.6639e-10
3.9461e-10
3.59422e-10
3.83285e-10
3.6636e-10
3.78224e-10
3.70011e-10
3.17741e-10
2.98401e-10
4.08817e-10
3.81731e-10
3.8736e-10
3.52087e-10
3.68593e-10
3.65246e-10
3.80074e-10
3.77586e-10
3.94432e-10
3.43474e-10
3.59019e-10
3.55711e-10
3.56103e-10
3.65442e-10
3.5198e-10
3.2574e-10
3.61278e-10
3.716e-10
3.58319e-10
3.81908e-10
3.425e-10
3.76018e-10
3.4754e-10
2.38368e-10
3.85852e-10
3.64434e-10
3.55186e-10
3.61207e-10
3.84553e-10
3.11405e-10
3.60914e-10
3.37572e-10
3.65112e-10
3.5713e-10
3.63885e-10
3.82226e-10
3.46898e-10
3.60779e-10
3.79729e-10
3.9216e-10
3.5593e-10
3.66521e-10
3.47887e-10
3.64767e-10
3.6428e-10
3.6087e-10
3.65e-10
3.50056e-10
3.87969e-10
3.63578e-10
3.72394e-10
3.72845e-10
2.9867e-10
3.33859e-10
3.72494e-10
3.59622e-10
3.62744e-10
3.44665e-10
3.32983e-10
3.6627e-10
3.18593e-10
3.33675e-10
3.54031e-10
3.71048e-10
4.05698e-10
3.85987e-10
3.48182e-10
3.59037e-10
3.92026e-10
3.56121e-10
3.7679e-10
3.86484e-10
3.83861e-10
3.22261e-10
3.47993e-10
3.60488e-10
3.43691e-10
3.58255e-10
3.35825e-10
3.3608e-10
3.79624e-10
3.43424e-10
3.4152e-10
3.61898e-10
3.55124e-10
3.23895e-10
3.49561e-10
3.55242e-10
3.72546e-10
3.53049e-10
3.48304e-10
3.53563e-10
2.99009e-10
3.68559e-10
3.54516e-10
3.5026e-10
3.39521e-10
3.61423e-10
3.7811e-10
3.43291e-10
3.54994e-10
3.55701e-10
3.55674e-10
3.65242e-10
3.87552e-10
3.1445e-10
2.28053e-10
2.91203e-10
3.72343e-10
3.57463e-10
3.85825e-10
3.46409e-10
3.6103e-10
3.71991e-10
3.61837e-10
3.44632e-10
3.24683e-10
3.70071e-10
3.7645e-10
3.87806e-10
3.17915e-10
3.60799e-10
3.56278e-10
3.33113e-10
3.62393e-10
3.01068e-10
3.3742e-10
3.98759e-10
3.56142e-10
3.5413e-10
3.53582e-10
3.54586e-10
3.83626e-10
2.65266e-10
3.6031e-10
3.5175e-10
3.68737e-10
3.50102e-10
3.39912e-10
3.71916e-10
3.32473e-10
3.81635e-10
3.31464e-10
3.75112e-10
3.8788e-10
3.52932e-10
3.73097e-10
3.53497e-10
2.91004e-10
3.53062e-10
3.8031e-10
3.78228e-10
3.75715e-10
3.36423e-10
3.25689e-10
3.73996e-10
3.68058e-10
3.61002e-10
3.29806e-10
3.8601e-10
3.7767e-10
3.52754e-10
3.30225e-10
3.20675e-10
3.72305e-10
3.41301e-10
3.47984e-10
3.61058e-10
3.61052e-10
3.69326e-10
3.54382e-10
3.71054e-10
3.79351e-10
3.26002e-10
3.83538e-10
3.74849e-10
3.66767e-10
3.67144e-10
3.7237e-10
3.70825e-10
3.33405e-10
3.20388e-10
3.64957e-10
3.62053e-10
3.98035e-10
3.67957e-10
3.67869e-10
3.5402e-10
3.54935e-10
3.58991e-10
3.47845e-10
3.67718e-10
3.81002e-10
3.30219e-10
3.52162e-10
3.80525e-10
3.34422e-10
3.5888e-10
3.75568e-10
3.77037e-10
4.06243e-10
3.46592e-10
3.22086e-10
3.63346e-10
3.31576e-10
3.89551e-10
3.53221e-10
3.8813e-10
3.90984e-10
3.82711e-10
3.67703e-10
3.4748e-10
3.78767e-10
3.62342e-10
3.72358e-10
3.80022e-10
3.88485e-10
3.70246e-10
3.45941e-10
3.31602e-10
3.2232e-10
3.54905e-10
3.57713e-10
3.71391e-10
3.87952e-10
3.69674e-10
3.25564e-10
3.72972e-10
3.63129e-10
3.92224e-10
3.87483e-10
3.92395e-10
4.11135e-10
3.60818e-10
3.8567e-10
3.64138e-10
3.78822e-10
3.43629e-10
4.00909e-10
3.61969e-10
3.84533e-10
3.44293e-10
3.78769e-10
3.19565e-10
3.94139e-10
3.5583e-10
3.69229e-10
3.55018e-10
3.29181e-10
3.74972e-10
3.2194e-10
3.54523e-10
3.4758e-10
3.29618e-10
3.5747e-10
3.59618e-10
3.81311e-10
3.12184e-10
3.64204e-10
3.78019e-10
3.76295e-10
3.56163e-10
3.51218e-10
3.68808e-10
4.06642e-10
3.38853e-10
3.60418e-10
2.93213e-10
3.41884e-10
3.79313e-10
3.77562e-10
3.62743e-10
4.15259e-10
3.83018e-10
3.65213e-10
3.10284e-10
3.75559e-10
3.68937e-10
3.78421e-10
3.03798e-10
3.69918e-10
3.5104e-10
2.50469e-10
3.35399e-10
3.54229e-10
3.54295e-10
3.49664e-10
3.73432e-10
3.5142e-10
