2.97872e-10
3.24335e-10
2.30938e-10
3.0372e-10
3.29884e-10
3.27373e-10
3.1775e-10
2.30359e-10
3.24092e-10
3.17606e-10
3.0477e-10
2.58534e-10
2.7792e-10
2.82927e-10
3.42894e-10
3.16965e-10
2.97754e-10
3.35134e-10
2.79844e-10
3.42784e-10
2.9708e-10
3.10343e-10
3.49576e-10
3.02402e-10
3.31757e-10
2.77221e-10
3.24858e-10
3.29877e-10
3.43469e-10
2.64362e-10
3.33972e-10
3.32995e-10
3.42594e-10
2.75123e-10
3.13021e-10
3.28687e-10
2.67499e-10
3.2061e-10
3.41e-10
3.16022e-10
2.98047e-10
3.3683e-10
3.17016e-10
2.11263e-10
3.26244e-10
3.2446e-10
3.314e-10
3.20172e-10
3.34711e-10
3.0398e-10
3.29759e-10
2.94064e-10
3.17887e-10
3.22605e-10
3.34053e-10
3.43923e-10
2.29375e-10
3.06283e-10
2.69391e-10
3.25805e-10
3.23088e-10
3.15647e-10
3.37614e-10
3.48246e-10
3.02003e-10
3.00441e-10
3.16195e-10
3.47364e-10
3.32101e-10
3.16899e-10
3.15902e-10
3.48269e-10
3.2706e-10
3.08173e-10
3.1268e-10
3.33329e-10
3.05931e-10
3.16303e-10
3.04438e-10
3.24969e-10
3.26349e-10
3.09188e-10
3.057e-10
3.06175e-10
3.12279e-10
2.55549e-10
3.0611e-10
3.07137e-10
3.00337e-10
3.27584e-10
3.23565e-10
3.33586e-10
3.30622e-10
3.23954e-10
3.53999e-10
3.49912e-10
3.26199e-10
2.88092e-10
3.05646e-10
3.36673e-10
3.1901e-10
2.85983e-10
2.81677e-10
3.53612e-10
3.03444e-10
3.38231e-10
2.86483e-10
3.2432e-10
3.44732e-10
3.3009e-10
2.96481e-10
3.28388e-10
3.3375e-10
3.07155e-10
3.22734e-10
3.05937e-10
2.44412e-10
2.99404e-10
3.15854e-10
3.38374e-10
3.34007e-10
2.90094e-10
2.9217e-10
2.73985e-10
3.21512e-10
3.15328e-10
3.16173e-10
3.08401e-10
3.31237e-10
3.08309e-10
3.01598e-10
3.11317e-10
3.06894e-10
3.16137e-10
3.26023e-10
3.33867e-10
3.04497e-10
3.28342e-10
2.80897e-10
2.99485e-10
3.27298e-10
3.27151e-10
2.99463e-10
3.44199e-10
3.37076e-10
3.02506e-10
3.09163e-10
3.20516e-10
3.07445e-10
3.00834e-10
3.08765e-10
3.43116e-10
2.97397e-10
2.88292e-10
3.08154e-10
2.88091e-10
3.18517e-10
2.68922e-10
3.19401e-10
3.14778e-10
3.05061e-10
2.44262e-10
3.11722e-10
3.04336e-10
3.30485e-10
2.96708e-10
3.30944e-10
3.35287e-10
2.78265e-10
3.22125e-10
3.11611e-10
3.06081e-10
3.2515e-10
3.46322e-10
3.43467e-10
3.36064e-10
3.23836e-10
3.28773e-10
2.83845e-10
2.90477e-10
2.23787e-10
3.13261e-10
3.34818e-10
3.33029e-10
3.3008e-10
3.1642e-10
2.85095e-10
2.94672e-10
3.19221e-10
3.29616e-10
3.52759e-10
3.25556e-10
3.01577e-10
3.21404e-10
3.14911e-10
2.88381e-10
3.16488e-10
3.25198e-10
3.44588e-10
3.6208e-10
3.0514e-10
3.19757e-10
3.11406e-10
2.83847e-10
3.43236e-10
3.27325e-10
3.27247e-10
3.19061e-10
3.24275e-10
2.59817e-10
3.04524e-10
3.22145e-10
3.17593e-10
3.05448e-10
3.46026e-10
3.37516e-10
3.06215e-10
3.34802e-10
2.67364e-10
2.85467e-10
2.79783e-10
2.92683e-10
3.11402e-10
3.39245e-10
3.25688e-10
2.81998e-10
3.3085e-10
2.90888e-10
3.07913e-10
3.13526e-10
3.27769e-10
3.59304e-10
3.42196e-10
3.03075e-10
2.88866e-10
3.06546e-10
2.51196e-10
2.87274e-10
3.33693e-10
3.28744e-10
3.23779e-10
2.14488e-10
2.60044e-10
3.19581e-10
3.26065e-10
3.57106e-10
3.26436e-10
3.05756e-10
3.19568e-10
3.16853e-10
2.65484e-10
3.26217e-10
3.05265e-10
3.27362e-10
3.38765e-10
3.30442e-10
3.02602e-10
3.05924e-10
2.60707e-10
3.17929e-10
3.22172e-10
2.67675e-10
3.12431e-10
3.57152e-10
3.13905e-10
2.95216e-10
3.29184e-10
3.42901e-10
3.10817e-10
3.23553e-10
3.5848e-10
3.00394e-10
3.00131e-10
3.26525e-10
3.33939e-10
2.74734e-10
3.24312e-10
3.27304e-10
2.96531e-10
3.26407e-10
3.19586e-10
3.311e-10
2.88395e-10
3.08194e-10
3.03666e-10
2.62731e-10
3.35419e-10
3.0942e-10
3.14556e-10
2.7533e-10
3.11725e-10
3.39746e-10
2.91391e-10
3.38947e-10
2.92487e-10
3.33025e-10
3.30869e-10
2.85744e-10
3.11886e-10
3.21111e-10
3.10848e-10
3.12088e-10
3.2118e-10
3.29095e-10
3.08753e-10
3.24134e-10
2.88976e-10
3.16387e-10
3.18811e-10
3.01657e-10
2.72139e-10
2.9113e-10
3.02872e-10
2.60871e-10
3.16969e-10
3.23884e-10
3.19133e-10
3.19841e-10
2.90261e-10
3.28104e-10
3.11964e-10
2.89828e-10
3.22999e-10
3.31277e-10
3.07851e-10
3.19693e-10
3.37502e-10
3.18449e-10
3.0466e-10
3.41707e-10
2.95603e-10
2.07208e-10
3.21041e-10
3.32549e-10
3.03477e-10
3.48641e-10
2.89665e-10
3.19176e-10
3.23697e-10
3.28256e-10
3.13239e-10
3.00826e-10
2.51953e-10
3.13803e-10
3.27382e-10
3.13662e-10
2.87266e-10
3.24133e-10
3.2053e-10
3.17191e-10
3.39098e-10
3.40572e-10
2.98731e-10
3.10836e-10
3.2129e-10
3.27736e-10
3.29508e-10
3.15095e-10
3.12417e-10
3.17991e-10
3.11155e-10
3.32153e-10
3.08648e-10
3.22125e-10
3.09554e-10
3.23813e-10
3.44784e-10
3.00858e-10
2.72084e-10
3.33738e-10
3.1695e-10
3.01774e-10
2.90143e-10
3.42272e-10
2.46541e-10
3.51096e-10
3.4099e-10
3.36693e-10
3.39734e-10
2.93777e-10
3.12845e-10
3.37008e-10
3.24513e-10
3.23997e-10
3.09672e-10
2.57803e-10
2.90207e-10
2.95997e-10
3.41373e-10
3.31232e-10
2.89441e-10
3.5678e-10
3.18528e-10
3.08704e-10
2.71403e-10
2.81053e-10
3.24758e-10
3.43819e-10
3.06688e-10
3.66351e-10
3.07956e-10
2.68309e-10
3.29149e-10
2.50834e-10
3.17499e-10
3.54013e-10
3.23072e-10
3.30788e-10
3.1989e-10
3.20091e-10
3.02082e-10
2.52918e-10
3.05012e-10
3.25593e-10
3.37649e-10
3.5271e-10
3.33825e-10
2.934e-10
2.66268e-10
2.99172e-10
2.89512e-10
2.86849e-10
3.32885e-10
3.49367e-10
2.77575e-10
3.15528e-10
3.35365e-10
3.12403e-10
3.41871e-10
3.34917e-10
3.32762e-10
3.29603e-10
3.06326e-10
3.43749e-10
3.05574e-10
3.3284e-10
3.33063e-10
3.18901e-10
3.20384e-10
3.17889e-10
3.01956e-10
3.01503e-10
3.04564e-10
2.98165e-10
3.55974e-10
3.30217e-10
3.27543e-10
3.29524e-10
3.38166e-10
3.00922e-10
3.05541e-10
2.63312e-10
3.13043e-10
3.09684e-10
3.27511e-10
3.36196e-10
3.20501e-10
3.30153e-10
3.00216e-10
2.98919e-10
3.20972e-10
3.35964e-10
2.60308e-10
3.25488e-10
3.26374e-10
3.30619e-10
3.13739e-10
3.15495e-10
3.03189e-10
3.19915e-10
2.67206e-10
3.31548e-10
2.59316e-10
3.18923e-10
3.30507e-10
3.15206e-10
3.18889e-10
3.11963e-10
3.02295e-10
3.51076e-10
3.2683e-10
3.14202e-10
3.2704e-10
3.06186e-10
3.08217e-10
2.53753e-10
3.12203e-10
2.95896e-10
3.15368e-10
3.3306e-10
3.19162e-10
3.07644e-10
3.14043e-10
3.19653e-10
3.11352e-10
3.32054e-10
2.8626e-10
3.28392e-10
3.2122e-10
3.01119e-10
2.75611e-10
2.82131e-10
3.01512e-10
3.36235e-10
3.09516e-10
3.51069e-10
3.30368e-10
3.00359e-10
2.89443e-10
3.20563e-10
3.2634e-10
3.28885e-10
3.29947e-10
3.09531e-10
3.00411e-10
2.94627e-10
2.78489e-10
3.24226e-10
3.54919e-10
3.38763e-10
3.11241e-10
3.12532e-10
3.22664e-10
2.4681e-10
3.11768e-10
3.10709e-10
3.48747e-10
3.25587e-10
3.14651e-10
3.03148e-10
3.26318e-10
3.14524e-10
3.12618e-10
2.86581e-10
3.30228e-10
3.35048e-10
3.25519e-10
2.89175e-10
3.02714e-10
3.105e-10
3.25085e-10
3.47414e-10
3.27398e-10
3.38914e-10
3.02557e-10
3.18848e-10
3.1528e-10
3.04065e-10
3.16717e-10
2.53766e-10
3.19737e-10
3.17102e-10
3.2233e-10
3.23469e-10
2.99384e-10
2.60948e-10
3.22047e-10
2.89033e-10
3.26358e-10
3.4864e-10
2.98675e-10
3.12804e-10
2.73475e-10
3.05086e-10
3.04236e-10
3.22439e-10
3.10365e-10
3.32411e-10
2.71112e-10
3.27582e-10
2.98425e-10
3.50681e-10
3.41059e-10
3.33871e-10
3.12742e-10
3.27659e-10
3.41589e-10
2.7682e-10
2.80606e-10
2.72186e-10
3.24759e-10
3.27924e-10
3.38604e-10
3.19219e-10
2.93155e-10
3.23479e-10
3.15098e-10
3.447e-10
3.02696e-10
3.23539e-10
3.07163e-10
3.49589e-10
3.23779e-10
2.64629e-10
3.21095e-10
3.16608e-10
3.36697e-10
3.05735e-10
3.22072e-10
2.8851e-10
2.78265e-10
3.27504e-10
2.93094e-10
2.83033e-10
3.31726e-10
3.04497e-10
3.24691e-10
2.73043e-10
2.89665e-10
2.87752e-10
3.02625e-10
3.00403e-10
3.06524e-10
2.82007e-10
3.46511e-10
3.44288e-10
3.1885e-10
2.91495e-10
2.93776e-10
1.8562e-10
2.92632e-10
2.94424e-10
3.34124e-10
3.39268e-10
3.34487e-10
3.39831e-10
2.84003e-10
3.45243e-10
2.85339e-10
3.20583e-10
3.31206e-10
3.28317e-10
3.16167e-10
3.2531e-10
2.85494e-10
3.27596e-10
2.69152e-10
3.27801e-10
3.17081e-10
3.27511e-10
3.40183e-10
2.87804e-10
2.59067e-10
3.25998e-10
3.22858e-10
3.43047e-10
3.29502e-10
3.37292e-10
2.80042e-10
3.26984e-10
3.23434e-10
3.19659e-10
3.20968e-10
3.17578e-10
3.03321e-10
2.60149e-10
3.45058e-10
3.11749e-10
2.72924e-10
2.68886e-10
2.70697e-10
3.06289e-10
3.39869e-10
3.05812e-10
3.18452e-10
2.87636e-10
2.79452e-10
3.10534e-10
3.08093e-10
3.14672e-10
3.20891e-10
3.61677e-10
3.22048e-10
3.09674e-10
3.19526e-10
3.17258e-10
3.00374e-10
3.23171e-10
3.13576e-10
2.58568e-10
3.3833e-10
3.30913e-10
3.40378e-10
3.43572e-10
3.31312e-10
3.19508e-10
2.59226e-10
3.18822e-10
3.10099e-10
2.97079e-10
3.23639e-10
3.0717e-10
3.30709e-10
2.9161e-10
3.12391e-10
3.26384e-10
3.46689e-10
3.18785e-10
3.12832e-10
3.24876e-10
3.2103e-10
3.20985e-10
3.36524e-10
3.09866e-10
3.0205e-10
2.91839e-10
3.28991e-10
2.68337e-10
3.21719e-10
3.30993e-10
2.69472e-10
3.08268e-10
3.41557e-10
2.91033e-10
3.2461e-10
3.34531e-10
2.95253e-10
2.80705e-10
3.2073e-10
3.6021e-10
3.19604e-10
2.88507e-10
2.78832e-10
2.16798e-10
2.97384e-10
3.39566e-10
3.14297e-10
2.89057e-10
2.97397e-10
3.21117e-10
3.06576e-10
3.31423e-10
2.89561e-10
3.30694e-10
3.27918e-10
3.20354e-10
3.39301e-10
3.31603e-10
3.44319e-10
2.76859e-10
2.27036e-10
3.28787e-10
3.38028e-10
3.53044e-10
2.58839e-10
3.46965e-10
3.27382e-10
2.84904e-10
3.04068e-10
3.01328e-10
2.8702e-10
3.4298e-10
3.32442e-10
2.94623e-10
2.91473e-10
2.58814e-10
2.6339e-10
3.25796e-10
3.14956e-10
3.07346e-10
3.2181e-10
2.73081e-10
2.70286e-10
2.64224e-10
3.10542e-10
3.28996e-10
2.8427e-10
3.62772e-10
3.18024e-10
3.51939e-10
3.21773e-10
3.34264e-10
3.18228e-10
2.78153e-10
3.2238e-10
3.45115e-10
3.46203e-10
3.30074e-10
3.15822e-10
2.92835e-10
3.3724e-10
3.30883e-10
3.45252e-10
2.63313e-10
3.35571e-10
2.66759e-10
3.14604e-10
3.60577e-10
3.25473e-10
3.18027e-10
2.93446e-10
3.44197e-10
2.94114e-10
3.20026e-10
3.28792e-10
3.30397e-10
2.85706e-10
3.00419e-10
3.36936e-10
3.4979e-10
2.18438e-10
3.34973e-10
3.01531e-10
3.13207e-10
3.19654e-10
3.03272e-10
2.93263e-10
3.58965e-10
3.20259e-10
3.17532e-10
3.10689e-10
2.90878e-10
3.09114e-10
3.05548e-10
3.51004e-10
2.70707e-10
3.06729e-10
3.07302e-10
3.35634e-10
2.89319e-10
3.2961e-10
3.065e-10
3.5328e-10
3.23855e-10
2.99551e-10
3.21886e-10
3.30191e-10
3.1275e-10
2.70632e-10
3.01284e-10
3.39678e-10
3.09991e-10
2.95364e-10
3.07086e-10
3.11543e-10
2.94773e-10
3.39141e-10
3.14665e-10
2.78712e-10
3.11915e-10
3.20553e-10
3.26573e-10
3.11622e-10
3.21789e-10
3.51348e-10
3.13832e-10
3.48683e-10
3.5826e-10
2.90903e-10
3.09239e-10
3.34825e-10
3.071e-10
3.18462e-10
3.13145e-10
3.49408e-10
3.47654e-10
3.1539e-10
2.98439e-10
3.08798e-10
2.83095e-10
3.14476e-10
3.44312e-10
3.1227e-10
3.42309e-10
3.35677e-10
2.78024e-10
3.17863e-10
3.22147e-10
3.25308e-10
2.24242e-10
3.44724e-10
3.3738e-10
3.19568e-10
2.4101e-10
2.75442e-10
2.42958e-10
3.26991e-10
2.59048e-10
3.41047e-10
3.00385e-10
3.19111e-10
3.2226e-10
3.01276e-10
2.81212e-10
2.83119e-10
3.34512e-10
3.27616e-10
3.36098e-10
2.90471e-10
3.22547e-10
2.72989e-10
3.04366e-10
2.76639e-10
3.07333e-10
3.34835e-10
2.85957e-10
3.20942e-10
3.41706e-10
3.19102e-10
2.80157e-10
2.67062e-10
2.83696e-10
3.35439e-10
3.36169e-10
2.96971e-10
2.62879e-10
3.11254e-10
3.24094e-10
3.19659e-10
3.23049e-10
3.4084e-10
3.65632e-10
3.36581e-10
3.10037e-10
2.94781e-10
2.69552e-10
3.22948e-10
3.19944e-10
3.43429e-10
3.20308e-10
2.52596e-10
2.93937e-10
3.11139e-10
3.15286e-10
3.27882e-10
3.02794e-10
3.47411e-10
3.48609e-10
3.13457e-10
2.48894e-10
3.17267e-10
2.86473e-10
3.31776e-10
3.27939e-10
3.31071e-10
3.29591e-10
3.22095e-10
3.20904e-10
3.31977e-10
3.32901e-10
3.13147e-10
3.24714e-10
3.17949e-10
3.44015e-10
3.36858e-10
3.12551e-10
3.00332e-10
3.29195e-10
3.2626e-10
3.34289e-10
3.18747e-10
3.34029e-10
2.99817e-10
2.4325e-10
3.48329e-10
3.1513e-10
3.36464e-10
3.26914e-10
2.58926e-10
3.2899e-10
3.24036e-10
3.23527e-10
2.80407e-10
3.31846e-10
3.20222e-10
3.27812e-10
3.26931e-10
3.34736e-10
2.95093e-10
2.57522e-10
3.22687e-10
3.16322e-10
2.80387e-10
3.31842e-10
3.55015e-10
3.18281e-10
3.15458e-10
3.0092e-10
3.34257e-10
3.09568e-10
3.01525e-10
3.18048e-10
3.23186e-10
2.9964e-10
3.34916e-10
3.12935e-10
3.33318e-10
3.03949e-10
3.51266e-10
3.14615e-10
3.23441e-10
3.26122e-10
2.98953e-10
3.00541e-10
2.75044e-10
2.90445e-10
2.72809e-10
2.71623e-10
3.15535e-10
3.48833e-10
3.34869e-10
3.01995e-10
3.1044e-10
3.43323e-10
3.11325e-10
3.28537e-10
3.2739e-10
3.35551e-10
3.13633e-10
3.07753e-10
3.0759e-10
3.00625e-10
3.03251e-10
3.29941e-10
3.16959e-10
3.54838e-10
3.09329e-10
2.92234e-10
3.30385e-10
3.32977e-10
3.46777e-10
3.29519e-10
3.34876e-10
3.57183e-10
3.27394e-10
3.18411e-10
3.04071e-10
2.54979e-10
3.20989e-10
3.24422e-10
1.57617e-10
3.4582e-10
2.33281e-10
3.04454e-10
2.83983e-10
2.91985e-10
3.20533e-10
3.35496e-10
3.3035e-10
3.45149e-10
3.25868e-10
2.98982e-10
3.02322e-10
2.95389e-10
2.39373e-10
3.37383e-10
2.95734e-10
3.38849e-10
3.17201e-10
2.83006e-10
3.00607e-10
2.95667e-10
3.35541e-10
3.18192e-10
3.132e-10
3.61637e-10
3.13732e-10
2.88551e-10
3.06255e-10
3.28428e-10
3.06014e-10
2.77454e-10
2.82323e-10
3.43412e-10
3.35096e-10
3.22663e-10
3.0867e-10
2.68256e-10
3.0157e-10
2.99194e-10
3.14457e-10
3.53909e-10
3.11127e-10
2.87412e-10
2.6549e-10
3.0581e-10
3.194e-10
3.07293e-10
3.26101e-10
3.61313e-10
2.88338e-10
3.17574e-10
3.18936e-10
2.92082e-10
2.7276e-10
3.14801e-10
3.3498e-10
2.38935e-10
2.97754e-10
2.88334e-10
3.09858e-10
3.3506e-10
3.18915e-10
3.215e-10
3.06499e-10
3.31957e-10
2.93231e-10
2.86044e-10
2.97112e-10
3.38965e-10
3.20905e-10
2.91887e-10
3.36446e-10
3.47254e-10
2.77398e-10
3.14063e-10
3.0515e-10
3.37406e-10
3.04158e-10
3.44836e-10
3.11332e-10
2.86887e-10
3.14792e-10
2.83116e-10
3.25651e-10
3.19098e-10
3.25915e-10
3.4896e-10
3.11382e-10
3.27224e-10
3.00992e-10
2.78126e-10
3.0161e-10
3.09523e-10
3.17744e-10
3.16245e-10
3.31945e-10
3.40047e-10
3.33925e-10
3.0851e-10
3.25097e-10
3.0481e-10
3.51326e-10
3.22842e-10
3.28703e-10
3.53575e-10
3.18452e-10
3.2688e-10
3.12764e-10
3.19826e-10
3.40132e-10
3.24602e-10
3.19665e-10
3.1968e-10
3.26236e-10
3.49425e-10
2.85935e-10
3.02937e-10
3.21967e-10
3.29406e-10
3.32927e-10
3.19355e-10
3.36523e-10
2.95337e-10
2.97951e-10
3.25651e-10
3.09032e-10
2.87193e-10
3.39902e-10
3.17165e-10
3.11661e-10
3.1152e-10
3.31841e-10
3.35333e-10
2.99961e-10
3.05647e-10
2.32111e-10
3.5098e-10
2.95229e-10
3.3756e-10
2.27307e-10
3.15891e-10
3.27552e-10
3.3533e-10
3.04595e-10
3.37724e-10
3.11855e-10
3.03773e-10
3.40816e-10
2.96772e-10
3.28805e-10
3.376e-10
3.10318e-10
2.63488e-10
3.13483e-10
3.09144e-10
3.13563e-10
3.39494e-10
3.5762e-10
3.25343e-10
3.47322e-10
3.66885e-10
2.71845e-10
2.97822e-10
3.12027e-10
3.47001e-10
3.3936e-10
3.34714e-10
3.507e-10
3.04884e-10
2.85474e-10
2.64975e-10
3.25219e-10
3.16602e-10
3.15034e-10
3.03415e-10
2.92258e-10
3.26595e-10
3.28348e-10
3.23617e-10
3.05526e-10
3.03118e-10
3.12417e-10
2.81162e-10
3.09905e-10
3.17493e-10
3.0172e-10
2.84197e-10
3.03651e-10
2.83367e-10
3.43474e-10
3.45473e-10
3.32713e-10
3.23634e-10
3.0885e-10
2.75277e-10
3.30099e-10
3.01021e-10
3.14539e-10
3.26249e-10
3.54117e-10
3.11595e-10
2.77039e-10
3.49636e-10
2.99918e-10
2.89729e-10
3.13472e-10
3.4032e-10
3.52149e-10
2.91458e-10
2.94257e-10
3.32131e-10
3.25491e-10
3.17705e-10
3.14241e-10
3.50612e-10
3.12582e-10
3.32233e-10
3.13255e-10
3.01342e-10
3.05373e-10
3.03027e-10
2.15183e-10
2.95684e-10
2.936e-10
3.54495e-10
2.78931e-10
3.26442e-10
2.93984e-10
3.40646e-10
2.60557e-10
2.86438e-10
3.35221e-10
3.31979e-10
2.84772e-10
3.21858e-10
2.84365e-10
3.32681e-10
3.0566e-10
2.63753e-10
2.93032e-10
3.43698e-10
3.04083e-10
2.51317e-10
3.09899e-10
3.33281e-10
2.98881e-10
3.09526e-10
3.28938e-10
3.3863e-10
3.34893e-10
2.99814e-10
3.0871e-10
3.38878e-10
3.28639e-10
3.37514e-10
3.35483e-10
3.48832e-10
3.14792e-10
3.07444e-10
3.01568e-10
2.58977e-10
3.36361e-10
3.38586e-10
3.49665e-10
3.38963e-10
3.35579e-10
3.21658e-10
3.36754e-10
3.45303e-10
3.40666e-10
3.34247e-10
2.99457e-10
3.4028e-10
3.1924e-10
2.82094e-10
2.67113e-10
3.242e-10
3.23761e-10
3.22314e-10
3.32829e-10
3.24397e-10
3.11634e-10
3.43753e-10
3.15108e-10
3.22634e-10
3.1371e-10
3.29709e-10
3.47985e-10
3.54594e-10
2.79094e-10
3.13695e-10
2.71158e-10
2.82689e-10
2.96834e-10
3.27674e-10
3.36652e-10
3.24546e-10
3.24948e-10
3.34542e-10
2.84001e-10
3.28318e-10
2.78698e-10
3.03395e-10
3.42603e-10
3.43211e-10
3.24826e-10
3.42515e-10
3.13317e-10
3.33342e-10
2.85472e-10
3.17664e-10
2.83969e-10
3.38825e-10
3.21159e-10
3.39194e-10
3.26681e-10
2.99899e-10
3.39491e-10
3.47343e-10
3.10934e-10
3.58686e-10
3.09139e-10
3.33111e-10
2.97419e-10
3.17435e-10
2.96451e-10
3.09e-10
3.29182e-10
3.23003e-10
2.8626e-10
2.89337e-10
3.00231e-10
2.88341e-10
3.01941e-10
3.3121e-10
3.13584e-10
3.29209e-10
3.18375e-10
2.6813e-10
3.26453e-10
3.10254e-10
2.99132e-10
3.3729e-10
2.85498e-10
3.34951e-10
2.97397e-10
3.25411e-10
2.98702e-10
3.2373e-10
2.7611e-10
3.45392e-10
3.38722e-10
3.10155e-10
3.01672e-10
3.08626e-10
3.2262e-10
3.06827e-10
2.61522e-10
2.80712e-10
3.39934e-10
3.53834e-10
2.89482e-10
3.29674e-10
2.79682e-10
3.26061e-10
3.06078e-10
3.27786e-10
3.22901e-10
3.17467e-10
3.06874e-10
3.24527e-10
3.1059e-10
2.52807e-10
3.07583e-10
2.77428e-10
3.45754e-10
3.44811e-10
3.31352e-10
2.43435e-10
3.31848e-10
3.32322e-10
2.83117e-10
3.39332e-10
3.21672e-10
3.44518e-10
2.7086e-10
2.92746e-10
3.47538e-10
2.87149e-10
3.3893e-10
3.39712e-10
3.04904e-10
3.27404e-10
2.5835e-10
2.95058e-10
3.40419e-10
3.17269e-10
3.27649e-10
3.05966e-10
3.40245e-10
3.3668e-10
3.3271e-10
2.76422e-10
2.97792e-10
3.18227e-10
3.2902e-10
2.92793e-10
3.28906e-10
3.15476e-10
3.36666e-10
3.15515e-10
3.24819e-10
3.16149e-10
2.95129e-10
2.71074e-10
3.35706e-10
3.57319e-10
3.00439e-10
3.38099e-10
2.92891e-10
3.02527e-10
3.3785e-10
3.06325e-10
3.10774e-10
3.16563e-10
2.77398e-10
2.81535e-10
3.10271e-10
3.04442e-10
3.17249e-10
3.18397e-10
3.03843e-10
3.2816e-10
3.36985e-10
3.27571e-10
2.17613e-10
3.27067e-10
2.64106e-10
2.75812e-10
2.98778e-10
3.42978e-10
2.96785e-10
3.12596e-10
2.9824e-10
3.31957e-10
3.28177e-10
3.3232e-10
3.06798e-10
3.42492e-10
3.11041e-10
3.39171e-10
3.2972e-10
3.15876e-10
3.38812e-10
3.14868e-10
3.41355e-10
3.29307e-10
3.38199e-10
3.25896e-10
3.34022e-10
2.90136e-10
3.43032e-10
3.12772e-10
3.35786e-10
3.39677e-10
3.25136e-10
3.05485e-10
3.23661e-10
3.37944e-10
3.1449e-10
3.12686e-10
2.88692e-10
2.97951e-10
3.24036e-10
2.93084e-10
3.35706e-10
3.3671e-10
3.20027e-10
2.96236e-10
3.39403e-10
2.90432e-10
3.40922e-10
3.10419e-10
3.04562e-10
2.85797e-10
3.06492e-10
2.77155e-10
3.15813e-10
3.30237e-10
3.03531e-10
2.99562e-10
3.08673e-10
2.70686e-10
3.21063e-10
3.13377e-10
2.91341e-10
2.96665e-10
2.88041e-10
2.97961e-10
3.26555e-10
3.06705e-10
3.3088e-10
2.83491e-10
3.16165e-10
2.70784e-10
2.66932e-10
2.7576e-10
3.09571e-10
3.24672e-10
2.76103e-10
3.26631e-10
3.18861e-10
3.56602e-10
2.83666e-10
3.03854e-10
2.55784e-10
2.61449e-10
2.88652e-10
3.1134e-10
3.3884e-10
3.18749e-10
3.17263e-10
2.83015e-10
3.10498e-10
3.22919e-10
3.11338e-10
3.26203e-10
3.19987e-10
2.71032e-10
2.98787e-10
3.11136e-10
2.8498e-10
3.36281e-10
3.24065e-10
3.21325e-10
2.82007e-10
3.58396e-10
3.06802e-10
2.28464e-10
3.37524e-10
3.33862e-10
3.01825e-10
3.09867e-10
3.57273e-10
3.41011e-10
3.29405e-10
3.09005e-10
3.3755e-10
3.20352e-10
3.21491e-10
3.04821e-10
3.47796e-10
3.3893e-10
3.28482e-10
3.32824e-10
3.17383e-10
3.16048e-10
3.2041e-10
3.10789e-10
3.49696e-10
3.53436e-10
3.14294e-10
3.09324e-10
3.16417e-10
2.96189e-10
3.17186e-10
3.3792e-10
3.32986e-10
3.21027e-10
2.44219e-10
3.21613e-10
3.18199e-10
2.87054e-10
2.82098e-10
3.18979e-10
3.13778e-10
3.39722e-10
3.21026e-10
3.33154e-10
2.68333e-10
3.27579e-10
2.93942e-10
3.18676e-10
3.09628e-10
2.98551e-10
2.67242e-10
3.09738e-10
3.08209e-10
3.10123e-10
3.20483e-10
3.21646e-10
3.00353e-10
3.40988e-10
3.1025e-10
3.09525e-10
3.15846e-10
3.27133e-10
2.99611e-10
2.41703e-10
3.29244e-10
3.46264e-10
3.10309e-10
3.02918e-10
3.35935e-10
3.43638e-10
2.8585e-10
3.44235e-10
3.41177e-10
3.23659e-10
3.22896e-10
2.93332e-10
3.24516e-10
3.12229e-10
2.99815e-10
3.00761e-10
3.15965e-10
3.41907e-10
2.97989e-10
2.96473e-10
3.18946e-10
3.05402e-10
3.07824e-10
2.83826e-10
3.10472e-10
3.19844e-10
3.20294e-10
3.14712e-10
2.93243e-10
3.37795e-10
3.11371e-10
2.98899e-10
3.43997e-10
2.73298e-10
3.42526e-10
3.25644e-10
3.07872e-10
3.47341e-10
3.22814e-10
2.98715e-10
3.23142e-10
3.09616e-10
2.81235e-10
3.19715e-10
2.85771e-10
3.2666e-10
2.66886e-10
2.78084e-10
3.27414e-10
3.33347e-10
2.98787e-10
3.06931e-10
3.25991e-10
2.34771e-10
3.3096e-10
3.20111e-10
2.93778e-10
3.22983e-10
2.98392e-10
3.28663e-10
3.03871e-10
3.10473e-10
3.2228e-10
2.77057e-10
2.9383e-10
3.17097e-10
2.03594e-10
3.22731e-10
3.17993e-10
2.76633e-10
3.03882e-10
3.2427e-10
3.17246e-10
3.53461e-10
2.90645e-10
3.0917e-10
3.09198e-10
2.73346e-10
3.42877e-10
2.88516e-10
3.46432e-10
2.98421e-10
3.12895e-10
3.19413e-10
2.44343e-10
2.95663e-10
3.17508e-10
3.20783e-10
3.32845e-10
2.85035e-10
2.83918e-10
3.28435e-10
3.24948e-10
3.03227e-10
2.9599e-10
3.43683e-10
2.918e-10
3.41028e-10
3.16995e-10
3.28963e-10
3.12754e-10
3.33373e-10
2.94887e-10
3.54636e-10
3.06053e-10
3.47054e-10
3.26021e-10
3.4288e-10
3.31974e-10
3.03901e-10
2.7814e-10
3.2737e-10
3.05818e-10
3.25239e-10
2.45e-10
2.87726e-10
2.77995e-10
3.00544e-10
3.04419e-10
2.71434e-10
2.87204e-10
2.93697e-10
3.26249e-10
3.15359e-10
3.32054e-10
2.83443e-10
2.84934e-10
3.15238e-10
3.2526e-10
3.51504e-10
3.40631e-10
2.7792e-10
3.05679e-10
3.12773e-10
3.33282e-10
3.23081e-10
3.39766e-10
3.04164e-10
3.29149e-10
3.26865e-10
2.87281e-10
2.65222e-10
2.81473e-10
3.3249e-10
3.13074e-10
3.47314e-10
2.92926e-10
3.13732e-10
3.24501e-10
3.13329e-10
3.07909e-10
3.29111e-10
3.60724e-10
3.66263e-10
3.17487e-10
3.33058e-10
3.11437e-10
3.19357e-10
2.83608e-10
2.95591e-10
3.20259e-10
3.06386e-10
3.52783e-10
3.42559e-10
3.23515e-10
3.4239e-10
3.00667e-10
3.39252e-10
3.30381e-10
3.45117e-10
2.95828e-10
2.68958e-10
3.13358e-10
3.10636e-10
3.48793e-10
3.08562e-10
3.12576e-10
3.01947e-10
3.46928e-10
3.09435e-10
3.28494e-10
3.33692e-10
3.13608e-10
3.27971e-10
2.92781e-10
3.44297e-10
3.03488e-10
3.2499e-10
2.95739e-10
3.4164e-10
3.0837e-10
3.44337e-10
3.24912e-10
3.42816e-10
3.16318e-10
3.31491e-10
2.87518e-10
3.19498e-10
2.97984e-10
3.09722e-10
3.39727e-10
3.33605e-10
3.05724e-10
2.81676e-10
3.41452e-10
2.99547e-10
2.76798e-10
3.14406e-10
2.92594e-10
3.01095e-10
3.06874e-10
3.28724e-10
3.2955e-10
3.28518e-10
2.81776e-10
3.42291e-10
3.35722e-10
3.23688e-10
2.93306e-10
2.68903e-10
2.51718e-10
2.25579e-10
3.07443e-10
3.02689e-10
3.46492e-10
3.56418e-10
3.15616e-10
3.14353e-10
3.11163e-10
2.77099e-10
3.13171e-10
2.90005e-10
3.2254e-10
3.06178e-10
3.24233e-10
2.89718e-10
2.57589e-10
3.12314e-10
3.15446e-10
2.86228e-10
3.13376e-10
3.20376e-10
3.11578e-10
3.24461e-10
3.25654e-10
3.11991e-10
3.14632e-10
2.83983e-10
3.51353e-10
3.46982e-10
3.21519e-10
3.19654e-10
3.12102e-10
3.08705e-10
3.09185e-10
2.78425e-10
3.3269e-10
3.25205e-10
2.95959e-10
3.25576e-10
3.20154e-10
3.36949e-10
3.46531e-10
3.23606e-10
3.11106e-10
3.51819e-10
3.08259e-10
3.01324e-10
2.58494e-10
2.59786e-10
3.04187e-10
3.24847e-10
3.46371e-10
3.32536e-10
2.94185e-10
3.08267e-10
3.2309e-10
3.17363e-10
3.15842e-10
3.23159e-10
3.45476e-10
3.10919e-10
3.59533e-10
3.25887e-10
3.14501e-10
3.21751e-10
3.16773e-10
3.27003e-10
3.35223e-10
3.40885e-10
3.02738e-10
3.2736e-10
3.39058e-10
3.17646e-10
3.13571e-10
3.02184e-10
3.46853e-10
3.39207e-10
3.14651e-10
3.12189e-10
3.24499e-10
3.32499e-10
3.26501e-10
2.86068e-10
3.32221e-10
3.18747e-10
3.19622e-10
3.39361e-10
2.95001e-10
3.17886e-10
3.1118e-10
2.70875e-10
3.44337e-10
3.19974e-10
2.69551e-10
3.31729e-10
2.49248e-10
3.26218e-10
3.37194e-10
2.87996e-10
3.43059e-10
3.53469e-10
3.49899e-10
2.96959e-10
3.41377e-10
3.31974e-10
3.26878e-10
2.94129e-10
3.51052e-10
3.42263e-10
3.24635e-10
3.12931e-10
3.30376e-10
3.08173e-10
2.99237e-10
2.59212e-10
3.40076e-10
3.79059e-10
3.13757e-10
3.0247e-10
3.38463e-10
3.28461e-10
3.06726e-10
3.4516e-10
3.27958e-10
3.42092e-10
3.15368e-10
3.18586e-10
3.30088e-10
3.25351e-10
2.85107e-10
3.36175e-10
3.37692e-10
3.05083e-10
2.81521e-10
2.88811e-10
3.00021e-10
3.03241e-10
2.78191e-10
3.28165e-10
3.48405e-10
3.37637e-10
2.55113e-10
3.15881e-10
3.09144e-10
3.382e-10
3.28779e-10
3.1028e-10
3.2022e-10
3.24917e-10
3.28337e-10
3.26299e-10
3.15845e-10
3.13033e-10
2.90313e-10
2.68317e-10
3.32531e-10
3.38158e-10
3.10069e-10
3.21417e-10
3.33979e-10
3.24366e-10
3.16158e-10
2.66262e-10
3.30074e-10
3.19656e-10
3.24772e-10
3.08856e-10
3.19291e-10
3.02581e-10
3.17583e-10
2.91801e-10
3.47342e-10
3.21911e-10
3.12369e-10
2.86493e-10
2.92893e-10
3.20223e-10
3.11798e-10
3.46146e-10
3.05441e-10
3.49732e-10
2.70606e-10
2.89177e-10
3.23964e-10
2.91037e-10
3.35773e-10
3.35249e-10
3.25891e-10
3.48959e-10
3.32052e-10
2.9731e-10
3.14068e-10
3.1639e-10
3.23503e-10
2.72648e-10
3.1649e-10
3.33681e-10
2.82891e-10
3.37325e-10
3.21757e-10
3.15896e-10
3.00244e-10
2.83043e-10
3.29191e-10
3.28587e-10
3.30722e-10
3.35105e-10
3.07656e-10
3.3213e-10
3.06363e-10
3.3039e-10
3.50568e-10
3.56047e-10
3.29792e-10
3.18503e-10
2.83745e-10
3.15096e-10
3.45416e-10
3.41644e-10
3.51031e-10
3.31543e-10
2.99975e-10
2.79868e-10
2.88317e-10
3.10717e-10
3.06164e-10
2.8714e-10
3.0681e-10
3.09368e-10
3.11991e-10
3.00619e-10
3.04651e-10
3.19134e-10
2.81116e-10
3.39707e-10
3.39115e-10
3.12556e-10
3.11297e-10
2.92564e-10
3.26611e-10
3.08356e-10
2.87806e-10
3.11842e-10
3.42487e-10
3.40422e-10
3.14221e-10
3.32012e-10
3.06106e-10
3.00704e-10
2.31707e-10
3.29008e-10
2.81736e-10
3.61309e-10
2.64247e-10
3.07533e-10
3.05547e-10
2.87773e-10
3.41551e-10
3.40832e-10
3.27201e-10
3.5552e-10
3.1458e-10
2.36639e-10
3.03747e-10
3.26914e-10
2.23352e-10
3.32956e-10
3.28577e-10
2.5298e-10
3.29657e-10
3.10464e-10
2.84387e-10
3.13676e-10
3.3279e-10
3.06668e-10
3.11937e-10
3.5779e-10
3.17201e-10
2.97644e-10
3.02824e-10
3.36456e-10
3.28043e-10
3.11626e-10
3.28406e-10
3.45374e-10
2.52596e-10
3.38573e-10
2.79929e-10
3.1971e-10
3.24656e-10
2.33642e-10
2.83218e-10
3.43385e-10
2.96217e-10
3.1343e-10
3.23019e-10
3.09293e-10
2.93571e-10
3.27279e-10
3.51489e-10
3.40623e-10
3.21405e-10
3.14043e-10
2.30073e-10
3.33276e-10
2.90107e-10
3.22311e-10
3.20114e-10
3.41334e-10
3.0466e-10
2.88587e-10
3.05372e-10
2.89387e-10
2.7662e-10
3.57778e-10
3.19137e-10
3.20046e-10
3.32153e-10
2.94921e-10
2.55301e-10
3.04595e-10
2.9942e-10
3.35266e-10
3.26783e-10
3.19917e-10
3.02143e-10
3.15081e-10
2.72639e-10
3.18687e-10
3.30134e-10
3.30332e-10
2.81886e-10
3.45268e-10
3.33464e-10
2.949e-10
3.07909e-10
3.07536e-10
3.40643e-10
3.17613e-10
3.20886e-10
2.53088e-10
3.2672e-10
3.31521e-10
3.01592e-10
3.08843e-10
3.066e-10
3.50554e-10
3.31547e-10
3.07933e-10
3.18375e-10
3.0418e-10
2.7798e-10
3.19153e-10
3.13091e-10
3.38827e-10
3.25428e-10
3.12052e-10
3.38537e-10
3.18066e-10
2.4431e-10
2.99247e-10
2.83334e-10
2.83061e-10
3.30266e-10
2.96009e-10
3.18044e-10
3.23196e-10
3.11528e-10
3.29867e-10
2.98971e-10
2.89676e-10
3.16986e-10
3.38612e-10
2.91821e-10
3.11851e-10
3.11324e-10
3.324e-10
2.73665e-10
3.03699e-10
3.05225e-10
3.47894e-10
3.21454e-10
3.04256e-10
2.9225e-10
3.31886e-10
3.39465e-10
3.33691e-10
3.20471e-10
3.08519e-10
3.23606e-10
2.87312e-10
3.14964e-10
2.91501e-10
2.70726e-10
3.1656e-10
3.55934e-10
3.64868e-10
3.1634e-10
3.30334e-10
3.24824e-10
3.11457e-10
3.31327e-10
3.4284e-10
3.38478e-10
3.1998e-10
2.84532e-10
3.25569e-10
3.10749e-10
2.46987e-10
2.67368e-10
2.90354e-10
2.71213e-10
3.27795e-10
3.41871e-10
2.7239e-10
3.03675e-10
3.03878e-10
2.36007e-10
3.15866e-10
2.82863e-10
3.31772e-10
3.2737e-10
3.02056e-10
3.30236e-10
3.19996e-10
3.20937e-10
3.10887e-10
3.01289e-10
3.25252e-10
2.93969e-10
3.1977e-10
3.31375e-10
3.38554e-10
3.10932e-10
2.98155e-10
2.96818e-10
3.13273e-10
3.30722e-10
2.98524e-10
2.93202e-10
3.01275e-10
3.30165e-10
2.8499e-10
2.87274e-10
3.18079e-10
3.06584e-10
3.46995e-10
2.98465e-10
3.06005e-10
3.41326e-10
3.31464e-10
3.1549e-10
3.14658e-10
3.16232e-10
2.89783e-10
2.86437e-10
3.18501e-10
3.0839e-10
3.0298e-10
3.01162e-10
3.42631e-10
2.83918e-10
3.2094e-10
3.31383e-10
3.07907e-10
3.45516e-10
2.93307e-10
3.19258e-10
3.53242e-10
3.20587e-10
2.87325e-10
2.87859e-10
3.31458e-10
2.98359e-10
3.39885e-10
2.95184e-10
3.16623e-10
2.79256e-10
3.34655e-10
3.43764e-10
3.14994e-10
2.96082e-10
2.50186e-10
3.07882e-10
2.946e-10
3.09548e-10
3.00894e-10
3.19784e-10
2.43919e-10
3.1344e-10
2.87471e-10
3.30289e-10
3.51641e-10
3.31607e-10
3.27086e-10
3.17376e-10
3.08443e-10
3.08935e-10
3.32438e-10
3.13207e-10
3.32689e-10
2.93604e-10
2.84934e-10
3.00445e-10
2.87517e-10
3.4811e-10
3.23387e-10
2.75359e-10
3.50859e-10
3.35488e-10
3.30907e-10
3.05867e-10
3.24762e-10
3.28686e-10
3.28494e-10
2.86045e-10
3.24794e-10
2.02812e-10
3.35159e-10
2.99182e-10
3.11088e-10
3.32061e-10
3.2482e-10
3.43525e-10
3.14418e-10
3.12127e-10
3.25806e-10
2.30124e-10
3.07549e-10
3.30115e-10
3.14752e-10
3.29487e-10
3.09898e-10
3.14125e-10
3.10689e-10
3.27135e-10
3.16193e-10
3.22296e-10
3.09314e-10
3.27608e-10
3.29241e-10
2.98335e-10
3.17378e-10
2.93109e-10
3.19859e-10
3.24258e-10
3.44556e-10
3.36355e-10
2.41797e-10
3.17985e-10
2.72271e-10
3.30787e-10
3.20249e-10
3.21181e-10
3.04179e-10
3.36617e-10
3.30546e-10
3.15413e-10
3.44036e-10
3.28177e-10
3.38154e-10
3.00388e-10
3.05227e-10
3.3513e-10
3.04769e-10
3.22469e-10
3.14143e-10
2.80776e-10
3.21342e-10
2.82424e-10
3.10754e-10
3.24749e-10
3.61266e-10
3.08979e-10
3.2764e-10
3.34902e-10
3.21302e-10
2.89436e-10
2.9594e-10
3.21101e-10
3.3199e-10
2.96408e-10
3.01767e-10
2.92326e-10
2.79505e-10
3.36163e-10
3.43409e-10
3.25752e-10
3.35802e-10
3.01624e-10
3.14848e-10
3.06918e-10
2.99653e-10
2.54664e-10
3.2633e-10
2.98427e-10
3.05445e-10
2.84411e-10
3.06408e-10
3.50248e-10
3.21309e-10
2.97791e-10
3.17352e-10
3.26245e-10
3.04477e-10
3.04942e-10
3.10335e-10
3.07396e-10
3.05977e-10
2.66133e-10
2.84261e-10
3.28462e-10
3.37017e-10
3.0148e-10
2.66591e-10
3.19198e-10
2.98563e-10
3.40685e-10
3.08094e-10
3.00116e-10
3.36283e-10
2.7611e-10
2.82594e-10
3.45504e-10
3.00617e-10
3.32379e-10
3.13894e-10
3.3179e-10
3.43836e-10
2.79256e-10
2.22035e-10
3.16682e-10
3.36659e-10
2.39954e-10
3.06955e-10
3.30131e-10
3.51133e-10
3.0599e-10
3.271e-10
2.58038e-10
3.00913e-10
3.0474e-10
3.16404e-10
3.19288e-10
2.84347e-10
3.02557e-10
2.79768e-10
2.60113e-10
3.28565e-10
3.24884e-10
2.65934e-10
2.78527e-10
3.35948e-10
2.97397e-10
3.22704e-10
3.3469e-10
3.04119e-10
3.51534e-10
3.05853e-10
3.17318e-10
3.75527e-10
2.96088e-10
3.2371e-10
3.21336e-10
3.094e-10
3.17254e-10
3.18423e-10
3.32315e-10
3.55419e-10
2.94399e-10
3.30013e-10
3.08476e-10
3.27052e-10
2.85545e-10
3.21299e-10
3.03456e-10
3.56174e-10
2.64247e-10
2.88914e-10
3.16498e-10
3.0736e-10
3.16403e-10
3.19481e-10
3.3188e-10
3.4899e-10
3.0751e-10
3.29209e-10
2.71995e-10
3.29635e-10
2.51109e-10
3.07398e-10
3.43863e-10
2.95711e-10
3.42101e-10
3.20977e-10
3.09319e-10
3.20789e-10
3.23135e-10
3.11386e-10
3.02628e-10
3.23921e-10
2.90028e-10
3.22958e-10
2.74568e-10
3.27067e-10
3.33995e-10
3.46639e-10
3.34627e-10
3.3211e-10
3.16765e-10
2.86555e-10
2.97686e-10
3.07386e-10
2.67783e-10
3.40161e-10
3.37602e-10
3.10582e-10
3.36872e-10
3.43556e-10
3.19747e-10
3.15259e-10
2.99203e-10
3.1613e-10
3.42943e-10
2.75296e-10
3.31541e-10
2.42983e-10
2.94368e-10
2.89801e-10
3.01569e-10
2.77174e-10
2.93482e-10
3.62343e-10
3.07017e-10
3.35719e-10
2.88085e-10
3.55899e-10
2.77921e-10
2.81285e-10
2.97287e-10
3.41653e-10
2.89847e-10
3.11941e-10
3.10378e-10
3.40794e-10
3.19557e-10
3.38064e-10
3.27668e-10
3.40356e-10
3.36823e-10
3.409e-10
3.22249e-10
3.35678e-10
2.85278e-10
3.23628e-10
3.12882e-10
2.89325e-10
3.29128e-10
3.31558e-10
3.36606e-10
3.30847e-10
3.47467e-10
3.12254e-10
3.17732e-10
3.44111e-10
2.88338e-10
3.24187e-10
2.79932e-10
2.77888e-10
3.20843e-10
3.35238e-10
3.46501e-10
2.96409e-10
3.29741e-10
3.19917e-10
3.24603e-10
2.94294e-10
3.30033e-10
3.41673e-10
3.47737e-10
3.48826e-10
2.82625e-10
3.13635e-10
3.17617e-10
3.10574e-10
3.12413e-10
3.2116e-10
3.06279e-10
2.59815e-10
3.39602e-10
2.74786e-10
3.1544e-10
2.63976e-10
3.24356e-10
3.29041e-10
3.3732e-10
3.59539e-10
3.35924e-10
3.24957e-10
3.19054e-10
2.9416e-10
3.13109e-10
3.13886e-10
2.85901e-10
2.97713e-10
3.08623e-10
2.87956e-10
3.35122e-10
3.16513e-10
3.52656e-10
2.93291e-10
3.10689e-10
3.49565e-10
3.30977e-10
2.92863e-10
2.92183e-10
3.21501e-10
3.16928e-10
2.98373e-10
3.13231e-10
3.64573e-10
3.24594e-10
3.37894e-10
2.9567e-10
2.87089e-10
2.91136e-10
3.12373e-10
3.31893e-10
3.25378e-10
2.23906e-10
3.34578e-10
3.04393e-10
3.1083e-10
3.40513e-10
3.36782e-10
2.97554e-10
3.66369e-10
3.08024e-10
2.55326e-10
2.98694e-10
3.05867e-10
3.04879e-10
3.62961e-10
3.28133e-10
3.39262e-10
2.90117e-10
2.65863e-10
3.21345e-10
3.19715e-10
3.16748e-10
3.29276e-10
2.89824e-10
3.41797e-10
2.96847e-10
2.98027e-10
2.77702e-10
3.1201e-10
3.36247e-10
3.5813e-10
2.52226e-10
3.50506e-10
3.29761e-10
3.29427e-10
2.72844e-10
2.98229e-10
3.19638e-10
3.34503e-10
2.9787e-10
3.17372e-10
3.1989e-10
2.97108e-10
3.00981e-10
2.91594e-10
3.22905e-10
2.95942e-10
3.19734e-10
3.09031e-10
3.23402e-10
3.05622e-10
2.7539e-10
3.23542e-10
2.93553e-10
3.12268e-10
3.09003e-10
3.11834e-10
3.121e-10
2.96298e-10
2.86153e-10
3.20321e-10
3.23983e-10
3.24113e-10
2.75337e-10
3.49017e-10
3.26148e-10
3.22097e-10
2.61978e-10
3.47472e-10
3.19728e-10
3.02543e-10
3.28072e-10
3.31119e-10
3.17668e-10
3.21614e-10
2.68872e-10
3.32852e-10
3.17788e-10
3.41475e-10
3.22544e-10
3.11426e-10
2.55693e-10
3.31347e-10
2.9873e-10
3.30066e-10
2.67322e-10
3.23493e-10
3.05756e-10
3.40348e-10
3.2321e-10
3.14415e-10
3.15077e-10
2.98362e-10
2.92254e-10
3.05627e-10
3.09457e-10
3.2182e-10
2.75332e-10
2.72823e-10
3.15765e-10
2.16292e-10
2.82795e-10
2.93415e-10
3.1155e-10
3.14374e-10
3.27334e-10
2.81366e-10
3.19054e-10
3.14134e-10
3.41827e-10
3.29893e-10
3.30498e-10
3.15926e-10
3.2611e-10
3.24203e-10
3.25639e-10
2.97557e-10
3.17152e-10
3.25442e-10
3.52012e-10
3.34378e-10
3.25971e-10
2.93466e-10
3.25125e-10
3.04694e-10
3.04437e-10
3.35065e-10
3.29172e-10
3.13982e-10
3.34893e-10
3.17641e-10
2.94455e-10
2.66602e-10
3.3418e-10
2.87704e-10
3.45607e-10
3.40965e-10
2.82081e-10
3.11893e-10
3.1333e-10
2.27451e-10
2.74354e-10
3.17343e-10
3.10952e-10
2.9553e-10
2.79731e-10
3.01353e-10
3.04255e-10
3.13518e-10
3.05093e-10
2.92511e-10
3.17675e-10
3.63803e-10
3.28371e-10
3.06378e-10
2.92512e-10
3.1209e-10
3.03395e-10
2.94865e-10
2.94072e-10
3.0525e-10
3.26708e-10
2.899e-10
2.99129e-10
2.42414e-10
3.35896e-10
3.0715e-10
3.30342e-10
3.1846e-10
3.43954e-10
3.03735e-10
2.36658e-10
3.16658e-10
2.73214e-10
3.1986e-10
2.94577e-10
2.87546e-10
3.37263e-10
3.23246e-10
3.21867e-10
2.97192e-10
3.22347e-10
3.3059e-10
2.77187e-10
3.10509e-10
3.23284e-10
3.37546e-10
3.28167e-10
2.33937e-10
3.35358e-10
3.45712e-10
3.31374e-10
3.24854e-10
2.7452e-10
3.38601e-10
3.22866e-10
2.99266e-10
3.17394e-10
3.14173e-10
2.93193e-10
3.21807e-10
3.02466e-10
2.63568e-10
2.85135e-10
3.12692e-10
3.27403e-10
3.20248e-10
3.18989e-10
3.31257e-10
2.64605e-10
3.22001e-10
3.03025e-10
2.46148e-10
2.66158e-10
3.01171e-10
3.05265e-10
3.43219e-10
3.18604e-10
3.21275e-10
3.1016e-10
2.89246e-10
3.18354e-10
3.5148e-10
3.01545e-10
3.58387e-10
3.01909e-10
2.75119e-10
3.17745e-10
3.24827e-10
2.78606e-10
3.03056e-10
3.07837e-10
2.90841e-10
3.45933e-10
2.87366e-10
3.23156e-10
2.86198e-10
2.62975e-10
2.61251e-10
3.55586e-10
3.18828e-10
3.16617e-10
3.28099e-10
2.056e-10
2.97956e-10
3.15783e-10
3.41722e-10
2.89447e-10
3.00814e-10
2.87328e-10
3.1049e-10
3.45495e-10
3.41829e-10
2.77779e-10
3.17486e-10
3.41265e-10
3.35394e-10
3.13583e-10
3.25816e-10
3.21973e-10
3.12405e-10
3.29092e-10
3.18363e-10
3.27061e-10
3.08442e-10
2.76487e-10
3.09289e-10
3.27088e-10
3.3636e-10
3.14501e-10
3.03924e-10
3.05245e-10
3.42432e-10
2.59316e-10
2.54375e-10
3.15812e-10
3.15448e-10
3.03139e-10
2.94319e-10
3.48832e-10
3.29342e-10
3.00893e-10
3.04245e-10
3.03199e-10
3.00911e-10
3.12722e-10
3.43852e-10
3.38962e-10
3.37598e-10
3.20723e-10
3.01903e-10
3.23719e-10
3.32889e-10
3.18432e-10
3.12329e-10
3.14939e-10
3.29062e-10
2.96535e-10
3.10566e-10
2.97011e-10
3.17083e-10
2.86865e-10
2.69196e-10
2.91171e-10
3.04439e-10
2.95959e-10
2.79992e-10
3.16254e-10
3.1559e-10
2.79176e-10
2.98867e-10
2.76475e-10
3.2909e-10
2.94819e-10
3.39298e-10
2.30393e-10
3.16539e-10
2.87759e-10
3.21053e-10
3.03507e-10
3.46161e-10
3.26842e-10
3.25507e-10
3.23236e-10
3.30356e-10
2.71862e-10
3.22657e-10
3.3577e-10
3.17391e-10
3.08818e-10
3.24859e-10
3.23522e-10
3.10583e-10
3.09388e-10
3.42694e-10
3.1743e-10
3.51987e-10
3.23121e-10
3.28847e-10
3.33968e-10
3.20435e-10
2.86588e-10
3.13591e-10
3.50276e-10
3.41126e-10
3.30364e-10
3.14642e-10
2.91291e-10
3.00279e-10
2.98277e-10
3.29476e-10
3.0573e-10
2.9278e-10
3.09202e-10
3.07505e-10
3.377e-10
3.01476e-10
3.01548e-10
3.50587e-10
3.40241e-10
2.87949e-10
1.61406e-10
3.07563e-10
2.98918e-10
3.32342e-10
2.75293e-10
3.11417e-10
3.32989e-10
3.57211e-10
3.182e-10
3.01715e-10
3.38783e-10
2.97537e-10
2.89535e-10
3.17024e-10
2.81881e-10
3.32286e-10
3.13102e-10
3.31796e-10
2.68324e-10
3.1677e-10
3.17044e-10
3.00022e-10
3.08358e-10
3.65052e-10
3.06363e-10
2.35754e-10
3.22758e-10
3.20469e-10
2.99168e-10
3.16299e-10
3.0587e-10
3.02696e-10
3.08979e-10
3.0885e-10
3.00666e-10
2.96941e-10
3.02783e-10
2.8382e-10
3.15273e-10
3.26516e-10
2.77398e-10
3.33847e-10
2.89268e-10
3.07727e-10
3.33882e-10
3.21696e-10
3.30563e-10
3.68954e-10
3.51532e-10
3.00881e-10
3.29983e-10
3.10861e-10
3.31492e-10
3.23317e-10
3.5554e-10
3.47332e-10
3.25971e-10
3.19165e-10
3.39602e-10
2.96229e-10
3.25466e-10
3.23063e-10
3.30596e-10
3.31233e-10
3.02236e-10
3.28311e-10
3.30317e-10
3.44043e-10
3.12065e-10
2.94287e-10
3.1316e-10
3.53514e-10
3.20032e-10
3.1764e-10
2.74733e-10
3.12565e-10
3.14851e-10
3.26018e-10
3.18801e-10
3.40528e-10
2.43438e-10
2.99513e-10
3.11229e-10
2.97329e-10
3.17033e-10
3.1667e-10
3.25402e-10
3.14662e-10
3.24484e-10
3.20089e-10
3.14152e-10
3.11275e-10
3.28736e-10
3.12497e-10
3.33727e-10
3.16729e-10
3.33557e-10
2.98818e-10
3.28288e-10
3.20451e-10
3.20459e-10
3.29777e-10
3.26219e-10
2.98669e-10
2.92303e-10
3.09557e-10
3.37307e-10
3.23583e-10
2.95316e-10
3.19854e-10
3.43634e-10
3.03392e-10
2.97154e-10
3.17788e-10
3.03341e-10
3.17664e-10
3.1108e-10
3.00917e-10
3.37063e-10
3.61087e-10
2.31719e-10
3.49397e-10
3.13417e-10
3.04634e-10
3.14766e-10
2.91265e-10
3.27318e-10
3.33078e-10
3.02282e-10
2.86504e-10
2.786e-10
2.87658e-10
2.32981e-10
3.24762e-10
3.66436e-10
3.66854e-10
3.08392e-10
3.24301e-10
3.09069e-10
3.05887e-10
3.31339e-10
3.14048e-10
3.4666e-10
3.48126e-10
3.4759e-10
3.16368e-10
2.61832e-10
3.21533e-10
3.08712e-10
2.87018e-10
3.36904e-10
3.04568e-10
3.3535e-10
2.7489e-10
3.02866e-10
3.18883e-10
3.16682e-10
2.88421e-10
3.02067e-10
3.32002e-10
