1.76037e-10
2.18025e-10
1.32862e-10
1.87902e-10
1.77497e-10
1.83069e-10
1.87279e-10
2.24127e-10
1.3975e-10
1.64761e-10
1.72223e-10
1.90497e-10
1.43648e-10
2.11116e-10
1.63338e-10
2.00442e-10
1.88032e-10
1.78834e-10
1.65226e-10
1.8113e-10
1.48634e-10
1.73739e-10
2.03297e-10
1.89188e-10
2.1164e-10
1.92394e-10
1.47846e-10
1.32083e-10
1.88645e-10
1.15905e-10
2.12084e-10
2.00081e-10
1.91373e-10
2.00705e-10
2.07963e-10
1.91277e-10
1.7714e-10
2.21569e-10
1.62686e-10
2.0349e-10
1.74671e-10
1.58827e-10
1.84778e-10
1.87203e-10
1.10678e-10
1.37244e-10
2.05257e-10
1.69761e-10
2.02901e-10
2.0984e-10
1.69338e-10
1.88354e-10
2.05951e-10
1.78826e-10
1.31188e-10
2.1934e-10
2.10834e-10
1.9255e-10
1.76978e-10
1.62216e-10
1.6322e-10
1.3979e-10
1.74172e-10
2.12027e-10
1.4215e-10
1.82637e-10
1.8435e-10
1.72103e-10
1.77639e-10
1.79498e-10
2.05786e-10
1.5907e-10
2.04542e-10
1.88584e-10
1.90762e-10
1.6547e-10
1.46963e-10
1.20418e-10
1.99181e-10
2.16471e-10
1.6735e-10
1.9218e-10
1.94776e-10
1.46015e-10
2.05623e-10
1.62196e-10
2.01501e-10
1.69951e-10
2.03856e-10
1.55005e-10
1.814e-10
2.13441e-10
1.82536e-10
1.93673e-10
1.70918e-10
1.04583e-10
1.6095e-10
1.75125e-10
1.59074e-10
1.88024e-10
1.35397e-10
1.86842e-10
2.11133e-10
2.2194e-10
2.07819e-10
1.96367e-10
1.68845e-10
1.54923e-10
1.77357e-10
7.92441e-11
1.76213e-10
1.90653e-10
1.77634e-10
1.68829e-10
1.67805e-10
1.66756e-10
1.21053e-10
1.82159e-10
1.62553e-10
2.30621e-10
1.88969e-10
1.81487e-10
1.77383e-10
1.73259e-10
1.66523e-10
2.01715e-10
1.83307e-10
1.48904e-10
1.8249e-10
1.89342e-10
1.69382e-10
1.58246e-10
1.64257e-10
1.5019e-10
1.69693e-10
2.05067e-10
2.145e-10
1.75591e-10
1.1966e-10
2.15137e-10
1.59099e-10
2.07619e-10
2.04219e-10
1.83607e-10
1.6155e-10
1.2739e-10
1.91584e-10
1.83906e-10
1.84e-10
1.74571e-10
1.80733e-10
1.76659e-10
2.06666e-10
1.89937e-10
1.44622e-10
1.79335e-10
1.59358e-10
1.54452e-10
1.48456e-10
2.14184e-10
1.7025e-10
1.87693e-10
1.52675e-10
1.76355e-10
1.93163e-10
2.04842e-10
2.08087e-10
1.8303e-10
1.98138e-10
1.57942e-10
1.70527e-10
1.86473e-10
9.59049e-11
2.1654e-10
1.67136e-10
2.06173e-10
1.75045e-10
1.98875e-10
1.94581e-10
1.75259e-10
1.56025e-10
1.8501e-10
1.82964e-10
2.07721e-10
2.07028e-10
1.77667e-10
2.08387e-10
1.58712e-10
2.02525e-10
1.96178e-10
1.81927e-10
2.35712e-10
2.04467e-10
1.93118e-10
1.97379e-10
1.92627e-10
1.84427e-10
2.10479e-10
1.99551e-10
1.62699e-10
2.05094e-10
2.02326e-10
1.55402e-10
1.50185e-10
1.59589e-10
1.60197e-10
1.71328e-10
1.94035e-10
1.535e-10
1.3029e-10
1.9396e-10
1.72421e-10
1.67299e-10
1.95761e-10
1.56906e-10
1.76575e-10
1.79178e-10
1.76259e-10
1.66635e-10
1.78344e-10
1.55887e-10
2.05822e-10
1.67494e-10
2.03908e-10
1.1125e-10
1.70827e-10
1.68461e-10
1.83926e-10
1.71194e-10
1.86873e-10
2.07357e-10
2.17198e-10
2.03054e-10
1.65313e-10
1.70268e-10
2.01695e-10
2.04604e-10
2.08552e-10
2.10173e-10
1.71821e-10
1.8959e-10
1.24409e-10
1.75957e-10
1.91982e-10
1.53195e-10
2.10662e-10
2.10077e-10
1.65818e-10
1.98608e-10
1.81452e-10
1.63749e-10
1.75866e-10
1.72497e-10
1.90369e-10
2.20685e-10
1.90483e-10
2.18207e-10
1.69924e-10
1.74208e-10
1.84579e-10
1.77439e-10
1.6992e-10
1.41356e-10
2.02579e-10
2.11525e-10
1.86443e-10
1.48466e-10
1.50211e-10
1.59137e-10
1.8789e-10
1.82501e-10
2.12261e-10
2.13733e-10
1.33509e-10
1.63474e-10
1.81622e-10
1.85737e-10
7.97365e-11
2.06498e-10
1.86645e-10
1.2305e-10
1.59505e-10
1.66463e-10
2.11386e-10
1.59685e-10
1.88117e-10
1.67021e-10
2.2844e-10
1.727e-10
1.90171e-10
1.74117e-10
1.68113e-10
1.88981e-10
1.79825e-10
1.9591e-10
1.96489e-10
1.80671e-10
1.39322e-10
1.51791e-10
1.76866e-10
1.83326e-10
1.53743e-10
2.18126e-10
1.67076e-10
2.08809e-10
1.68306e-10
1.58672e-10
1.87308e-10
1.6795e-10
1.38079e-10
1.75146e-10
1.33871e-10
1.80465e-10
1.83942e-10
1.75885e-10
1.737e-10
1.68783e-10
1.79084e-10
1.95292e-10
2.15622e-10
1.94701e-10
1.55253e-10
1.73524e-10
1.30216e-10
1.65437e-10
1.67895e-10
1.48743e-10
2.0854e-10
1.413e-10
1.7718e-10
1.91168e-10
1.33109e-10
1.26621e-10
1.14024e-10
1.87208e-10
1.90774e-10
1.81989e-10
2.03727e-10
1.91395e-10
1.98651e-10
1.82197e-10
1.69745e-10
1.63402e-10
1.88466e-10
1.95282e-10
1.72689e-10
1.98776e-10
1.89011e-10
1.86092e-10
1.87941e-10
1.45489e-10
2.13822e-10
1.77795e-10
1.38245e-10
1.76118e-10
1.37787e-10
2.0119e-10
1.93332e-10
1.92539e-10
2.0839e-10
1.92485e-10
1.55614e-10
1.8558e-10
8.75707e-11
8.84586e-11
1.67648e-10
1.88438e-10
1.59075e-10
1.679e-10
1.89014e-10
1.91821e-10
1.81035e-10
1.62621e-10
1.98887e-10
1.90084e-10
1.95546e-10
1.7315e-10
1.53703e-10
1.49613e-10
1.61044e-10
1.35442e-10
1.9494e-10
2.08315e-10
2.23102e-10
1.9277e-10
1.66998e-10
1.84427e-10
1.31175e-10
1.89891e-10
1.81672e-10
2.02221e-10
2.08087e-10
1.81603e-10
1.90469e-10
1.8641e-10
1.91903e-10
1.88114e-10
1.77036e-10
1.96396e-10
1.8579e-10
2.0286e-10
1.88712e-10
1.49075e-10
1.90621e-10
1.558e-10
1.62917e-10
1.9056e-10
1.91934e-10
2.09015e-10
2.15872e-10
1.76823e-10
1.7064e-10
1.91202e-10
1.75105e-10
2.00759e-10
2.11244e-10
1.6375e-10
1.71056e-10
1.42378e-10
1.72683e-10
1.44039e-10
1.0293e-10
1.73234e-10
2.16808e-10
1.91392e-10
1.63206e-10
1.56296e-10
1.17992e-10
1.38323e-10
1.99951e-10
1.75643e-10
2.13252e-10
1.83307e-10
1.8146e-10
1.3779e-10
1.48797e-10
1.63105e-10
1.60165e-10
1.71764e-10
2.15988e-10
1.805e-10
2.03729e-10
1.44541e-10
1.67477e-10
1.74526e-10
1.16357e-10
2.06901e-10
2.29416e-10
1.91123e-10
1.66904e-10
1.53989e-10
1.98276e-10
1.74514e-10
1.58483e-10
1.79138e-10
2.00259e-10
1.85872e-10
1.44072e-10
1.39447e-10
1.47018e-10
1.83186e-10
1.73245e-10
1.80234e-10
1.87754e-10
1.4235e-10
1.81567e-10
1.31798e-10
1.83411e-10
1.44228e-10
1.94557e-10
1.38951e-10
1.95416e-10
1.672e-10
1.7073e-10
1.88869e-10
1.90532e-10
1.72536e-10
1.40607e-10
1.66677e-10
1.77305e-10
1.9623e-10
1.77733e-10
1.76735e-10
1.88713e-10
1.15237e-10
1.02099e-10
1.88282e-10
1.80124e-10
2.03934e-10
1.87117e-10
6.60566e-11
1.45416e-10
1.94938e-10
1.8444e-10
2.07808e-10
2.00249e-10
1.2255e-10
1.89285e-10
1.63754e-10
1.84969e-10
1.85529e-10
9.16387e-11
1.806e-10
1.75123e-10
1.86077e-10
1.43486e-10
1.93712e-10
1.63037e-10
1.6027e-10
1.59563e-10
1.782e-10
1.9259e-10
1.5615e-10
1.97203e-10
1.80737e-10
1.97633e-10
1.63362e-10
1.81492e-10
2.11588e-10
2.03879e-10
2.10296e-10
2.0956e-10
1.50803e-10
1.35448e-10
1.82876e-10
1.69513e-10
1.83726e-10
2.02564e-10
2.0778e-10
1.561e-10
1.84004e-10
1.86746e-10
1.96673e-10
1.8061e-10
2.02366e-10
1.9805e-10
1.84371e-10
1.97709e-10
1.78824e-10
1.96066e-10
1.78322e-10
1.97459e-10
1.59803e-10
2.05082e-10
1.522e-10
1.87006e-10
2.07038e-10
1.85698e-10
1.71669e-10
1.67543e-10
1.89898e-10
2.17697e-10
1.89335e-10
1.91219e-10
2.0481e-10
1.45604e-10
1.3798e-10
1.91623e-10
1.6814e-10
1.91691e-10
1.61e-10
1.40853e-10
1.62386e-10
1.79844e-10
1.69299e-10
1.83311e-10
2.07627e-10
1.98221e-10
1.7205e-10
1.98328e-10
1.64578e-10
1.92256e-10
1.81699e-10
7.37749e-11
1.38946e-10
2.11666e-10
1.84648e-10
1.72183e-10
1.77205e-10
1.95995e-10
1.65784e-10
1.8126e-10
1.50899e-10
2.12382e-10
1.97655e-10
1.42996e-10
1.63978e-10
1.98419e-10
1.84538e-10
1.65224e-10
1.77519e-10
2.00942e-10
2.05409e-10
1.57112e-10
1.93596e-10
1.93779e-10
1.48512e-10
1.61293e-10
2.0297e-10
1.84623e-10
2.12091e-10
1.89501e-10
2.08327e-10
7.81515e-11
1.43071e-10
1.95722e-10
1.99553e-10
1.9928e-10
1.80603e-10
1.33116e-10
1.92324e-10
1.78777e-10
1.71219e-10
1.86326e-10
1.78247e-10
2.24085e-10
1.6195e-10
1.63326e-10
7.8412e-11
1.25334e-10
1.63199e-10
1.98203e-10
1.21134e-10
2.18303e-10
1.709e-10
1.60259e-10
1.39977e-10
1.83699e-10
1.68516e-10
1.27117e-10
1.87899e-10
1.88398e-10
2.04912e-10
1.7867e-10
1.84002e-10
1.86564e-10
1.56152e-10
1.57791e-10
1.97388e-10
1.77433e-10
1.92286e-10
1.06601e-10
1.76872e-10
1.67444e-10
1.89699e-10
1.84898e-10
1.12276e-10
1.60058e-10
1.96318e-10
1.64079e-10
1.78832e-10
1.78431e-10
1.32103e-10
1.70757e-10
2.07246e-10
2.15095e-10
1.4945e-10
1.26308e-10
1.79116e-10
1.97876e-10
1.53193e-10
1.68544e-10
2.0518e-10
2.27756e-10
1.98177e-10
1.83376e-10
1.76214e-10
1.22837e-10
1.72223e-10
1.19457e-10
1.4686e-10
1.63115e-10
1.7819e-10
1.33223e-10
2.12004e-10
1.4649e-10
1.71989e-10
1.39334e-10
1.51444e-10
1.69654e-10
1.90433e-10
1.57383e-10
1.92545e-10
1.73817e-10
1.68342e-10
1.41425e-10
1.81024e-10
2.37102e-10
1.714e-10
1.9251e-10
2.01873e-10
1.35456e-10
1.81777e-10
1.81443e-10
1.87887e-10
1.47491e-10
2.13585e-10
1.8349e-10
1.81055e-10
1.7125e-10
1.40932e-10
2.03249e-10
1.92212e-10
1.52446e-10
1.93051e-10
1.97263e-10
1.84728e-10
1.62114e-10
1.86864e-10
1.98893e-10
1.73563e-10
1.51e-10
1.92664e-10
1.93366e-10
2.0414e-10
1.76345e-10
1.81004e-10
9.09837e-11
1.9637e-10
2.121e-10
1.79399e-10
1.11167e-10
1.79454e-10
1.65203e-10
1.44588e-10
1.83332e-10
2.08176e-10
2.12739e-10
1.97382e-10
1.95406e-10
1.16611e-10
2.15473e-10
1.1839e-10
1.88293e-10
1.97484e-10
2.12256e-10
1.90047e-10
1.30796e-10
1.73867e-10
1.55838e-10
1.01388e-10
1.88899e-10
1.32042e-10
2.02945e-10
1.8484e-10
1.97691e-10
1.66365e-10
1.8543e-10
1.8422e-10
1.66165e-10
1.49629e-10
2.35628e-10
1.92806e-10
1.26401e-10
1.86976e-10
1.57524e-10
1.80211e-10
1.88238e-10
1.84166e-10
2.22909e-10
2.08727e-10
1.39945e-10
9.42061e-11
1.74451e-10
1.54414e-10
1.8437e-10
8.08657e-11
1.94691e-10
1.95994e-10
1.91832e-10
1.82674e-10
1.85995e-10
1.58408e-10
1.13991e-10
2.02966e-10
1.9467e-10
1.56e-10
1.17813e-10
1.713e-10
1.75322e-10
1.464e-10
1.16547e-10
1.28311e-10
2.07963e-10
1.7105e-10
1.82896e-10
1.67326e-10
1.67186e-10
1.36746e-10
1.8248e-10
1.41539e-10
1.76451e-10
1.97313e-10
1.87464e-10
1.74268e-10
1.7658e-10
1.41614e-10
1.48237e-10
1.60763e-10
1.95247e-10
1.82304e-10
1.97233e-10
1.59892e-10
1.79558e-10
1.97715e-10
2.09207e-10
1.94765e-10
1.93702e-10
2.02331e-10
1.85429e-10
2.01009e-10
1.30441e-10
1.3373e-10
1.79164e-10
1.23941e-10
2.17664e-10
1.97202e-10
1.72963e-10
1.57334e-10
1.524e-10
1.7558e-10
1.80136e-10
2.03002e-10
1.812e-10
2.00259e-10
2.09439e-10
1.75816e-10
1.65503e-10
1.59488e-10
1.74698e-10
1.96115e-10
1.43829e-10
2.11422e-10
2.04452e-10
1.57331e-10
1.59387e-10
2.04432e-10
1.07403e-10
1.54326e-10
1.91714e-10
1.514e-10
1.90362e-10
1.73592e-10
8.63838e-11
1.46253e-10
1.67731e-10
1.42437e-10
1.68033e-10
1.90652e-10
1.94162e-10
1.32334e-10
1.74729e-10
1.10234e-10
1.15405e-10
1.53988e-10
1.7508e-10
1.83918e-10
2.04447e-10
1.28434e-10
1.69509e-10
1.63945e-10
1.17131e-10
1.7407e-10
1.84331e-10
1.94069e-10
1.41194e-10
1.5784e-10
1.20951e-10
1.27231e-10
1.82763e-10
2.11238e-10
2.124e-10
1.85403e-10
2.04942e-10
1.84449e-10
2.01622e-10
1.60104e-10
1.44654e-10
1.20049e-10
1.82241e-10
1.639e-10
1.78128e-10
1.71505e-10
1.65614e-10
1.89375e-10
1.80581e-10
1.83728e-10
1.55009e-10
2.02509e-10
1.69604e-10
1.61862e-10
1.88858e-10
1.80163e-10
1.38437e-10
1.74167e-10
2.04212e-10
1.679e-10
1.53979e-10
1.78415e-10
1.70925e-10
1.35479e-10
1.13161e-10
1.76126e-10
1.78435e-10
2.07126e-10
2.04369e-10
1.73879e-10
1.53702e-10
1.89215e-10
1.85415e-10
2.11169e-10
1.86036e-10
2.06699e-10
1.53892e-10
1.57353e-10
1.62468e-10
2.12045e-10
1.8661e-10
2.09691e-10
1.95492e-10
1.3465e-10
1.48569e-10
1.26681e-10
1.52446e-10
1.81686e-10
1.76263e-10
2.02414e-10
1.93917e-10
1.93769e-10
1.32222e-10
1.84785e-10
1.68444e-10
2.05568e-10
1.51961e-10
1.68704e-10
1.87205e-10
1.629e-10
1.65721e-10
1.87757e-10
1.65138e-10
1.73584e-10
1.68183e-10
2.10036e-10
2.10809e-10
1.80222e-10
2.02e-10
1.72859e-10
1.69511e-10
1.94292e-10
1.94267e-10
1.15644e-10
2.44893e-10
2.12975e-10
2.01034e-10
1.46375e-10
1.90026e-10
1.92067e-10
1.99114e-10
1.99755e-10
1.94821e-10
1.3395e-10
1.63899e-10
1.84374e-10
1.53983e-10
1.77788e-10
1.8958e-10
1.87776e-10
1.61426e-10
1.78955e-10
1.78942e-10
1.91435e-10
1.75761e-10
1.59633e-10
2.02978e-10
2.05167e-10
1.71117e-10
1.642e-10
1.62184e-10
1.63222e-10
1.6199e-10
1.36941e-10
1.7143e-10
1.76422e-10
2.02644e-10
1.558e-10
1.30563e-11
1.45659e-10
6.48805e-11
1.53748e-10
7.60492e-11
1.6374e-10
1.68976e-10
1.95949e-10
2.03032e-10
1.88347e-10
1.83111e-10
2.12475e-10
1.58066e-10
1.53201e-10
1.94506e-10
1.86529e-10
1.95297e-10
1.83821e-10
1.87532e-10
1.90851e-10
1.92973e-10
2.17833e-10
2.15409e-10
1.97326e-10
1.64116e-10
1.3789e-10
1.61131e-10
1.27209e-10
2.02669e-10
1.45113e-10
2.12113e-10
1.93207e-10
1.62993e-10
1.75791e-10
1.86247e-10
1.66737e-10
1.55202e-10
1.92339e-10
2.19161e-10
1.8221e-10
1.24159e-10
1.32993e-10
3.48572e-11
1.9463e-10
1.93581e-10
1.57339e-10
2.05861e-10
1.94396e-10
1.5967e-10
1.99307e-10
1.90461e-10
1.89914e-10
2.00603e-10
1.91655e-10
2.09432e-10
1.91142e-10
2.14262e-10
1.61804e-10
1.62372e-10
1.68887e-10
1.75699e-10
1.25403e-10
2.11871e-10
1.5325e-10
1.62153e-10
1.56853e-10
2.05159e-10
1.91218e-10
1.5213e-10
1.49765e-10
1.75293e-10
1.76081e-10
1.7356e-10
1.66664e-10
2.06837e-10
1.42257e-10
1.76279e-10
2.00005e-10
1.62868e-10
1.79797e-10
1.65838e-10
2.03151e-10
1.95175e-10
1.74141e-10
1.816e-10
1.4403e-10
1.32174e-10
1.529e-10
1.79896e-10
1.95141e-10
1.63047e-10
1.87118e-10
1.76757e-10
1.7796e-10
1.85141e-10
1.95328e-10
1.91872e-10
1.50758e-10
1.97875e-10
1.71089e-10
1.86909e-10
1.52713e-10
1.92124e-10
1.90251e-10
1.20799e-10
1.94385e-10
1.65614e-10
1.54339e-10
1.93539e-10
1.92611e-10
1.80307e-10
1.89228e-10
2.93425e-11
1.87885e-10
1.32511e-10
1.82722e-10
1.6277e-10
1.95411e-10
2.16817e-10
2.05884e-10
1.09515e-10
9.3028e-11
1.78695e-10
1.96815e-10
1.91002e-10
2.0229e-10
2.00261e-10
2.0283e-10
2.02904e-10
1.8288e-10
1.96878e-10
1.68595e-10
1.52892e-10
1.76401e-10
2.24103e-10
1.4485e-10
1.74333e-10
1.44209e-10
1.57829e-10
1.71765e-10
1.83193e-10
1.65058e-10
1.41188e-10
1.611e-10
1.6904e-10
1.68868e-10
1.66484e-10
1.42268e-10
1.92022e-10
1.99026e-10
2.10854e-10
1.80671e-10
1.6518e-10
1.69134e-10
1.84283e-10
1.82344e-10
1.99924e-10
1.87764e-10
2.06363e-10
1.0685e-10
1.76864e-10
1.71118e-10
7.52511e-11
1.58367e-10
1.79145e-10
1.82998e-10
1.91938e-10
1.88349e-10
1.47264e-10
1.49255e-10
2.05869e-10
1.99703e-10
1.65657e-10
1.38272e-10
1.98807e-10
1.673e-10
1.2443e-10
1.37192e-10
1.46392e-10
1.31381e-10
1.73343e-10
2.00206e-10
1.88975e-10
2.12135e-10
1.87506e-10
1.9253e-10
2.06922e-10
1.04007e-10
1.68705e-10
1.51731e-10
1.73051e-10
1.6175e-10
1.59035e-10
1.87068e-10
1.68376e-10
1.79464e-10
1.91951e-10
1.5351e-10
2.18698e-10
1.88214e-10
1.71145e-10
1.52969e-10
1.94549e-10
1.92897e-10
1.342e-10
1.60942e-10
1.67721e-10
1.5275e-10
1.7572e-10
1.8067e-10
1.56989e-10
2.06001e-10
1.2741e-10
1.95939e-10
1.19717e-10
1.81829e-10
2.1411e-10
1.91673e-10
9.45268e-11
1.85104e-10
1.66512e-10
1.56419e-10
1.63481e-10
2.05003e-10
1.93101e-10
9.40925e-11
1.73018e-10
1.23402e-10
1.85017e-10
9.3038e-11
2.10523e-10
2.0724e-10
1.83058e-10
1.55801e-10
1.79706e-10
2.03059e-10
1.27698e-10
1.7402e-10
1.91229e-10
1.82767e-10
1.79758e-10
1.73227e-10
1.51627e-10
1.8025e-10
1.85492e-10
1.7372e-10
2.06455e-10
1.8249e-10
1.46576e-10
1.97276e-10
1.86774e-10
2.12296e-10
1.53822e-10
1.48174e-10
2.30932e-10
1.88054e-10
1.77814e-10
1.5085e-10
1.9474e-10
2.03507e-10
1.69534e-10
1.83759e-10
2.06723e-10
1.79581e-10
1.78257e-10
1.4923e-10
1.83989e-10
1.8904e-10
1.69976e-10
2.33618e-10
1.37518e-10
1.6605e-10
2.08315e-10
1.946e-10
1.70053e-10
1.67736e-10
1.9788e-10
2.13495e-10
1.73414e-10
1.919e-10
1.82858e-10
1.59537e-10
1.77386e-10
1.80944e-10
1.73001e-10
1.60515e-10
1.90451e-10
1.4365e-10
1.84096e-10
1.50454e-10
1.98128e-10
1.78843e-10
1.80107e-10
1.06037e-10
1.98262e-10
1.96376e-10
1.78913e-10
1.89805e-10
1.19749e-10
1.74111e-10
1.51296e-10
1.73189e-10
1.90044e-10
1.629e-10
1.72526e-10
1.78966e-10
1.90955e-10
1.81497e-10
1.87016e-10
1.06846e-10
1.73148e-10
1.79436e-10
1.79717e-10
1.74594e-10
1.09742e-10
1.66901e-10
2.08086e-10
1.66674e-10
1.87812e-10
2.0806e-10
1.81923e-10
1.47177e-10
2.01705e-10
1.45591e-10
1.82162e-10
1.91013e-10
2.09669e-10
2.01391e-10
1.77024e-10
2.12213e-10
1.99448e-10
1.35223e-10
2.05248e-10
1.83471e-10
2.26846e-10
1.662e-10
1.75588e-10
1.99985e-10
1.76611e-10
1.7424e-10
1.88199e-10
1.92173e-10
2.10146e-10
2.08343e-10
1.53489e-10
1.63293e-10
1.7187e-10
1.84701e-10
9.98598e-11
1.97858e-10
1.61092e-10
1.699e-10
2.10904e-10
1.94312e-10
6.95266e-11
1.54257e-10
2.00274e-10
1.97699e-10
1.80391e-10
1.86996e-10
1.73425e-10
1.73052e-11
1.9027e-10
1.72788e-10
1.86142e-10
1.83685e-10
2.04704e-10
1.6025e-10
1.86156e-10
1.91722e-10
2.03295e-10
1.67146e-10
1.85395e-10
1.62532e-10
1.54632e-10
1.659e-10
1.5309e-10
1.36474e-10
1.7185e-10
1.96027e-10
1.32172e-10
1.83197e-10
2.33181e-10
1.90987e-10
1.72629e-10
1.2737e-10
1.72104e-10
1.87175e-10
1.07597e-10
1.86115e-10
1.89134e-10
1.95964e-10
1.97995e-10
1.41153e-10
2.03871e-10
1.88916e-10
1.46122e-10
2.32953e-10
2.25023e-10
2.05996e-10
1.8481e-10
1.43871e-10
1.97145e-10
1.57635e-10
1.62175e-10
1.76787e-10
1.79199e-10
1.97587e-10
2.04901e-10
1.94878e-10
9.00127e-11
1.70438e-10
1.97827e-10
1.78044e-10
1.97965e-10
1.6095e-10
1.68005e-10
1.73614e-10
2.00555e-10
1.36904e-10
2.00829e-10
1.66365e-10
2.15978e-10
2.02087e-10
1.77241e-10
1.89033e-10
1.38285e-10
1.54631e-10
1.99635e-10
1.82982e-10
2.04215e-10
1.84648e-10
1.45746e-10
1.76089e-10
1.8237e-10
2.04218e-10
1.5285e-10
1.41798e-10
1.88179e-10
1.94954e-10
1.61944e-10
1.31555e-10
1.4395e-10
1.42521e-10
1.72176e-10
2.17498e-10
1.90929e-10
1.3025e-10
1.63454e-10
1.58437e-10
1.66278e-10
1.2923e-10
9.3293e-11
1.96094e-10
1.99788e-10
1.86128e-10
1.98192e-10
1.98806e-10
1.93132e-10
1.80866e-10
1.80488e-10
1.91215e-10
1.95172e-10
2.17574e-10
1.59022e-10
6.38709e-11
1.71013e-10
2.0648e-10
1.63014e-10
1.27885e-10
2.30301e-10
1.87379e-10
2.04856e-10
1.93789e-10
1.94641e-10
1.65748e-10
1.55583e-10
2.00146e-10
1.69703e-10
1.93953e-10
1.85886e-10
1.65647e-10
1.67056e-10
1.22472e-10
1.96593e-10
1.89995e-10
1.56905e-10
1.4655e-10
1.86968e-10
1.86341e-10
1.71721e-10
1.45746e-10
1.07383e-10
1.47572e-10
1.21043e-10
1.409e-10
1.5401e-10
1.82197e-10
1.69753e-10
1.6152e-10
1.62127e-10
1.79853e-10
2.09147e-10
1.90453e-10
1.46488e-10
1.28705e-10
1.87736e-10
1.74376e-10
1.6645e-10
2.02852e-10
1.63859e-10
1.87188e-10
1.68271e-10
1.77897e-10
1.80435e-10
1.7424e-10
1.73873e-10
1.83912e-10
2.17097e-10
1.81209e-10
1.89063e-10
2.00247e-10
1.91504e-10
4.8945e-11
1.85858e-10
1.57216e-10
1.80897e-10
2.03415e-10
1.86225e-10
1.97748e-10
1.55547e-10
1.57025e-10
1.6057e-10
1.84373e-10
2.00103e-10
1.86102e-10
1.49158e-10
1.36585e-10
1.90532e-10
2.03589e-10
2.02441e-10
1.39595e-10
1.6959e-10
2.11209e-10
1.9403e-10
1.6093e-10
1.93015e-10
1.95964e-10
1.40341e-10
1.81843e-10
2.04205e-10
1.9355e-10
1.92329e-10
1.84336e-10
1.39198e-10
1.8051e-10
2.139e-10
2.09863e-10
2.116e-10
1.736e-10
2.02814e-10
1.59053e-10
1.68105e-10
2.07494e-10
1.8466e-10
1.83834e-10
2.16789e-10
2.05814e-10
1.88258e-10
1.25958e-10
1.94338e-10
1.7634e-10
1.28934e-10
2.16122e-10
2.13651e-10
1.92521e-10
1.62019e-10
1.77237e-10
1.66442e-10
1.99623e-10
1.83506e-10
1.6882e-10
1.91814e-10
2.08014e-10
1.98604e-10
1.75627e-10
1.78195e-10
1.98336e-10
1.86553e-10
1.85367e-10
1.96755e-10
1.609e-10
1.77054e-10
1.72423e-10
1.98537e-10
1.62364e-10
1.68786e-10
1.79287e-10
1.81671e-10
1.89903e-10
1.54301e-10
1.58379e-10
1.72905e-10
1.58985e-10
1.38209e-10
1.92708e-10
1.90357e-10
1.95204e-10
2.02843e-10
2.01065e-10
1.83175e-10
2.01258e-10
1.96739e-10
2.0005e-10
2.07391e-10
2.05346e-10
1.96958e-10
1.51022e-10
2.02419e-10
1.77616e-10
2.0688e-10
1.79326e-10
1.68104e-10
1.86971e-10
1.87042e-10
1.75516e-10
1.30944e-10
1.38665e-10
1.89112e-10
1.20904e-10
2.12013e-10
1.7005e-10
2.09845e-10
5.90362e-11
1.1308e-10
1.78216e-10
1.91727e-10
1.26705e-10
2.12631e-10
1.92752e-10
1.64646e-10
1.64705e-10
1.76872e-10
1.52776e-10
1.96954e-10
1.87643e-10
1.62403e-10
1.385e-10
1.99351e-10
1.88062e-10
1.73181e-10
1.88781e-10
1.52261e-10
1.84603e-10
1.50533e-10
1.85691e-10
1.71654e-10
1.67063e-10
1.77686e-10
1.0746e-10
1.31386e-10
1.93459e-10
1.69563e-10
1.85975e-10
1.47101e-10
1.87051e-10
1.92228e-10
1.81219e-10
2.02675e-10
1.87924e-10
1.85703e-10
1.655e-10
1.86968e-10
1.35625e-10
1.51201e-10
1.5405e-10
1.83299e-10
2.17007e-10
1.74642e-10
2.07567e-10
1.87647e-10
1.88686e-10
1.70379e-10
2.0139e-10
1.31029e-10
1.52825e-10
1.95566e-10
1.3525e-10
1.95468e-10
1.36381e-10
1.63131e-10
1.20494e-10
1.71325e-10
1.68096e-10
1.658e-10
1.83425e-10
1.55646e-10
1.27574e-10
1.91062e-10
2.1141e-10
1.83499e-10
1.73957e-10
2.03988e-10
1.5885e-10
1.18096e-10
7.48981e-11
1.70964e-10
1.91998e-10
1.98191e-10
2.05385e-10
1.72369e-10
1.93311e-10
2.00712e-10
1.21806e-10
1.68913e-10
1.94228e-10
1.07514e-10
2.2699e-10
1.8573e-10
1.447e-10
2.04179e-10
1.73822e-10
1.70915e-10
2.25473e-10
1.66395e-10
1.96631e-10
2.08328e-10
1.74337e-10
2.0145e-10
1.89433e-10
1.73873e-10
1.44969e-10
1.89903e-10
1.94364e-10
2.04006e-10
1.83425e-10
1.54659e-10
2.09855e-10
2.06731e-10
1.87514e-10
1.85542e-10
1.74502e-10
1.84198e-10
1.76342e-10
1.95452e-10
2.02877e-10
2.00727e-10
1.63287e-10
1.43669e-10
1.73534e-10
2.11721e-10
1.78691e-10
1.22614e-10
1.78404e-10
1.76142e-10
1.87449e-10
1.76982e-10
1.68698e-10
2.18e-10
2.04078e-10
1.92133e-10
1.78549e-10
1.86825e-10
1.15561e-10
1.97188e-10
1.78156e-10
2.02574e-10
1.95709e-10
2.01529e-10
1.34613e-10
1.18077e-10
1.46357e-10
2.0553e-10
1.75352e-10
1.87673e-10
2.01346e-10
1.48274e-10
1.63996e-10
1.67936e-10
1.36918e-10
2.05351e-10
1.83461e-10
1.95626e-10
2.00377e-10
1.73208e-10
1.8278e-10
1.50955e-10
1.96508e-10
1.53309e-10
1.94611e-10
2.09754e-10
2.00389e-10
1.4007e-10
2.17563e-10
1.62513e-10
2.08312e-10
1.94626e-10
2.01908e-10
1.92049e-10
1.692e-10
2.31805e-10
1.87741e-10
1.89324e-10
1.80265e-10
1.98404e-10
1.93026e-10
2.42839e-10
1.78804e-10
1.88282e-10
1.77381e-10
1.94222e-10
1.52815e-10
1.73636e-10
2.22444e-10
1.95816e-10
2.13505e-10
1.51905e-10
1.85868e-10
1.93039e-10
1.57865e-10
2.05241e-10
2.14466e-10
1.90209e-10
1.80117e-10
1.45761e-10
2.05882e-10
1.53804e-10
1.6001e-10
1.50346e-10
2.14988e-10
1.96505e-10
1.75321e-10
1.90494e-10
1.12109e-10
1.88688e-10
1.64187e-10
1.57857e-10
1.83326e-10
1.63297e-10
2.1659e-10
1.36792e-10
1.8119e-10
2.07625e-10
1.74181e-10
2.17151e-10
1.53827e-10
1.977e-10
1.96492e-10
2.03381e-10
6.16953e-11
1.73462e-10
1.82146e-10
1.60168e-10
1.36195e-10
1.92589e-10
2.06031e-10
1.95269e-10
1.89974e-10
1.75297e-10
1.50249e-10
1.86654e-10
1.70822e-10
2.08186e-10
1.6645e-10
1.32871e-10
2.03549e-10
1.28816e-10
1.96031e-10
1.57239e-10
1.7651e-10
2.11766e-10
1.5155e-10
1.87528e-10
1.86226e-10
1.62243e-10
9.4626e-11
1.15829e-10
1.44192e-10
2.03898e-10
2.14413e-10
1.77191e-10
1.16863e-10
1.9715e-10
1.99966e-10
1.80444e-10
1.41437e-10
1.96064e-10
1.90672e-10
1.67451e-10
2.0625e-10
1.72624e-10
1.29871e-10
1.85146e-10
2.0377e-10
2.24059e-10
1.81733e-10
1.93898e-10
1.9452e-10
1.74978e-10
1.56238e-10
1.84546e-10
1.93887e-10
2.13159e-10
2.02488e-10
1.28724e-10
1.22472e-10
1.83774e-10
1.8822e-10
1.58216e-10
1.9023e-10
1.55062e-10
1.87164e-10
1.86073e-10
1.28432e-10
1.97486e-10
1.69363e-10
1.55345e-10
1.69653e-10
2.11561e-10
1.7815e-10
1.97609e-10
1.46581e-10
1.57022e-10
1.99382e-10
1.68002e-10
1.86565e-10
2.06497e-10
1.77914e-10
1.45911e-10
1.94983e-10
2.03775e-10
1.97015e-10
1.51501e-10
1.79107e-10
2.02574e-10
1.97992e-10
2.05598e-10
1.7189e-10
1.64885e-10
1.82525e-10
1.77912e-10
6.20448e-11
6.97258e-11
2.16272e-10
1.82979e-10
1.55749e-10
1.71905e-10
1.93978e-10
1.55474e-10
1.26958e-10
1.6098e-10
2.09535e-10
1.9929e-10
1.64492e-10
1.74249e-10
5.73935e-11
1.56945e-10
1.66323e-10
1.45188e-10
1.5755e-10
1.81865e-10
1.95543e-10
1.91567e-10
1.52201e-10
1.74505e-10
2.12e-10
1.90983e-10
2.15386e-10
2.00264e-10
1.75977e-10
1.76209e-10
1.74089e-10
1.69137e-10
1.81034e-10
1.54756e-10
2.01753e-10
1.92584e-10
1.7947e-10
1.82863e-10
1.61202e-10
1.87842e-10
1.48334e-10
1.99048e-10
2.28097e-10
1.43014e-10
1.84008e-10
1.85004e-10
1.89617e-10
1.85679e-10
1.14265e-10
1.8242e-10
1.5635e-10
1.92834e-10
1.587e-10
1.57342e-10
1.93427e-10
1.97095e-10
1.92904e-10
1.82033e-10
1.6835e-10
1.60605e-10
2.04668e-10
1.87381e-10
1.29075e-10
1.88843e-10
1.85873e-10
2.25642e-10
1.3435e-10
1.95997e-10
1.71578e-10
1.83574e-10
1.57879e-10
1.46647e-10
1.93924e-10
2.17913e-10
1.559e-10
1.36055e-10
1.89864e-10
1.54549e-10
1.64427e-10
1.88705e-10
1.78818e-10
2.07824e-10
1.6765e-10
1.87362e-10
1.96507e-10
1.10855e-10
1.22605e-10
1.91986e-10
1.83166e-10
2.02225e-10
1.3665e-10
2.03226e-10
1.61892e-10
1.04737e-10
2.02534e-10
1.84184e-10
1.93855e-10
1.97406e-10
2.01905e-10
1.9696e-10
1.56876e-10
1.79361e-10
1.4441e-10
1.56534e-10
1.00824e-10
2.08762e-10
1.98452e-10
1.96561e-10
1.64007e-10
1.16424e-10
1.56008e-10
1.6418e-10
1.52545e-10
1.85638e-10
1.88991e-10
1.36375e-10
1.68013e-10
1.90487e-10
1.69629e-10
1.40227e-10
2.07831e-10
2.12931e-10
1.83918e-10
1.42251e-10
1.91058e-10
1.76328e-10
1.60327e-10
1.68895e-10
1.62368e-10
1.58114e-10
1.79581e-10
1.46962e-10
1.80212e-10
1.92162e-10
2.04902e-10
1.8828e-10
2.05502e-10
2.20741e-10
1.82827e-10
1.9957e-10
1.55827e-10
1.29955e-10
8.48052e-11
2.09556e-10
2.0718e-10
1.38063e-10
1.213e-10
1.62723e-10
1.84086e-10
1.73359e-10
1.76394e-10
1.79221e-10
1.95563e-10
2.15285e-10
2.205e-10
2.16364e-10
2.16097e-10
1.80988e-10
1.77465e-10
1.50744e-10
2.09824e-10
2.19302e-10
1.91826e-10
1.37563e-10
1.49308e-10
1.77557e-10
1.68966e-10
1.60711e-10
1.01023e-10
2.02384e-10
1.6455e-10
1.73872e-10
1.39225e-10
2.03586e-10
1.63406e-10
1.99112e-10
1.57014e-10
1.8117e-10
1.87284e-10
1.50294e-10
1.74108e-10
1.7653e-10
2.232e-10
2.05565e-10
1.77863e-10
2.06442e-10
2.09888e-10
1.98619e-10
2.09047e-10
1.9967e-10
1.87176e-10
1.91965e-10
1.32335e-10
1.77914e-10
1.686e-10
2.023e-10
1.0254e-10
2.02144e-10
1.64133e-10
1.31276e-10
1.92298e-10
2.15905e-10
1.76169e-10
1.73519e-10
1.91614e-10
1.79081e-10
1.83806e-10
9.11083e-11
1.96653e-10
2.119e-10
2.11722e-10
1.49279e-10
1.44766e-10
1.99009e-10
1.73429e-10
1.79185e-10
1.31154e-10
2.22473e-10
1.78729e-10
1.86103e-10
1.97878e-10
1.80077e-10
8.02234e-11
1.74323e-10
1.73737e-10
2.16007e-10
1.2405e-10
1.80005e-10
1.47262e-10
1.65224e-10
1.78596e-10
1.95723e-10
1.75233e-10
2.19871e-10
1.94828e-10
1.76956e-10
1.70701e-10
1.27586e-10
1.94482e-10
1.91103e-10
1.05817e-10
2.12639e-10
1.9203e-10
1.98422e-10
1.89918e-10
1.6785e-10
1.40709e-10
1.7722e-10
2.14902e-10
2.25037e-10
2.04049e-10
1.92211e-10
1.95222e-10
1.61713e-10
1.38456e-10
1.80983e-10
1.93082e-10
2.24122e-10
1.16e-10
1.15702e-10
1.38962e-10
1.95433e-10
1.63078e-10
1.97598e-10
1.37065e-10
1.81131e-10
2.09492e-10
2.08863e-10
1.82836e-10
1.77279e-10
1.59109e-10
1.8906e-10
1.69887e-10
2.0759e-10
1.7185e-10
2.05131e-10
1.9524e-10
1.90353e-10
1.27459e-10
1.43577e-10
1.97374e-10
2.00432e-10
1.92395e-10
1.92442e-10
1.59651e-10
9.89769e-11
1.63279e-10
7.89974e-11
1.93047e-10
1.94846e-10
1.98991e-10
1.64316e-10
1.91875e-10
1.86753e-10
1.85248e-10
2.01705e-10
1.99125e-10
1.88025e-10
2.0829e-10
1.80246e-10
1.94788e-10
1.89529e-10
1.86536e-10
2.13993e-10
2.01746e-10
2.16618e-10
1.7175e-10
1.67682e-10
1.78866e-10
1.66653e-10
1.68166e-10
1.64094e-10
2.01775e-10
1.87147e-10
1.9083e-10
2.01426e-10
1.94608e-10
1.63012e-10
1.73033e-10
1.74591e-10
1.90353e-10
1.98634e-10
2.11779e-10
1.96681e-10
2.04743e-10
1.60548e-10
2.15307e-10
1.9048e-10
1.98545e-10
2.16785e-10
2.22893e-10
1.97236e-10
1.71855e-10
2.03528e-10
1.31228e-10
1.70111e-10
2.31712e-10
1.51271e-10
1.724e-10
1.52968e-10
1.65095e-10
1.96871e-10
1.78487e-10
1.61771e-10
2.08463e-10
1.82644e-10
1.96907e-10
1.58236e-10
1.65575e-10
1.98936e-10
1.87054e-10
1.6898e-10
6.06756e-11
1.10157e-10
1.80292e-10
1.40375e-10
1.96318e-10
1.83385e-10
2.0548e-10
2.09097e-10
1.87679e-10
1.95606e-10
1.483e-10
1.89335e-10
1.74872e-10
2.22438e-10
2.09131e-10
1.92864e-10
1.42142e-10
1.98927e-10
2.02404e-10
1.97723e-10
1.8666e-10
1.55879e-10
1.64688e-10
1.74031e-10
1.77732e-10
1.91916e-10
2.02012e-10
1.64073e-10
1.7708e-10
1.27221e-10
1.26955e-10
1.48813e-10
1.65692e-10
1.77243e-10
1.98646e-10
1.39295e-10
1.98359e-10
1.61759e-10
2.06452e-10
1.97543e-10
1.80638e-10
2.12607e-10
1.80011e-10
2.11621e-10
1.7043e-10
1.87854e-10
1.75677e-10
1.41272e-10
1.77142e-10
1.68604e-10
1.98915e-10
1.07158e-10
1.70781e-10
1.45825e-10
1.69087e-10
1.87539e-10
1.67424e-10
1.1668e-10
1.7145e-10
1.67295e-10
1.86006e-10
1.41575e-10
1.59264e-10
1.53385e-10
1.16129e-10
1.81892e-10
1.82521e-10
1.8451e-10
1.975e-10
1.62768e-10
1.70703e-10
2.05291e-10
1.95909e-10
2.15445e-10
1.99818e-10
1.80183e-10
1.92893e-10
1.94276e-10
1.70355e-10
1.82924e-10
1.25223e-10
1.95891e-10
1.92788e-10
1.43723e-10
1.91129e-10
1.76203e-10
1.83439e-10
1.72207e-10
1.83439e-10
1.60726e-10
2.13122e-10
1.73168e-10
1.86519e-10
2.05817e-10
1.90245e-10
1.98724e-10
2.14278e-10
1.68113e-10
2.01468e-10
1.98376e-10
1.61723e-10
1.43513e-10
1.61499e-10
1.98936e-10
1.89923e-10
2.2334e-10
1.87212e-10
1.40294e-10
1.5775e-10
2.02099e-10
1.67406e-10
1.95466e-10
1.67464e-10
1.79115e-10
1.78229e-10
1.79548e-10
1.70452e-10
1.8894e-10
1.86745e-10
2.10198e-10
1.78943e-10
1.82293e-10
1.94621e-10
1.88856e-10
1.61813e-10
2.13284e-10
1.59959e-10
1.84749e-10
1.93321e-10
1.82552e-10
1.6605e-10
1.65624e-10
1.99714e-10
1.4909e-10
1.75252e-10
1.9913e-10
1.73511e-10
9.06768e-11
1.94052e-10
2.04836e-10
1.23461e-10
1.63806e-10
1.68872e-10
1.55968e-10
1.86428e-10
1.90207e-10
2.11319e-10
2.08061e-10
1.5289e-10
1.66262e-10
1.70219e-10
2.01104e-10
1.91897e-10
2.2419e-10
1.669e-10
1.91991e-10
1.21018e-10
1.75622e-10
1.9427e-10
1.78217e-10
2.05398e-10
1.79047e-10
2.03405e-10
1.10473e-10
1.93329e-10
1.7978e-10
1.80008e-10
1.44618e-10
1.95036e-10
2.02938e-10
1.78461e-10
1.90187e-10
1.22939e-10
1.56395e-10
1.97717e-10
1.8184e-10
1.71451e-10
2.07255e-10
1.84593e-10
1.50513e-10
1.73967e-10
1.85718e-10
1.84303e-10
1.90928e-10
1.47589e-10
2.1194e-10
2.0374e-10
2.11892e-10
1.78053e-10
1.36234e-10
1.76967e-10
1.57554e-10
1.59517e-10
1.77885e-10
2.18965e-10
1.69799e-10
1.51775e-10
1.65482e-10
1.20281e-10
1.04594e-10
2.11446e-10
1.79416e-10
1.237e-10
1.89815e-10
1.43399e-10
1.89694e-10
7.63601e-11
1.98697e-10
2.04581e-10
2.0887e-10
1.90271e-10
1.78242e-10
1.50433e-10
1.55637e-10
1.62017e-10
1.80043e-10
2.05916e-10
1.36832e-10
2.29199e-10
1.6089e-10
1.4143e-10
2.14109e-10
1.58543e-10
1.72424e-10
1.75382e-10
1.87348e-10
1.83425e-10
1.56359e-10
1.84547e-10
1.61512e-10
1.05558e-10
1.43768e-10
1.88824e-10
2.12749e-10
1.92268e-10
1.91106e-10
1.22413e-10
1.58392e-10
1.71823e-10
1.58066e-10
1.35385e-10
2.1161e-10
1.672e-10
1.82061e-10
1.85118e-10
1.8515e-10
2.07712e-10
1.54631e-10
1.79912e-10
2.22595e-10
2.07368e-10
1.86864e-10
1.78644e-10
1.84228e-10
1.52657e-10
1.78178e-10
2.02268e-10
2.01622e-10
2.10138e-10
1.85016e-10
1.68124e-10
1.27724e-10
2.02763e-10
1.9461e-10
1.89532e-10
1.92999e-10
1.92268e-10
1.93435e-10
8.4361e-11
1.82133e-10
1.82672e-10
1.70747e-10
1.4717e-10
1.81353e-10
1.76979e-10
1.91284e-10
1.71053e-10
1.99206e-10
1.62233e-10
2.11903e-10
2.1647e-10
1.77657e-10
1.6985e-10
2.32572e-10
1.76683e-10
1.69861e-10
1.75485e-10
1.86454e-10
1.81002e-10
1.69816e-10
1.6525e-10
1.50835e-10
1.60447e-10
1.14641e-10
1.53025e-10
1.84034e-10
2.05857e-10
1.70463e-10
1.83717e-10
2.009e-10
1.43145e-10
1.8183e-10
1.61763e-10
1.8186e-10
2.0141e-10
2.27543e-10
1.92628e-10
1.61707e-10
1.86267e-10
1.53039e-10
1.30088e-10
2.05393e-10
1.84387e-10
1.73212e-10
1.96665e-10
1.83417e-10
1.64221e-10
1.70115e-10
1.98499e-10
1.58869e-10
1.93673e-10
2.30553e-10
1.84948e-10
1.93146e-10
1.88832e-10
1.17991e-10
1.46779e-10
1.87729e-10
1.36331e-10
2.06759e-10
1.95313e-10
1.7478e-10
1.86433e-10
1.87587e-10
1.81337e-10
1.81327e-10
1.76947e-10
2.16424e-10
1.77062e-10
1.2268e-10
2.02954e-10
1.73378e-10
1.93267e-10
1.40394e-10
1.69539e-10
2.09745e-10
1.84089e-10
1.60144e-10
1.88629e-10
9.74556e-11
1.52071e-10
1.91011e-10
1.62439e-10
2.03399e-10
1.84371e-10
1.8867e-10
1.69248e-10
1.55077e-10
1.71027e-10
1.46507e-10
1.58909e-10
1.54569e-10
1.5945e-10
1.71382e-10
1.86458e-10
1.97398e-10
2.06528e-10
1.67094e-10
1.74706e-10
1.62703e-10
1.89185e-10
1.24434e-10
1.63459e-10
1.58205e-10
1.52857e-10
1.76449e-10
1.44786e-10
2.07725e-10
1.90672e-10
1.78478e-10
1.55908e-10
1.01638e-10
1.80449e-10
1.88893e-10
1.41035e-10
1.73815e-10
1.4765e-10
1.96127e-10
1.29662e-10
1.68466e-10
1.99462e-10
2.02577e-10
1.64059e-10
2.05561e-10
1.71e-10
1.60008e-10
1.95544e-10
1.87268e-10
1.90688e-10
1.85875e-10
2.00578e-10
1.71824e-10
2.04607e-10
1.76874e-10
1.20023e-10
1.86134e-10
1.94409e-10
1.93381e-10
1.77266e-10
1.94957e-10
2.03104e-10
2.02191e-10
1.75323e-10
1.56439e-10
1.35954e-10
1.67777e-10
7.08356e-11
1.50804e-10
1.82335e-10
1.4426e-10
1.47898e-10
1.81592e-10
1.74485e-10
1.83862e-10
1.47473e-10
1.99082e-10
1.2595e-10
2.10323e-10
2.01075e-10
1.44287e-10
1.88914e-10
1.7795e-10
1.62884e-10
2.21073e-10
1.88904e-10
1.6347e-10
1.78203e-10
1.90882e-10
1.48195e-10
2.06343e-10
1.72268e-10
1.55551e-10
1.2155e-10
1.43426e-10
2.05327e-10
1.93143e-10
1.8324e-10
1.74108e-10
1.75893e-10
1.9836e-10
1.6e-10
2.12504e-10
2.06316e-10
1.58084e-10
1.72091e-10
2.01541e-10
1.90608e-10
1.83085e-10
1.4365e-10
1.51564e-10
1.5846e-10
1.73208e-10
1.81805e-10
1.50561e-10
1.52684e-10
1.60749e-10
2.05417e-10
1.65257e-10
1.89639e-10
1.96278e-10
2.01616e-10
1.9862e-10
1.62998e-10
1.72969e-10
1.475e-10
2.04728e-10
2.029e-10
1.77257e-10
8.76164e-11
1.71073e-10
2.04535e-10
2.20114e-10
1.97368e-10
1.75278e-10
1.85947e-10
1.86291e-10
1.80593e-10
2.07293e-10
1.3705e-10
1.40087e-10
1.82736e-10
1.71719e-10
1.83462e-10
1.86891e-10
1.83157e-10
1.69275e-10
1.97384e-10
6.76837e-11
2.08846e-10
1.64571e-10
1.69277e-10
1.92603e-10
6.25922e-11
1.83724e-10
1.97197e-10
1.7532e-10
1.78111e-10
1.27907e-10
1.11004e-10
1.47466e-10
1.75707e-10
1.73814e-10
1.32117e-10
2.25803e-10
1.84399e-10
1.6841e-10
2.00291e-10
1.76973e-10
1.31982e-10
2.01817e-10
1.9054e-10
1.90889e-10
1.77715e-10
1.1616e-10
1.08289e-10
1.86358e-10
1.56792e-10
1.88829e-10
2.02446e-10
1.62027e-10
1.99403e-10
1.6093e-10
1.81421e-10
1.75347e-10
1.75613e-10
1.64776e-10
7.5002e-11
1.81596e-10
1.90352e-10
1.76264e-10
1.2654e-10
1.31884e-10
1.78878e-10
2.05722e-10
1.91486e-10
2.1325e-10
1.8582e-10
1.70434e-10
1.70621e-10
1.48414e-10
1.65646e-10
1.62913e-10
1.72907e-10
1.71835e-10
2.12665e-10
1.93952e-10
1.38594e-10
1.72931e-10
1.784e-10
1.48504e-10
1.6435e-10
1.88891e-10
1.5755e-10
8.29803e-11
1.32686e-10
1.93536e-10
1.798e-10
1.39468e-10
1.89072e-10
1.6137e-10
2.03642e-10
1.87947e-10
1.76368e-10
1.4962e-10
1.27449e-10
1.98391e-10
1.49546e-10
2.22453e-10
2.02023e-10
1.73172e-10
1.33359e-10
1.83288e-10
1.76782e-10
1.82449e-10
1.64606e-10
1.88695e-10
1.88054e-10
1.79387e-10
1.98508e-10
1.36361e-10
2.08531e-10
1.40387e-10
2.17978e-10
1.49478e-10
2.19474e-10
1.67604e-10
1.64029e-10
1.55877e-10
1.38466e-10
1.83349e-10
1.83128e-10
1.88662e-10
1.225e-10
1.75952e-10
1.75581e-10
2.042e-10
1.81769e-10
1.56372e-10
1.88425e-10
2.12672e-10
1.79581e-10
1.90368e-10
9.77035e-11
1.90771e-10
1.65374e-10
1.46659e-10
1.82352e-10
1.7151e-10
1.77473e-10
1.85128e-10
1.94267e-10
1.62082e-10
1.67838e-10
1.78507e-10
2.06271e-10
1.91271e-10
2.04579e-10
2.00396e-10
1.84503e-10
1.71137e-10
1.84874e-10
1.57374e-10
1.56287e-10
1.50286e-10
1.77473e-10
1.31154e-10
1.48777e-10
1.81387e-10
1.87724e-10
1.90736e-10
2.02237e-10
1.92704e-10
1.429e-10
1.81111e-10
1.77304e-10
1.63226e-10
1.45107e-10
1.11218e-10
1.65715e-10
1.72694e-10
2.04174e-10
1.45632e-10
1.75672e-10
1.6162e-10
1.92453e-10
1.30531e-10
1.73491e-10
2.08979e-10
1.94428e-10
1.9225e-10
1.966e-10
1.89905e-10
1.96473e-10
2.11079e-10
1.71853e-10
1.78794e-10
2.02778e-10
1.80322e-10
1.98507e-10
1.77576e-10
1.47235e-10
1.84995e-10
1.47936e-10
1.6453e-10
1.467e-10
1.82826e-10
1.85038e-10
1.76187e-10
1.76279e-10
1.79178e-10
1.80701e-10
1.95298e-10
1.87963e-10
2.00243e-10
1.63605e-10
1.69117e-10
1.64073e-10
1.69967e-10
1.53994e-10
2.14827e-10
1.93533e-10
1.70306e-10
2.07012e-10
1.59515e-10
1.99773e-10
2.00279e-10
1.76448e-10
1.88645e-10
1.76557e-10
1.85958e-10
1.36585e-10
1.23096e-10
1.67315e-10
1.15912e-10
1.57431e-10
2.21692e-10
1.533e-10
1.64697e-10
1.91979e-10
1.75772e-10
1.20543e-10
1.94349e-10
1.66078e-10
1.76458e-10
1.716e-10
2.05525e-10
1.52518e-10
1.38229e-10
1.1537e-10
1.94217e-10
1.18479e-10
1.89414e-10
1.80465e-10
1.85534e-10
2.10948e-10
2.05946e-10
1.68716e-10
1.86162e-10
2.05011e-10
2.14375e-10
1.82459e-10
1.87598e-10
1.47968e-10
1.88802e-10
2.03718e-10
1.41374e-10
2.06732e-10
1.7833e-10
1.701e-10
1.91141e-10
1.85099e-10
1.36184e-10
1.81062e-10
2.05868e-10
1.40569e-10
2.22278e-10
1.88662e-10
1.91766e-10
1.75378e-10
1.72387e-10
1.90595e-10
1.70566e-10
1.99264e-10
2.23057e-10
1.90251e-10
1.69313e-10
1.85169e-10
1.43506e-10
1.53847e-10
2.0778e-10
1.5059e-10
2.1123e-10
1.87474e-10
1.49713e-10
1.60308e-10
1.51027e-10
1.94278e-10
1.66576e-10
1.99327e-10
2.13294e-10
2.01699e-10
1.7523e-10
1.64676e-10
1.6841e-10
1.79293e-10
1.51852e-10
1.97959e-10
2.11089e-10
1.4295e-10
1.80931e-10
1.36377e-10
1.82342e-10
1.33721e-10
1.98835e-10
1.99065e-10
2.20102e-10
1.9745e-10
1.92242e-10
1.84536e-10
1.71162e-10
1.57194e-10
1.22976e-10
1.47951e-10
1.77308e-10
1.95251e-10
1.96024e-10
1.93522e-10
1.71485e-10
1.92367e-10
1.6654e-10
1.99653e-10
1.62483e-10
1.91695e-10
1.38865e-10
1.37939e-10
2.05167e-10
1.92749e-10
1.7505e-10
1.56476e-10
2.23546e-10
1.627e-10
1.60008e-10
1.94982e-10
1.50109e-10
1.84749e-10
1.69728e-10
1.70264e-10
1.56663e-10
1.86727e-10
1.87766e-10
1.26117e-10
1.8042e-10
1.60663e-10
1.91106e-10
1.4609e-10
2.24349e-10
1.83039e-10
1.86842e-10
1.39722e-10
1.58461e-10
1.8433e-10
1.83201e-10
2.12646e-10
2.15733e-10
2.1706e-10
1.78256e-10
1.79122e-10
1.95574e-10
2.05209e-10
1.73878e-10
1.18945e-10
1.63914e-10
1.88123e-10
1.12426e-10
1.94356e-10
1.67317e-10
1.90447e-10
1.59389e-10
2.02014e-10
1.48981e-10
1.81893e-10
2.13388e-10
1.82552e-10
1.53563e-10
1.63773e-10
1.90142e-10
1.60212e-10
1.97853e-10
1.86604e-10
1.34037e-10
1.80934e-10
1.97118e-10
1.84206e-10
1.8242e-10
2.08447e-10
2.19648e-10
1.4925e-10
1.84509e-10
1.44209e-10
1.55166e-10
2.18693e-10
1.79866e-10
1.9549e-10
1.65072e-10
1.91104e-10
1.65063e-10
1.5993e-10
1.66643e-10
1.66211e-10
1.75622e-10
2.04157e-10
1.89776e-10
1.664e-10
1.64633e-10
1.85489e-10
8.37122e-11
1.13e-10
2.12828e-10
1.65163e-10
2.14765e-10
1.92231e-10
1.73215e-10
1.86561e-10
1.93546e-10
1.89154e-10
1.39191e-10
1.80533e-10
2.21851e-10
1.91788e-10
1.53247e-10
1.84127e-10
2.10859e-10
1.88365e-10
1.98636e-10
1.81775e-10
1.77461e-10
1.99266e-10
1.94856e-10
1.74786e-10
1.88401e-10
1.44426e-10
1.93803e-10
2.06103e-10
1.96466e-10
1.95573e-10
9.36832e-11
1.89962e-10
1.91818e-10
1.7871e-10
1.78884e-10
1.83357e-10
2.14517e-10
