2.83488e-10
2.69045e-10
2.77316e-10
2.74271e-10
2.6684e-10
2.92688e-10
2.04168e-10
2.96693e-10
1.54375e-10
2.58836e-10
2.75287e-10
2.85927e-10
2.17619e-10
2.95498e-10
2.89196e-10
2.91531e-10
2.80532e-10
2.68153e-10
2.85964e-10
3.0178e-10
2.48261e-10
2.86379e-10
2.85563e-10
2.90777e-10
2.74072e-10
2.95594e-10
2.41204e-10
2.73865e-10
2.78334e-10
2.72982e-10
2.98991e-10
3.113e-10
2.76623e-10
2.49091e-10
2.74604e-10
2.18467e-10
2.16195e-10
2.54237e-10
2.94688e-10
2.75937e-10
2.76361e-10
2.60063e-10
2.82491e-10
2.77516e-10
2.48604e-10
2.84841e-10
2.37514e-10
2.98237e-10
2.73129e-10
2.27945e-10
2.34699e-10
2.64288e-10
2.87587e-10
2.9012e-10
2.84593e-10
2.91619e-10
2.87213e-10
2.7158e-10
2.52826e-10
2.84073e-10
2.86948e-10
2.47235e-10
2.94921e-10
2.86652e-10
2.74369e-10
2.86725e-10
2.91958e-10
2.57086e-10
2.74435e-10
2.97021e-10
2.63154e-10
2.79446e-10
2.87276e-10
1.86869e-10
2.01288e-10
2.29618e-10
2.86671e-10
2.61017e-10
2.9782e-10
2.63158e-10
2.79967e-10
3.11375e-10
2.74755e-10
2.22689e-10
3.06796e-10
2.74719e-10
3.08087e-10
2.6353e-10
2.03125e-10
2.74533e-10
2.70016e-10
2.68796e-10
2.61551e-10
2.85113e-10
2.80132e-10
2.97619e-10
2.66417e-10
2.46166e-10
2.7567e-10
2.46307e-10
2.73285e-10
2.60141e-10
2.87035e-10
2.84709e-10
2.56208e-10
2.7639e-10
2.73353e-10
2.4742e-10
1.13446e-10
2.5472e-10
2.90263e-10
2.94778e-10
2.79076e-10
2.77688e-10
2.4292e-10
2.45911e-10
2.96149e-10
2.86142e-10
2.46029e-10
2.68875e-10
2.97423e-10
2.41322e-10
2.83829e-10
2.88517e-10
2.50283e-10
2.65804e-10
2.77427e-10
3.14258e-10
2.85776e-10
2.65136e-10
2.40196e-10
2.16337e-10
2.41872e-10
2.74961e-10
2.66053e-10
2.83869e-10
2.7967e-10
2.60927e-10
2.94162e-10
2.92549e-10
2.56648e-10
2.81109e-10
2.78554e-10
2.88373e-10
2.90962e-10
2.92025e-10
2.87002e-10
2.73994e-10
2.69905e-10
2.86104e-10
2.36003e-10
2.66573e-10
2.56376e-10
2.80917e-10
2.5143e-10
2.82072e-10
2.51224e-10
2.39839e-10
1.81834e-10
2.98586e-10
2.52124e-10
2.44344e-10
2.42725e-10
1.80898e-10
2.13746e-10
2.88426e-10
2.74655e-10
2.93633e-10
2.66254e-10
2.62219e-10
2.61578e-10
2.64958e-10
2.78679e-10
2.77292e-10
2.65857e-10
3.07954e-10
2.89661e-10
2.89477e-10
2.48273e-10
2.58326e-10
2.97849e-10
2.65754e-10
2.79693e-10
3.14119e-10
2.84631e-10
2.93879e-10
2.51298e-10
2.0785e-10
2.91317e-10
2.93445e-10
3.01808e-10
3.11995e-10
2.77777e-10
2.61822e-10
2.8852e-10
2.46813e-10
2.60848e-10
2.33827e-10
2.72841e-10
3.06638e-10
2.77566e-10
2.22476e-10
2.68241e-10
2.20136e-10
2.59471e-10
2.76674e-10
3.01712e-10
2.87389e-10
2.742e-10
2.90417e-10
2.65407e-10
2.83452e-10
2.84949e-10
2.36105e-10
2.71334e-10
2.5643e-10
2.80366e-10
2.77912e-10
2.77473e-10
2.58763e-10
2.5191e-10
2.52954e-10
2.59561e-10
3.25425e-10
2.35114e-10
2.96111e-10
2.72568e-10
2.88657e-10
2.62937e-10
2.21513e-10
2.79186e-10
2.74254e-10
2.87972e-10
2.69461e-10
2.39907e-10
2.85073e-10
2.39181e-10
2.28652e-10
3.057e-10
2.71715e-10
2.73016e-10
2.57963e-10
2.64571e-10
2.94652e-10
2.87027e-10
2.48559e-10
2.76482e-10
2.44754e-10
2.55693e-10
2.73513e-10
2.57771e-10
2.93294e-10
2.46814e-10
2.79051e-10
2.74806e-10
2.90416e-10
2.72371e-10
2.44638e-10
2.25465e-10
2.79621e-10
2.80895e-10
2.46463e-10
2.33263e-10
2.69523e-10
2.20194e-10
2.72797e-10
2.79793e-10
2.27023e-10
2.81701e-10
2.86352e-10
2.80477e-10
2.67432e-10
2.72857e-10
2.84893e-10
2.85244e-10
2.86196e-10
2.71421e-10
2.86546e-10
2.57041e-10
2.36207e-10
2.70445e-10
2.67557e-10
1.95382e-10
2.68125e-10
3.02735e-10
2.87786e-10
3.05918e-10
2.58752e-10
2.71285e-10
2.41874e-10
2.77238e-10
3.02431e-10
2.53991e-10
2.79438e-10
2.84485e-10
2.5661e-10
2.1125e-10
2.73887e-10
2.74755e-10
2.91534e-10
2.43275e-10
2.7149e-10
2.92161e-10
2.84601e-10
2.60865e-10
3.07752e-10
2.7713e-10
2.51748e-10
2.3749e-10
2.14829e-10
2.80184e-10
2.88884e-10
2.53609e-10
2.42902e-10
2.71867e-10
2.80067e-10
1.99078e-10
2.89975e-10
2.05365e-10
3.11265e-10
1.95e-10
2.63673e-10
2.89108e-10
2.56264e-10
2.73274e-10
2.72064e-10
2.56798e-10
3.00223e-10
2.77795e-10
2.74783e-10
2.39947e-10
2.95599e-10
2.18198e-10
2.67874e-10
3.12298e-10
2.80351e-10
2.88941e-10
2.83297e-10
2.6564e-10
2.60063e-10
2.92838e-10
2.89159e-10
2.57612e-10
3.03779e-10
2.75171e-10
2.87976e-10
2.46577e-10
2.55463e-10
2.84621e-10
2.58837e-10
2.85631e-10
3.25242e-10
2.7439e-10
2.76672e-10
2.00231e-10
2.37264e-10
2.22011e-10
2.61169e-10
2.25898e-10
2.58047e-10
2.88172e-10
2.62917e-10
2.58813e-10
2.60633e-10
2.81092e-10
2.58411e-10
2.82978e-10
2.69794e-10
2.7121e-10
2.51466e-10
2.596e-10
2.32988e-10
2.68565e-10
2.96305e-10
2.88609e-10
3.1829e-10
2.43605e-10
2.95104e-10
2.49969e-10
2.97375e-10
2.73793e-10
2.54317e-10
2.01117e-10
2.89876e-10
2.83907e-10
2.83638e-10
2.51837e-10
2.82937e-10
3.05467e-10
2.2746e-10
3.04787e-10
3.00962e-10
2.60059e-10
2.70841e-10
2.49216e-10
2.8905e-10
2.25478e-10
2.96001e-10
2.7269e-10
3.1269e-10
2.55045e-10
2.73482e-10
2.64062e-10
2.69656e-10
2.86881e-10
2.90278e-10
2.56252e-10
3.24719e-10
2.71483e-10
2.72666e-10
2.60099e-10
2.49009e-10
2.59637e-10
2.78703e-10
2.85397e-10
2.55384e-10
2.78379e-10
2.61197e-10
2.92518e-10
2.54964e-10
2.5857e-10
2.5393e-10
2.81304e-10
2.56879e-10
2.88251e-10
2.26347e-10
2.46481e-10
2.60337e-10
2.2155e-10
2.92819e-10
2.89237e-10
2.8585e-10
2.7746e-10
2.76338e-10
2.92427e-10
2.49769e-10
2.63088e-10
2.90209e-10
2.51398e-10
1.53645e-10
2.30527e-10
2.48369e-10
2.83719e-10
2.76884e-10
2.92031e-10
2.66557e-10
2.72018e-10
2.38406e-10
2.70549e-10
2.82249e-10
2.43719e-10
3.05919e-10
2.87595e-10
2.14908e-10
2.91846e-10
2.97755e-10
2.63205e-10
2.61307e-10
2.82722e-10
2.57135e-10
2.02053e-10
2.79669e-10
3.04373e-10
3.10952e-10
2.46396e-10
2.76851e-10
2.22674e-10
2.71003e-10
2.58741e-10
2.46643e-10
2.75324e-10
2.95368e-10
2.99551e-10
2.84411e-10
2.57986e-10
2.25056e-10
2.5538e-10
2.19899e-10
2.68903e-10
3.10759e-10
2.29598e-10
2.98671e-10
2.93035e-10
2.69061e-10
2.39021e-10
2.97755e-10
2.78409e-10
3.14676e-10
2.78665e-10
2.61922e-10
2.54787e-10
2.52554e-10
2.63959e-10
2.98981e-10
2.69047e-10
3.19683e-10
2.70156e-10
2.76867e-10
2.85254e-10
2.76579e-10
2.63762e-10
2.73529e-10
2.6537e-10
3.15665e-10
2.57408e-10
2.77875e-10
2.70731e-10
2.81053e-10
2.82997e-10
2.72031e-10
2.6466e-10
2.90002e-10
2.76266e-10
2.72089e-10
2.79629e-10
2.94548e-10
2.36003e-10
2.85305e-10
2.79663e-10
2.25552e-10
2.51037e-10
2.46977e-10
2.50773e-10
2.66599e-10
2.98372e-10
2.95441e-10
2.43228e-10
3.10723e-10
2.39498e-10
2.84876e-10
2.54481e-10
2.7743e-10
2.83885e-10
3.0859e-10
2.81651e-10
2.81087e-10
2.77847e-10
2.48193e-10
2.88092e-10
2.83374e-10
2.42697e-10
2.71841e-10
2.92678e-10
3.1244e-10
2.61762e-10
2.91088e-10
1.70276e-10
2.67254e-10
2.71316e-10
2.78159e-10
2.60296e-10
3.0239e-10
2.68381e-10
2.11518e-10
2.66401e-10
2.81182e-10
2.56083e-10
2.40559e-10
2.8512e-10
3.24709e-10
2.79748e-10
2.65574e-10
2.12055e-10
2.11959e-10
2.52248e-10
2.54176e-10
2.85378e-10
2.69364e-10
2.59783e-10
2.80504e-10
2.57772e-10
2.9192e-10
2.54336e-10
2.39936e-10
2.63596e-10
2.74612e-10
2.33644e-10
2.10633e-10
2.78228e-10
2.74538e-10
2.64891e-10
2.4666e-10
2.53536e-10
2.95163e-10
2.79685e-10
2.71063e-10
2.82935e-10
2.75788e-10
2.72402e-10
2.64126e-10
2.90012e-10
3.21069e-10
2.62215e-10
2.8098e-10
2.38107e-10
1.84997e-10
2.8149e-10
2.69367e-10
2.42035e-10
3.05345e-10
2.73835e-10
2.8074e-10
2.09733e-10
2.79845e-10
2.7616e-10
2.86199e-10
2.66208e-10
3.09233e-10
2.45512e-10
2.36257e-10
2.60922e-10
2.57432e-10
2.37925e-10
2.89914e-10
2.95856e-10
2.95309e-10
2.61594e-10
2.73e-10
2.67229e-10
2.55807e-10
2.77203e-10
2.59323e-10
2.73869e-10
2.25656e-10
2.0125e-10
2.86152e-10
2.62255e-10
2.22873e-10
2.53007e-10
2.86968e-10
2.70166e-10
2.75071e-10
2.66254e-10
2.47231e-10
2.83037e-10
2.91634e-10
2.67145e-10
2.83733e-10
2.12435e-10
2.82615e-10
2.83578e-10
2.71955e-10
2.26815e-10
2.60072e-10
2.75543e-10
3.00856e-10
2.67498e-10
2.23852e-10
2.72348e-10
2.62432e-10
2.98294e-10
2.73389e-10
2.72156e-10
2.87921e-10
2.2102e-10
2.67362e-10
2.8835e-10
2.77076e-10
2.46109e-10
1.50823e-10
2.60297e-10
2.84495e-10
2.53875e-10
2.84983e-10
2.24098e-10
2.90596e-10
2.66588e-10
2.90132e-10
2.56666e-10
2.53034e-10
2.54671e-10
2.90306e-10
2.74411e-10
2.2795e-10
2.57367e-10
2.52034e-10
2.02212e-10
2.05034e-10
2.52171e-10
3.02264e-10
2.53216e-10
2.89347e-10
2.30643e-10
1.88223e-10
2.54186e-10
2.70576e-10
2.71594e-10
2.72641e-10
3.03261e-10
1.46633e-10
2.90582e-10
2.65296e-10
2.50329e-10
2.98859e-10
2.62048e-10
2.53452e-10
2.71581e-10
2.28547e-10
2.72972e-10
2.66924e-10
2.70367e-10
2.97473e-10
2.62524e-10
2.80009e-10
2.16252e-10
2.83465e-10
3.04524e-10
2.76807e-10
2.76844e-10
2.72898e-10
2.761e-10
2.85682e-10
1.975e-10
3.07121e-10
2.61567e-10
2.93483e-10
2.86315e-10
2.62984e-10
2.59677e-10
2.66342e-10
2.63359e-10
2.97357e-10
2.9472e-10
2.72921e-10
3.016e-10
2.33344e-10
2.51262e-10
2.8969e-10
2.36145e-10
2.65733e-10
2.67327e-10
2.66561e-10
2.71353e-10
2.56566e-10
2.21076e-10
2.76069e-10
2.97465e-10
2.77506e-10
2.80271e-10
2.26713e-10
2.75667e-10
2.69566e-10
2.66845e-10
2.8852e-10
2.55104e-10
2.72412e-10
2.39224e-10
2.82127e-10
2.83736e-10
2.33381e-10
2.78919e-10
3.053e-10
2.74093e-10
3.0106e-10
2.8853e-10
2.61577e-10
2.3538e-10
2.69071e-10
2.33213e-10
2.52894e-10
2.89871e-10
2.533e-10
2.53738e-10
2.62355e-10
2.22575e-10
2.84366e-10
2.80984e-10
2.85165e-10
2.38496e-10
2.80255e-10
2.56626e-10
2.66948e-10
2.62551e-10
2.83368e-10
2.95603e-10
2.70985e-10
2.6172e-10
2.8277e-10
2.78997e-10
2.50306e-10
2.7693e-10
2.79154e-10
2.8512e-10
3.00353e-10
2.53867e-10
2.67823e-10
2.76202e-10
2.85866e-10
2.28434e-10
2.57075e-10
2.44474e-10
2.91337e-10
2.58385e-10
2.33854e-10
2.84786e-10
2.02233e-10
2.66613e-10
2.86122e-10
2.89409e-10
2.96015e-10
2.73286e-10
2.81999e-10
2.79245e-10
2.18663e-10
2.76877e-10
2.35859e-10
2.86398e-10
2.95574e-10
2.62133e-10
2.77728e-10
2.87349e-10
2.82512e-10
2.909e-10
2.86865e-10
2.75627e-10
2.58318e-10
2.25034e-10
2.61295e-10
2.67313e-10
2.78377e-10
2.61097e-10
2.81921e-10
2.80454e-10
3.17518e-10
3.00214e-10
2.5638e-10
2.26631e-10
2.71633e-10
2.60013e-10
2.49623e-10
2.96954e-10
2.42517e-10
2.85387e-10
2.26754e-10
2.67738e-10
2.81044e-10
2.45e-10
2.81245e-10
2.51512e-10
2.86019e-10
2.84377e-10
2.36544e-10
2.36115e-10
2.36877e-10
2.17635e-10
2.84805e-10
2.54086e-10
3.0193e-10
2.72971e-10
2.5327e-10
2.77567e-10
2.83031e-10
2.82518e-10
2.86819e-10
3.04784e-10
2.90097e-10
2.78175e-10
2.65597e-10
2.87892e-10
2.74207e-10
2.5921e-10
2.21812e-10
2.73164e-10
3.18376e-10
2.56487e-10
2.38262e-10
2.73565e-10
2.8195e-10
1.60837e-10
2.80264e-10
2.52746e-10
3.08275e-10
2.3529e-10
2.72836e-10
2.79682e-10
2.70808e-10
2.88763e-10
2.71543e-10
2.89951e-10
2.42896e-10
2.36802e-10
2.85307e-10
2.75855e-10
2.6915e-10
2.57876e-10
2.97522e-10
2.93796e-10
2.91163e-10
1.83125e-10
2.82506e-10
2.87533e-10
2.94749e-10
2.52767e-10
2.28404e-10
2.91042e-10
2.46372e-10
2.70341e-10
2.34263e-10
2.89899e-10
2.47631e-10
2.88263e-10
2.42906e-10
2.77247e-10
2.70556e-10
2.72441e-10
2.86917e-10
2.44139e-10
2.28626e-10
2.65924e-10
3.00186e-10
2.71564e-10
2.37869e-10
2.56095e-10
2.429e-10
2.58449e-10
2.66013e-10
2.77354e-10
2.55175e-10
2.36087e-10
3.18443e-10
2.67147e-10
2.83992e-10
2.74167e-10
2.72789e-10
2.3699e-10
2.68796e-10
2.74036e-10
2.82969e-10
2.718e-10
2.44596e-10
2.48453e-10
2.50123e-10
3.04169e-10
2.7638e-10
2.76256e-10
3.15151e-10
3.00628e-10
2.60403e-10
2.82949e-10
2.07784e-10
3.12382e-10
2.85099e-10
2.7637e-10
2.17527e-10
2.43381e-10
2.94867e-10
2.75112e-10
2.62754e-10
2.79064e-10
3.04576e-10
2.96254e-10
2.77039e-10
2.46203e-10
2.48098e-10
2.56686e-10
2.90518e-10
2.48293e-10
3.01347e-10
2.99961e-10
2.86222e-10
2.40842e-10
2.6754e-10
2.35562e-10
2.4359e-10
2.87687e-10
2.67261e-10
3.08488e-10
2.91334e-10
2.49562e-10
2.57373e-10
2.29116e-10
2.60154e-10
2.71649e-10
2.68229e-10
3.09838e-10
3.26782e-10
2.1125e-10
2.98653e-10
2.49193e-10
2.54339e-10
2.69714e-10
2.99912e-10
2.69551e-10
2.7142e-10
2.98785e-10
2.96414e-10
2.7001e-10
3.09432e-10
2.74215e-10
2.76852e-10
2.69667e-10
2.5541e-10
2.53739e-10
2.62616e-10
2.71339e-10
2.44512e-10
2.10112e-10
2.01721e-10
2.59272e-10
2.94425e-10
2.62458e-10
2.76493e-10
2.79267e-10
2.76269e-10
2.73064e-10
2.6975e-10
2.91708e-10
2.91416e-10
2.85968e-10
2.7814e-10
2.82663e-10
2.48256e-10
2.87546e-10
2.63372e-10
2.83725e-10
3.01068e-10
2.75589e-10
2.82136e-10
2.05957e-10
2.80625e-10
2.61243e-10
2.57892e-10
2.65282e-10
2.88147e-10
2.78243e-10
2.85719e-10
2.92869e-10
2.48765e-10
2.72247e-10
2.25549e-10
2.72596e-10
2.81545e-10
2.76623e-10
2.71724e-10
2.92293e-10
2.49555e-10
2.59164e-10
2.63708e-10
2.85975e-10
2.40137e-10
2.22071e-10
2.66817e-10
2.5787e-10
1.93025e-10
2.87695e-10
2.69427e-10
1.80468e-10
3.03226e-10
3.01912e-10
3.06508e-10
2.7193e-10
2.90574e-10
2.7234e-10
2.64894e-10
2.69496e-10
2.67334e-10
2.8838e-10
2.88065e-10
2.55358e-10
2.65841e-10
2.84246e-10
2.42272e-10
2.50417e-10
2.55166e-10
2.64828e-10
2.56905e-10
2.51534e-10
2.26848e-10
2.81442e-10
3.09455e-10
2.6491e-10
2.83488e-10
2.58781e-10
1.69579e-10
2.59007e-10
2.62271e-10
2.42486e-10
2.84239e-10
2.59918e-10
2.52163e-10
2.86157e-10
2.36321e-10
2.46285e-10
2.38527e-10
2.57145e-10
2.74945e-10
2.84563e-10
3.14329e-10
2.63549e-10
2.75653e-10
2.62028e-10
2.92757e-10
2.28373e-10
2.47616e-10
2.05749e-10
2.75473e-10
2.65724e-10
2.31215e-10
2.74296e-10
2.53079e-10
2.73331e-10
2.60985e-10
2.57086e-10
2.73953e-10
2.50353e-10
2.74672e-10
2.762e-10
2.55902e-10
2.80185e-10
2.87507e-10
2.97962e-10
3.13099e-10
2.23447e-10
2.37711e-10
2.61602e-10
2.63078e-10
3.02011e-10
2.79203e-10
2.9136e-10
2.61603e-10
2.77584e-10
2.61704e-10
2.85489e-10
2.26097e-10
2.48475e-10
2.9583e-10
2.43281e-10
3.0212e-10
2.33257e-10
2.22681e-10
2.78983e-10
2.77753e-10
2.53522e-10
3.1036e-10
2.89919e-10
3.00586e-10
2.38932e-10
2.71964e-10
2.93128e-10
2.62314e-10
2.7023e-10
2.82212e-10
2.80891e-10
2.76727e-10
2.6791e-10
2.61602e-10
2.41201e-10
2.43715e-10
2.62992e-10
2.96093e-10
3.06194e-10
3.2025e-10
2.72857e-10
2.69335e-10
2.38862e-10
2.63014e-10
2.83728e-10
2.85726e-10
2.64407e-10
2.48284e-10
2.82528e-10
2.97082e-10
2.75133e-10
2.66519e-10
2.71182e-10
2.58244e-10
2.59146e-10
2.89035e-10
2.89789e-10
2.66843e-10
2.8587e-10
2.36735e-10
2.73364e-10
2.99892e-10
1.86296e-10
3.17522e-10
2.6776e-10
2.91367e-10
2.3497e-10
2.48718e-10
2.73083e-10
2.36691e-10
3.14864e-10
3.25342e-10
2.77335e-10
2.29715e-10
2.67478e-10
2.21049e-10
2.59593e-10
2.55001e-10
3.19914e-10
3.24174e-10
2.85154e-10
2.39133e-10
2.78725e-10
2.97634e-10
2.75096e-10
2.51076e-10
2.22295e-10
2.96015e-10
2.76973e-10
2.80292e-10
2.25773e-10
2.68398e-10
2.3279e-10
2.63737e-10
2.49398e-10
3.12349e-10
2.61969e-10
2.86617e-10
2.69783e-10
2.06706e-10
2.7372e-10
2.70496e-10
2.90855e-10
2.85015e-10
2.7967e-10
2.3369e-10
2.60287e-10
2.85944e-10
2.72835e-10
2.86847e-10
2.30128e-10
2.49293e-10
3.02183e-10
2.95848e-10
2.19085e-10
2.35424e-10
2.73516e-10
2.48578e-10
2.75665e-10
3.02144e-10
2.37436e-10
2.36624e-10
2.87282e-10
2.5427e-10
2.36065e-10
2.69283e-10
2.97908e-10
2.65737e-10
2.35637e-10
2.77371e-10
2.52178e-10
2.87908e-10
2.52536e-10
2.19729e-10
2.72402e-10
2.78331e-10
2.35808e-10
2.93524e-10
2.57141e-10
2.73217e-10
2.72521e-10
2.67467e-10
2.94519e-10
2.6172e-10
2.74948e-10
1.35272e-10
2.72186e-10
2.82976e-10
2.92034e-10
2.59307e-10
2.84113e-10
2.44109e-10
2.66802e-10
2.71283e-10
2.60278e-10
2.49372e-10
2.63298e-10
2.80124e-10
3.03615e-10
2.31971e-10
2.75431e-10
2.63259e-10
2.11419e-10
2.85608e-10
2.88186e-10
2.51505e-10
2.58818e-10
2.65523e-10
2.76955e-10
2.75896e-10
2.56326e-10
2.56843e-10
2.35001e-10
3.04015e-10
2.69486e-10
2.86353e-10
2.53867e-10
2.26714e-10
2.54598e-10
2.83387e-10
2.93277e-10
2.738e-10
2.71478e-10
2.55389e-10
2.97411e-10
2.71248e-10
2.887e-10
2.71276e-10
2.66498e-10
2.56136e-10
3.09374e-10
3.01378e-10
2.95723e-10
1.51126e-10
2.61755e-10
2.13295e-10
2.90447e-10
2.91615e-10
2.80827e-10
2.70009e-10
2.96681e-10
2.26284e-10
2.63192e-10
2.91463e-10
2.95842e-10
2.79343e-10
2.69761e-10
3.03963e-10
2.37898e-10
2.62088e-10
2.88452e-10
2.35661e-10
2.63314e-10
2.16921e-10
2.30701e-10
2.23206e-10
1.83125e-10
2.59352e-10
2.78141e-10
2.70993e-10
2.58509e-10
2.79958e-10
2.59088e-10
2.3821e-10
2.24098e-10
2.79595e-10
2.47324e-10
2.67093e-10
2.54715e-10
2.72215e-10
3.04382e-10
3.10766e-10
2.73353e-10
2.95311e-10
2.97641e-10
2.28888e-10
2.51385e-10
2.78002e-10
2.79112e-10
2.86083e-10
2.16252e-10
2.88759e-10
2.25406e-10
2.74254e-10
2.74608e-10
2.88213e-10
2.75352e-10
2.80859e-10
2.80014e-10
2.18184e-10
2.5125e-10
3.03633e-10
2.34015e-10
2.62026e-10
2.79039e-10
3.19096e-10
2.79351e-10
2.77627e-10
2.77389e-10
2.98931e-10
2.64233e-10
2.84529e-10
2.82658e-10
2.50713e-10
2.51697e-10
2.93985e-10
2.86002e-10
2.89193e-10
2.56838e-10
2.86582e-10
2.98758e-10
2.98037e-10
2.78396e-10
2.52995e-10
2.89372e-10
2.89175e-10
2.92891e-10
2.94643e-10
2.9999e-10
2.90747e-10
2.60287e-10
2.6836e-10
2.86077e-10
2.77488e-10
2.64928e-10
2.75077e-10
3.09984e-10
2.68838e-10
2.75171e-10
2.65615e-10
2.63744e-10
2.76476e-10
2.56897e-10
2.50661e-10
2.73615e-10
3.06508e-10
2.87359e-10
2.81551e-10
2.70086e-10
2.99016e-10
2.82987e-10
2.72522e-10
2.6594e-10
2.47283e-10
2.89624e-10
2.47366e-10
2.6313e-10
2.5515e-10
2.31786e-10
2.67559e-10
2.91925e-10
2.89767e-10
2.63511e-10
2.83763e-10
2.18773e-10
2.98569e-10
2.5823e-10
2.25644e-10
2.51242e-10
2.98944e-10
2.74072e-10
2.26022e-10
2.48698e-10
2.54571e-10
2.52293e-10
2.05857e-10
2.56851e-10
2.76625e-10
1.86875e-10
2.9662e-10
2.78802e-10
2.55257e-10
2.46213e-10
2.73501e-10
2.65159e-10
3.16187e-10
2.56487e-10
2.65678e-10
2.51531e-10
2.80078e-10
2.25426e-10
2.79405e-10
2.82515e-10
3.03052e-10
2.84486e-10
2.93585e-10
2.3584e-10
2.66393e-10
2.06165e-10
2.80797e-10
2.96139e-10
3.00632e-10
2.8874e-10
2.35151e-10
2.64857e-10
2.63079e-10
2.78723e-10
2.71317e-10
9.95017e-11
2.93227e-10
2.72604e-10
1.6799e-10
2.4557e-10
2.71275e-10
2.79389e-10
2.7586e-10
2.60625e-10
2.8809e-10
2.71384e-10
2.97207e-10
3.06533e-10
2.35944e-10
2.89249e-10
2.89081e-10
2.5966e-10
2.37313e-10
2.84217e-10
2.69161e-10
2.74723e-10
2.58406e-10
2.53766e-10
2.52999e-10
3.04216e-10
2.83288e-10
2.49803e-10
2.92212e-10
2.42961e-10
2.55177e-10
2.14436e-10
2.90997e-10
2.61179e-10
3.04921e-10
2.68613e-10
2.73419e-10
2.85447e-10
2.617e-10
2.39105e-10
2.54339e-10
2.9148e-10
2.72229e-10
2.94276e-10
2.88117e-10
2.51803e-10
2.77649e-10
2.74494e-10
2.64483e-10
2.82952e-10
3.07153e-10
2.24415e-10
2.36442e-10
2.55673e-10
2.35112e-10
2.9058e-10
2.84677e-10
2.42015e-10
2.41622e-10
2.47603e-10
2.58623e-10
2.76986e-10
2.5067e-10
2.47853e-10
2.36638e-10
2.69877e-10
2.92972e-10
2.24415e-10
2.59927e-10
2.52022e-10
2.65082e-10
2.70712e-10
2.585e-10
2.62865e-10
3.1657e-10
2.53674e-10
2.85354e-10
2.9247e-10
2.3964e-10
2.74203e-10
2.76059e-10
2.58834e-10
2.94544e-10
2.88082e-10
2.47821e-10
2.85895e-10
2.5391e-10
2.41714e-10
3.0711e-10
2.81531e-10
3.01127e-10
2.86377e-10
2.67412e-10
2.7713e-10
2.60339e-10
2.47868e-10
2.62046e-10
2.83903e-10
3.02735e-10
2.70262e-10
2.91491e-10
2.57724e-10
2.72304e-10
3.02806e-10
2.85503e-10
2.74141e-10
2.9565e-10
2.49723e-10
2.5666e-10
1.62797e-10
2.62983e-10
2.54659e-10
2.59177e-10
2.16581e-10
2.26542e-10
2.80472e-10
2.93904e-10
2.74182e-10
2.74522e-10
2.9404e-10
2.76075e-10
2.79093e-10
3.17582e-10
2.6782e-10
2.45394e-10
2.59946e-10
2.66643e-10
2.15028e-10
1.7723e-10
2.15175e-10
2.38576e-10
2.6305e-10
2.32103e-10
2.57564e-10
2.79802e-10
3.00997e-10
2.8412e-10
2.87717e-10
3.14921e-10
2.65623e-10
2.72922e-10
2.31454e-10
2.57443e-10
2.67077e-10
2.37511e-10
3.06515e-10
3.023e-10
2.59502e-10
2.92016e-10
2.47946e-10
2.65015e-10
2.6246e-10
2.32312e-10
2.85243e-10
2.59056e-10
2.88845e-10
2.04261e-10
1.91741e-10
2.47978e-10
2.69667e-10
2.4141e-10
2.59663e-10
2.86473e-10
2.1e-10
2.88237e-10
2.43896e-10
2.51541e-10
2.83555e-10
2.7729e-10
2.86543e-10
3.02445e-10
2.4437e-10
2.59206e-10
2.79345e-10
2.17694e-10
2.88103e-10
2.83176e-10
2.38449e-10
2.78288e-10
2.52678e-10
2.7089e-10
2.54792e-10
2.49034e-10
2.79622e-10
2.30382e-10
2.80011e-10
2.8806e-10
2.47603e-10
2.68592e-10
2.98275e-10
2.45124e-10
2.43534e-10
2.74491e-10
2.70842e-10
2.73675e-10
2.33644e-10
2.71319e-10
2.68334e-10
2.35635e-10
2.58158e-10
2.66467e-10
2.85857e-10
2.83307e-10
2.96454e-10
2.92302e-10
2.73621e-10
2.7629e-10
2.81772e-10
2.40853e-10
2.71863e-10
2.80442e-10
2.82514e-10
2.84426e-10
2.32866e-10
2.41992e-10
2.63054e-10
2.58035e-10
2.81047e-10
2.05791e-10
2.91501e-10
2.62975e-10
2.94507e-10
2.77259e-10
2.81396e-10
2.29076e-10
2.83133e-10
2.33589e-10
2.85189e-10
2.79195e-10
2.80603e-10
2.88527e-10
2.70141e-10
2.86066e-10
2.7197e-10
2.89745e-10
2.88497e-10
2.96365e-10
2.95246e-10
2.78445e-10
2.90937e-10
2.46351e-10
2.51192e-10
1.81218e-10
2.26776e-10
2.5737e-10
2.41985e-10
2.56689e-10
2.44291e-10
2.70347e-10
2.53892e-10
2.59515e-10
2.52403e-10
2.95149e-10
2.75329e-10
2.78542e-10
2.89002e-10
2.09416e-10
2.83845e-10
2.51519e-10
2.9023e-10
2.58887e-10
2.57015e-10
2.96063e-10
2.32134e-10
2.90584e-10
2.71285e-10
3.18684e-10
2.74263e-10
2.62197e-10
2.62112e-10
2.45433e-10
2.77613e-10
2.89159e-10
2.78902e-10
2.89746e-10
2.63473e-10
2.35722e-10
2.47403e-10
2.6566e-10
2.7258e-10
2.93446e-10
2.34194e-10
3.19031e-10
2.85662e-10
2.8123e-10
2.61836e-10
2.6243e-10
2.86148e-10
2.44901e-10
2.73693e-10
3.35911e-10
2.66287e-10
2.79163e-10
2.51688e-10
2.52205e-10
2.53908e-10
2.90748e-10
2.34604e-10
2.49563e-10
2.50198e-10
2.60552e-10
2.75718e-10
2.80851e-10
2.78899e-10
2.72783e-10
2.41375e-10
2.88438e-10
2.84056e-10
2.62191e-10
2.70373e-10
2.25362e-10
2.50782e-10
2.60742e-10
3.17989e-10
2.43198e-10
2.52881e-10
2.68701e-10
2.68571e-10
2.48033e-10
2.79339e-10
1.44797e-10
3.03136e-10
2.94267e-10
3.04374e-10
2.66833e-10
2.4703e-10
2.89429e-10
2.70157e-10
2.72049e-10
2.84273e-10
2.51972e-10
2.2887e-10
2.7096e-10
2.85348e-10
2.70457e-10
2.89457e-10
2.38738e-10
2.6533e-10
3.03101e-10
2.77317e-10
2.08203e-10
2.79548e-10
2.44593e-10
2.83821e-10
2.01881e-10
2.64222e-10
2.55304e-10
2.53867e-10
2.55254e-10
2.78618e-10
2.86268e-10
2.9685e-10
2.71522e-10
2.78695e-10
3.09888e-10
2.73286e-10
2.89949e-10
2.73305e-10
2.62503e-10
2.74904e-10
2.05804e-10
2.69844e-10
3.14785e-10
2.88682e-10
2.7289e-10
2.58522e-10
2.78255e-10
2.60086e-10
2.69757e-10
3.05071e-10
2.92173e-10
2.29359e-10
2.90256e-10
2.34667e-10
2.59605e-10
2.21689e-10
2.80994e-10
2.39055e-10
2.42414e-10
2.6776e-10
2.66245e-10
2.55955e-10
2.68194e-10
2.35799e-10
2.74589e-10
2.62572e-10
2.94154e-10
2.48481e-10
2.76439e-10
3.02645e-10
2.79089e-10
2.66822e-10
2.87245e-10
2.55694e-10
2.8176e-10
2.32047e-10
2.66026e-10
2.38465e-10
2.89523e-10
2.77906e-10
2.72628e-10
2.9957e-10
2.58631e-10
2.77101e-10
3.02193e-10
2.6592e-10
2.841e-10
2.8996e-10
2.97085e-10
2.51392e-10
3.0721e-10
2.94326e-10
2.71573e-10
2.93543e-10
2.78198e-10
2.88123e-10
2.64314e-10
2.70222e-10
3.12117e-10
2.70729e-10
2.03111e-10
2.46721e-10
2.85092e-10
2.85507e-10
2.72789e-10
2.75104e-10
2.91805e-10
2.71185e-10
2.5265e-10
2.59529e-10
2.59474e-10
2.81558e-10
2.28369e-10
3.05717e-10
2.91572e-10
3.03647e-10
2.64576e-10
2.6772e-10
2.70099e-10
2.17938e-10
2.89118e-10
2.21975e-10
2.42021e-10
2.65891e-10
2.6947e-10
2.72083e-10
2.85358e-10
2.85683e-10
2.48825e-10
2.90265e-10
2.58382e-10
2.8474e-10
2.79483e-10
2.7312e-10
2.84762e-10
2.98603e-10
2.85164e-10
2.46186e-10
3.10001e-10
2.76323e-10
2.4965e-10
2.05335e-10
2.73879e-10
1.95064e-10
2.67586e-10
2.69264e-10
2.80632e-10
2.92121e-10
3.02576e-10
2.26895e-10
2.66597e-10
2.90169e-10
3.02503e-10
2.02277e-10
2.40261e-10
2.26213e-10
2.67386e-10
2.92102e-10
2.34264e-10
2.93197e-10
2.34406e-10
2.90691e-10
2.96609e-10
2.84266e-10
2.45318e-10
2.90172e-10
2.79938e-10
3e-10
3.00572e-10
2.60066e-10
2.93196e-10
2.9401e-10
2.22223e-10
2.27542e-10
2.68356e-10
2.88527e-10
2.74478e-10
2.67906e-10
2.90808e-10
2.59121e-10
2.77801e-10
2.46724e-10
2.83984e-10
2.84639e-10
2.95855e-10
2.81125e-10
3.11916e-10
2.66449e-10
2.48862e-10
2.61261e-10
2.91569e-10
2.5461e-10
2.73303e-10
2.88523e-10
2.79616e-10
2.83667e-10
2.91163e-10
1.36245e-10
2.8858e-10
2.88429e-10
2.77766e-10
2.50966e-10
2.97845e-10
2.74764e-10
2.85701e-10
2.76049e-10
2.60366e-10
2.84677e-10
2.01617e-10
3.21269e-10
2.70226e-10
2.84131e-10
2.80865e-10
2.80438e-10
2.52406e-10
2.78525e-10
2.38642e-10
2.45438e-10
2.85994e-10
2.90816e-10
2.69244e-10
2.46279e-10
2.57181e-10
2.23474e-10
2.13816e-10
1.96559e-10
2.89918e-10
3.04843e-10
2.6382e-10
2.85408e-10
2.91376e-10
2.69027e-10
2.96764e-10
2.72204e-10
3.19053e-10
2.69263e-10
2.77465e-10
2.49398e-10
2.96133e-10
2.48745e-10
2.63283e-10
3.14135e-10
2.81787e-10
2.62617e-10
2.66993e-10
2.8737e-10
2.45566e-10
2.86108e-10
2.65093e-10
2.84833e-10
2.87721e-10
2.62538e-10
2.56816e-10
2.67431e-10
2.82648e-10
1.59709e-10
2.66596e-10
2.62184e-10
2.91472e-10
2.45002e-10
2.55039e-10
2.61853e-10
2.53847e-10
2.74815e-10
2.75593e-10
3.02425e-10
3.22024e-10
2.92533e-10
2.61627e-10
2.2778e-10
2.73379e-10
2.5259e-10
2.81749e-10
2.26993e-10
3.12794e-10
2.83881e-10
2.54934e-10
2.24906e-10
2.63604e-10
2.70884e-10
2.56963e-10
2.50369e-10
2.87076e-10
2.96378e-10
2.28724e-10
1.70412e-10
2.78424e-10
2.91458e-10
2.95414e-10
2.01531e-10
3.11033e-10
3.00286e-10
2.56482e-10
2.67019e-10
2.85999e-10
2.81122e-10
2.9325e-10
2.76404e-10
3.0372e-10
2.72971e-10
2.74785e-10
2.67384e-10
2.16076e-10
3.01052e-10
2.41114e-10
2.69902e-10
2.80573e-10
2.7967e-10
2.9396e-10
1.75666e-10
2.57411e-10
2.96657e-10
2.07354e-10
2.69959e-10
3.05273e-10
3.00623e-10
3.09161e-10
2.89978e-10
2.96969e-10
3.04872e-10
2.65956e-10
2.5379e-10
2.6392e-10
2.82929e-10
2.539e-10
2.9139e-10
2.52699e-10
2.42792e-10
2.89618e-10
2.83966e-10
3.04773e-10
2.17661e-10
2.88072e-10
2.92389e-10
2.84894e-10
2.39165e-10
2.66735e-10
2.75526e-10
3.04703e-10
2.7265e-10
2.88819e-10
2.68847e-10
2.90892e-10
2.89677e-10
2.71018e-10
2.93654e-10
2.81786e-10
2.82729e-10
2.58974e-10
2.51419e-10
2.77006e-10
2.57017e-10
2.72377e-10
2.98279e-10
2.95191e-10
2.95208e-10
2.53834e-10
1.90734e-10
2.86977e-10
2.29834e-10
2.82789e-10
2.82341e-10
3.23631e-10
2.72016e-10
2.20803e-10
2.76186e-10
2.42153e-10
2.58999e-10
2.4219e-10
2.75496e-10
3.05467e-10
2.54681e-10
2.71558e-10
2.66754e-10
2.66541e-10
2.46148e-10
2.72447e-10
2.80608e-10
2.14235e-10
2.45612e-10
1.81566e-10
2.93847e-10
2.77148e-10
2.64511e-10
2.89993e-10
3.01637e-10
2.93594e-10
2.19795e-10
2.69356e-10
2.88823e-10
2.08323e-10
3.01951e-10
2.7029e-10
2.25352e-10
2.94541e-10
2.42923e-10
2.94496e-10
2.85977e-10
2.78153e-10
2.67105e-10
2.94297e-10
2.67516e-10
3.08931e-10
2.93806e-10
2.8514e-10
2.23277e-10
2.74065e-10
2.7165e-10
2.20875e-10
2.72448e-10
2.97513e-10
2.71009e-10
2.71802e-10
2.49076e-10
2.78503e-10
2.41908e-10
2.90625e-10
2.65849e-10
3.15063e-10
2.38642e-10
2.71046e-10
2.52216e-10
2.91767e-10
2.50721e-10
2.1471e-10
2.97163e-10
3.02304e-10
2.48222e-10
2.70808e-10
2.68724e-10
2.68397e-10
2.77788e-10
2.93365e-10
2.62371e-10
2.37269e-10
2.52264e-10
2.78772e-10
1.82516e-10
2.65912e-10
2.60938e-10
2.95131e-10
2.6569e-10
2.78432e-10
2.57774e-10
3.01854e-10
2.42428e-10
2.96971e-10
1.67938e-10
2.82281e-10
2.71e-10
3.06418e-10
2.88526e-10
2.69743e-10
2.6231e-10
2.67254e-10
2.11091e-10
2.74504e-10
3.03436e-10
3.08222e-10
2.69067e-10
2.58273e-10
2.83123e-10
2.2545e-10
2.82935e-10
2.48077e-10
2.55555e-10
2.73666e-10
2.83256e-10
2.685e-10
2.60667e-10
2.8631e-10
2.66452e-10
2.73764e-10
2.30507e-10
3.07819e-10
2.55635e-10
2.51821e-10
2.73968e-10
2.65148e-10
2.63065e-10
2.27051e-10
2.62021e-10
3.04015e-10
2.80993e-10
2.73113e-10
2.69819e-10
2.82058e-10
2.30151e-10
2.63032e-10
2.98301e-10
2.83114e-10
2.43493e-10
2.85919e-10
2.71196e-10
2.71187e-10
2.83663e-10
2.4092e-10
2.96354e-10
2.99335e-10
2.11875e-10
2.39482e-10
2.73667e-10
2.85897e-10
2.6552e-10
2.811e-10
2.31284e-10
3.06768e-10
2.95256e-10
2.86653e-10
2.086e-10
2.85955e-10
2.6268e-10
2.02523e-10
2.3255e-10
2.74869e-10
2.76604e-10
2.4804e-10
2.71426e-10
2.73648e-10
2.93488e-10
2.62789e-10
2.47705e-10
2.72539e-10
2.45411e-10
2.53847e-10
2.61376e-10
2.65974e-10
2.6399e-10
2.58905e-10
2.59263e-10
3.15676e-10
2.7464e-10
2.67539e-10
2.25348e-10
2.50762e-10
2.57657e-10
3.0847e-10
2.92152e-10
2.71034e-10
2.56151e-10
2.95886e-10
2.6919e-10
2.58676e-10
2.94584e-10
2.70331e-10
2.83571e-10
3.02617e-10
2.75292e-10
2.60947e-10
2.73145e-10
2.62982e-10
2.47943e-10
2.41089e-10
2.24415e-10
3.09212e-10
3.06859e-10
2.61607e-10
2.38284e-10
2.61715e-10
2.76367e-10
2.89567e-10
3.02079e-10
3.07492e-10
2.73061e-10
2.77122e-10
2.45951e-10
2.57843e-10
2.59082e-10
2.84827e-10
2.5602e-10
2.75868e-10
2.81812e-10
2.73187e-10
2.77144e-10
2.94982e-10
2.6645e-10
2.72103e-10
2.78416e-10
3.01759e-10
2.28112e-10
2.41837e-10
2.86451e-10
2.68458e-10
2.48954e-10
2.90489e-10
2.80969e-10
2.83616e-10
2.66802e-10
2.48809e-10
2.34387e-10
2.57931e-10
2.77933e-10
2.64915e-10
1.77196e-10
2.92215e-10
2.91501e-10
2.2649e-10
2.72484e-10
2.7576e-10
2.58712e-10
2.77219e-10
2.72562e-10
3.2207e-10
2.8231e-10
2.89792e-10
1.88285e-10
2.78184e-10
2.58183e-10
2.4786e-10
2.91085e-10
3.13284e-10
2.48222e-10
2.70293e-10
2.86502e-10
2.28873e-10
2.71887e-10
2.88651e-10
3.11871e-10
2.73462e-10
2.63011e-10
2.69061e-10
2.72032e-10
2.64736e-10
2.75137e-10
2.71205e-10
2.30401e-10
2.88119e-10
2.52264e-10
2.41748e-10
2.85349e-10
2.71388e-10
2.71959e-10
2.19466e-10
2.50839e-10
2.72702e-10
2.93067e-10
2.99068e-10
2.88879e-10
2.75325e-10
2.81478e-10
2.92212e-10
2.22735e-10
2.77553e-10
2.86928e-10
2.61871e-10
2.65827e-10
2.76212e-10
2.82938e-10
2.90124e-10
2.54871e-10
2.86948e-10
2.52264e-10
2.94881e-10
2.89398e-10
2.39341e-10
2.71963e-10
2.77409e-10
2.70946e-10
2.54988e-10
2.93362e-10
2.68813e-10
2.56974e-10
2.68767e-10
3.068e-10
2.80438e-10
2.92136e-10
3.15532e-10
2.83087e-10
2.65686e-10
2.71102e-10
2.73914e-10
2.77241e-10
2.2407e-10
2.68709e-10
2.70284e-10
2.89597e-10
2.7278e-10
2.25418e-10
2.60353e-10
2.78855e-10
2.80641e-10
2.7242e-10
3.056e-10
1.88125e-10
2.76044e-10
2.81941e-10
2.97863e-10
2.80347e-10
2.77341e-10
2.95078e-10
3.05677e-10
2.81037e-10
2.8024e-10
2.48547e-10
2.35673e-10
2.70506e-10
3.07971e-10
2.76299e-10
2.60805e-10
2.71483e-10
2.17501e-10
2.72996e-10
2.57379e-10
2.68997e-10
2.73716e-10
2.79652e-10
3.15101e-10
2.52472e-10
2.69127e-10
2.87622e-10
2.48538e-10
2.20046e-10
2.6024e-10
2.81445e-10
2.90697e-10
1.5625e-10
3.02171e-10
2.86982e-10
2.87773e-10
2.85104e-10
2.96044e-10
2.66875e-10
3.03803e-10
2.6201e-10
2.60248e-10
3.06407e-10
2.79578e-10
2.34746e-10
2.85704e-10
2.63104e-10
2.42568e-10
2.90876e-10
2.68529e-10
2.28193e-10
2.30898e-10
2.98045e-10
1.4458e-10
2.64225e-10
3.09253e-10
2.69011e-10
2.21927e-10
2.64856e-10
2.67932e-10
2.00308e-10
3.03969e-10
2.70109e-10
2.87666e-10
2.42923e-10
2.74748e-10
2.46323e-10
2.37923e-10
2.74154e-10
2.58544e-10
2.99385e-10
3.07881e-10
2.4269e-10
2.80918e-10
2.2296e-10
2.61521e-10
2.69722e-10
2.84258e-10
3.06835e-10
2.82958e-10
2.77263e-10
2.79116e-10
2.59683e-10
2.80306e-10
2.73016e-10
2.76438e-10
2.72317e-10
2.85721e-10
2.58284e-10
2.68344e-10
2.3595e-10
2.85448e-10
1.87986e-10
2.32281e-10
2.65911e-10
2.833e-10
2.69593e-10
2.77711e-10
2.66199e-10
2.90459e-10
2.91271e-10
2.32967e-10
2.49784e-10
3.0701e-10
2.26213e-10
2.1462e-10
2.49379e-10
2.44305e-10
2.83767e-10
2.29047e-10
2.92333e-10
3.08408e-10
2.97745e-10
3.1114e-10
2.59423e-10
2.61931e-10
2.64617e-10
2.62915e-10
2.99805e-10
3.02254e-10
2.8026e-10
2.3877e-10
2.42646e-10
2.60535e-10
2.78171e-10
2.59573e-10
2.29808e-10
2.87026e-10
2.65521e-10
2.71506e-10
2.82999e-10
2.57335e-10
2.82863e-10
2.77963e-10
2.77348e-10
3.07022e-10
2.95551e-10
2.59995e-10
2.75915e-10
3.07315e-10
2.75244e-10
2.91836e-10
2.80973e-10
2.88326e-10
2.30974e-10
2.7438e-10
2.6748e-10
2.87739e-10
2.88058e-10
2.67997e-10
2.83629e-10
3.12485e-10
2.82146e-10
2.79828e-10
2.75983e-10
2.57223e-10
2.78735e-10
2.6245e-10
3.04537e-10
2.61077e-10
2.80934e-10
2.8114e-10
2.74522e-10
2.51243e-10
2.29295e-10
2.60025e-10
2.31138e-10
2.85023e-10
2.76882e-10
2.84961e-10
2.5106e-10
2.64828e-10
2.57133e-10
2.58862e-10
2.54907e-10
3.04373e-10
2.40712e-10
2.57698e-10
2.46695e-10
2.7799e-10
2.60206e-10
2.68577e-10
2.52075e-10
2.842e-10
2.25633e-10
2.82051e-10
2.75365e-10
2.36259e-10
2.46602e-10
2.4639e-10
2.84791e-10
2.12278e-10
2.74557e-10
2.84788e-10
2.86789e-10
1.94737e-10
2.59247e-10
2.692e-10
3.10698e-10
3.11171e-10
2.64651e-10
2.68477e-10
2.64777e-10
2.83012e-10
2.84873e-10
2.76712e-10
2.47309e-10
3.1922e-10
2.6696e-10
2.4867e-10
2.41787e-10
2.55904e-10
2.3804e-10
2.92428e-10
2.37651e-10
2.90673e-10
2.60196e-10
2.71118e-10
2.76787e-10
2.56084e-10
2.41113e-10
2.71321e-10
2.94217e-10
2.82454e-10
2.73129e-10
2.53219e-10
2.07007e-10
2.88772e-10
2.65189e-10
2.80727e-10
2.60718e-10
2.94089e-10
2.25336e-10
2.32109e-10
2.52728e-10
2.41341e-10
2.81917e-10
2.75609e-10
2.56656e-10
2.99929e-10
2.75471e-10
2.63225e-10
2.64889e-10
2.84583e-10
2.79727e-10
2.75979e-10
2.87761e-10
3.13689e-10
2.1125e-10
2.89721e-10
2.6006e-10
2.07854e-10
2.7579e-10
2.7688e-10
2.83529e-10
3.21578e-10
2.90962e-10
2.59469e-10
2.64119e-10
2.57247e-10
2.90605e-10
2.55271e-10
2.56967e-10
2.57702e-10
2.53995e-10
2.28753e-10
3.11293e-10
2.78818e-10
2.77391e-10
3.20504e-10
2.80129e-10
2.36184e-10
2.71334e-10
2.74573e-10
2.95779e-10
2.81942e-10
2.45426e-10
2.64458e-10
2.29385e-10
2.95966e-10
2.61762e-10
2.78414e-10
2.36373e-10
2.43688e-10
2.83812e-10
2.59754e-10
2.85461e-10
2.65923e-10
3.0043e-10
2.50634e-10
2.53533e-10
2.58614e-10
3.03443e-10
2.83001e-10
3.05546e-10
2.35101e-10
2.9401e-10
2.97054e-10
1.46942e-10
2.4194e-10
2.44659e-10
2.62373e-10
2.8021e-10
2.77008e-10
2.25336e-10
2.55061e-10
2.59946e-10
1.7336e-10
2.56064e-10
2.63124e-10
2.98839e-10
2.9019e-10
2.88448e-10
2.74548e-10
2.58508e-10
2.70673e-10
2.46579e-10
2.52833e-10
2.87394e-10
2.98986e-10
2.41604e-10
2.2286e-10
2.93525e-10
2.4931e-10
2.8981e-10
2.68144e-10
2.92955e-10
1.95351e-10
2.28621e-10
2.48025e-10
2.79997e-10
2.0691e-10
2.67639e-10
2.43434e-10
2.89435e-10
2.83628e-10
2.96063e-10
2.50055e-10
2.80285e-10
2.53982e-10
2.7707e-10
2.45203e-10
2.50744e-10
2.99509e-10
2e-10
2.80936e-10
2.6693e-10
2.37903e-10
2.97623e-10
2.70068e-10
2.95253e-10
3.01193e-10
2.50276e-10
2.65951e-10
2.83922e-10
2.59626e-10
2.80606e-10
2.75423e-10
2.59366e-10
2.90911e-10
2.58183e-10
2.47356e-10
2.84299e-10
2.39904e-10
2.84129e-10
2.53362e-10
2.86711e-10
3.02689e-10
2.77899e-10
2.77625e-10
2.65027e-10
2.24754e-10
2.25291e-10
2.84462e-10
2.66773e-10
2.50883e-10
2.82716e-10
2.88042e-10
2.91769e-10
2.70377e-10
2.81108e-10
2.35227e-10
2.45073e-10
2.9609e-10
2.45612e-10
2.71664e-10
2.50915e-10
2.33627e-10
2.80549e-10
2.77637e-10
2.88149e-10
2.85848e-10
2.71059e-10
2.68507e-10
2.79719e-10
2.53726e-10
2.41028e-10
2.65721e-10
2.65975e-10
2.78975e-10
2.17203e-10
2.36205e-10
2.76376e-10
2.45722e-10
2.03887e-10
2.98029e-10
2.91954e-10
2.882e-10
2.74515e-10
2.44332e-10
2.69925e-10
2.88646e-10
2.79003e-10
2.9757e-10
2.57556e-10
2.62122e-10
2.96787e-10
2.46189e-10
2.47623e-10
2.83812e-10
3.0623e-10
2.68857e-10
2.85283e-10
3.13402e-10
2.93652e-10
2.30708e-10
2.80817e-10
2.92822e-10
2.64847e-10
2.71134e-10
2.72322e-10
2.527e-10
2.77442e-10
2.39113e-10
2.80934e-10
2.67545e-10
2.86425e-10
2.91101e-10
2.84843e-10
3.04682e-10
2.8897e-10
1.85468e-10
2.79138e-10
2.32971e-10
2.62489e-10
2.34461e-10
2.53299e-10
2.84393e-10
2.65212e-10
2.75694e-10
2.81381e-10
2.75578e-10
2.67468e-10
2.74625e-10
2.79924e-10
3.00948e-10
2.68613e-10
2.79845e-10
2.83697e-10
2.69916e-10
2.66154e-10
2.72852e-10
2.58984e-10
3.27682e-10
2.24415e-10
2.81167e-10
2.93109e-10
2.74794e-10
2.50526e-10
2.6238e-10
2.85225e-10
3.22048e-10
2.62296e-10
2.73518e-10
3.02841e-10
2.85373e-10
2.70993e-10
2.83796e-10
2.75636e-10
2.96688e-10
2.70882e-10
2.82177e-10
2.41689e-10
2.53982e-10
2.76596e-10
2.94286e-10
3.00375e-10
2.88871e-10
2.91715e-10
2.74804e-10
2.81318e-10
2.90877e-10
2.89307e-10
2.3796e-10
2.64865e-10
2.67005e-10
3.06866e-10
2.73867e-10
2.75467e-10
2.65686e-10
2.5587e-10
2.7806e-10
2.87575e-10
2.88133e-10
2.41973e-10
2.52266e-10
2.20083e-10
2.45561e-10
2.88923e-10
3.0252e-10
2.7141e-10
2.85107e-10
2.43267e-10
2.89672e-10
2.62202e-10
2.33341e-10
2.68601e-10
2.85168e-10
2.84625e-10
3.13753e-10
2.51406e-10
2.42518e-10
2.92516e-10
2.79121e-10
2.73909e-10
2.80246e-10
3.08977e-10
2.98924e-10
2.58183e-10
2.4814e-10
2.42719e-10
2.93512e-10
2.85516e-10
2.10205e-10
2.81623e-10
2.94534e-10
2.91976e-10
2.75067e-10
2.48102e-10
2.91949e-10
2.7698e-10
2.95781e-10
2.91032e-10
3.01631e-10
2.73965e-10
2.63527e-10
2.66048e-10
3.03611e-10
2.67474e-10
2.90858e-10
3.03447e-10
2.4969e-10
2.68613e-10
2.7683e-10
2.78823e-10
2.04409e-10
2.70614e-10
2.13599e-10
2.56017e-10
2.84247e-10
2.42335e-10
2.01754e-10
2.76561e-10
2.65636e-10
2.81721e-10
2.43128e-10
2.68082e-10
2.99115e-10
2.53016e-10
2.77368e-10
2.86824e-10
2.70194e-10
2.75993e-10
2.76514e-10
2.84882e-10
2.55147e-10
2.83552e-10
2.25166e-10
2.38408e-10
2.63197e-10
3.01008e-10
2.61826e-10
2.65478e-10
3.09276e-10
2.83243e-10
2.43368e-10
2.55587e-10
2.83603e-10
2.88182e-10
2.71473e-10
2.88703e-10
3.02928e-10
2.55164e-10
2.58447e-10
2.85132e-10
2.45172e-10
2.76932e-10
2.76041e-10
1.87647e-10
2.77366e-10
2.72834e-10
2.72876e-10
2.66955e-10
2.16618e-10
2.81e-10
2.91346e-10
3.04468e-10
2.73032e-10
2.78312e-10
2.6037e-10
2.70805e-10
3.04112e-10
2.56891e-10
2.55565e-10
2.2109e-10
2.40083e-10
2.75392e-10
2.50087e-10
2.74677e-10
2.38447e-10
2.77903e-10
2.79717e-10
3.0753e-10
2.74974e-10
2.90212e-10
2.77814e-10
2.78749e-10
2.51499e-10
2.99117e-10
2.82241e-10
2.69237e-10
3.01931e-10
2.84619e-10
2.80391e-10
2.57986e-10
2.74239e-10
2.46017e-10
2.84722e-10
2.69073e-10
2.56081e-10
2.51697e-10
2.41699e-10
2.81048e-10
2.66664e-10
2.57789e-10
2.69383e-10
2.99967e-10
3.062e-10
2.86023e-10
2.6967e-10
2.7534e-10
2.62449e-10
2.84598e-10
2.55547e-10
2.83237e-10
3.17082e-10
2.87719e-10
2.7207e-10
2.88132e-10
2.73471e-10
2.64456e-10
2.94627e-10
2.46895e-10
2.68951e-10
2.66156e-10
2.48014e-10
2.71979e-10
2.32706e-10
2.80553e-10
2.58879e-10
2.60434e-10
2.5681e-10
2.77882e-10
2.44209e-10
1.7546e-10
2.67404e-10
2.16847e-10
2.88616e-10
2.84859e-10
3.01223e-10
2.78175e-10
2.34305e-10
2.55314e-10
2.7979e-10
2.33313e-10
2.62407e-10
2.77896e-10
2.71316e-10
2.61552e-10
2.72772e-10
2.68422e-10
2.8443e-10
2.76145e-10
2.05806e-10
2.78188e-10
2.90664e-10
2.88389e-10
2.09886e-10
2.95485e-10
2.69793e-10
2.17491e-10
2.5217e-10
2.38251e-10
2.90691e-10
2.1e-10
2.80922e-10
2.51245e-10
2.85402e-10
2.54193e-10
2.77369e-10
2.89258e-10
2.95892e-10
2.65384e-10
2.7298e-10
2.85679e-10
2.33875e-10
2.77631e-10
3.02107e-10
2.33534e-10
3.0715e-10
2.62337e-10
2.87102e-10
2.60425e-10
2.52322e-10
2.68756e-10
2.43776e-10
2.61229e-10
2.98647e-10
