9.95017e-11 1
1.00502e-10 0
1.01502e-10 0
1.02502e-10 0
1.03502e-10 0
1.04502e-10 0
1.05502e-10 0
1.06502e-10 0
1.07502e-10 0
1.08502e-10 0
1.09502e-10 0
1.10502e-10 0
1.11502e-10 0
1.12502e-10 1
1.13502e-10 0
1.14502e-10 0
1.15502e-10 0
1.16502e-10 0
1.17502e-10 0
1.18502e-10 0
1.19502e-10 0
1.20502e-10 0
1.21502e-10 0
1.22502e-10 0
1.23502e-10 0
1.24502e-10 0
1.25502e-10 0
1.26502e-10 0
1.27502e-10 0
1.28502e-10 0
1.29502e-10 0
1.30502e-10 0
1.31502e-10 0
1.32502e-10 0
1.33502e-10 0
1.34502e-10 1
1.35502e-10 1
1.36502e-10 0
1.37502e-10 0
1.38502e-10 0
1.39502e-10 0
1.40502e-10 0
1.41502e-10 0
1.42502e-10 0
1.43502e-10 0
1.44502e-10 2
1.45502e-10 0
1.46502e-10 2
1.47502e-10 0
1.48502e-10 0
1.49502e-10 0
1.50502e-10 2
1.51502e-10 0
1.52502e-10 0
1.53502e-10 2
1.54502e-10 0
1.55502e-10 1
1.56502e-10 0
1.57502e-10 0
1.58502e-10 0
1.59502e-10 1
1.60502e-10 1
1.61502e-10 0
1.62502e-10 1
1.63502e-10 0
1.64502e-10 0
1.65502e-10 0
1.66502e-10 0
1.67502e-10 2
1.68502e-10 0
1.69502e-10 3
1.70502e-10 0
1.71502e-10 0
1.72502e-10 1
1.73502e-10 0
1.74502e-10 1
1.75502e-10 1
1.76502e-10 2
1.77502e-10 0
1.78502e-10 0
1.79502e-10 1
1.80502e-10 2
1.81502e-10 2
1.82502e-10 3
1.83502e-10 0
1.84502e-10 2
1.85502e-10 1
1.86502e-10 2
1.87502e-10 5
1.88502e-10 0
1.89502e-10 0
1.90502e-10 1
1.91502e-10 1
1.92502e-10 1
1.93502e-10 0
1.94502e-10 5
1.95502e-10 0
1.96502e-10 2
1.97502e-10 0
1.98502e-10 1
1.99502e-10 3
2.00502e-10 3
2.01502e-10 9
2.02502e-10 3
2.03502e-10 4
2.04502e-10 3
2.05502e-10 7
2.06502e-10 4
2.07502e-10 5
2.08502e-10 2
2.09502e-10 6
2.10502e-10 6
2.11502e-10 6
2.12502e-10 1
2.13502e-10 5
2.14502e-10 6
2.15502e-10 5
2.16502e-10 7
2.17502e-10 9
2.18502e-10 4
2.19502e-10 7
2.20502e-10 6
2.21502e-10 11
2.22502e-10 12
2.23502e-10 8
2.24502e-10 17
2.25502e-10 14
2.26502e-10 13
2.27502e-10 10
2.28502e-10 15
2.29502e-10 9
2.30502e-10 11
2.31502e-10 8
2.32502e-10 14
2.33502e-10 17
2.34502e-10 14
2.35502e-10 27
2.36502e-10 13
2.37502e-10 22
2.38502e-10 19
2.39502e-10 10
2.40502e-10 15
2.41502e-10 25
2.42502e-10 27
2.43502e-10 17
2.44502e-10 19
2.45502e-10 28
2.46502e-10 22
2.47502e-10 33
2.48502e-10 26
2.49502e-10 22
2.50502e-10 33
2.51502e-10 35
2.52502e-10 28
2.53502e-10 37
2.54502e-10 37
2.55502e-10 32
2.56502e-10 44
2.57502e-10 38
2.58502e-10 47
2.59502e-10 50
2.60502e-10 27
2.61502e-10 62
2.62502e-10 44
2.63502e-10 27
2.64502e-10 37
2.65502e-10 56
2.66502e-10 57
2.67502e-10 37
2.68502e-10 54
2.69502e-10 53
2.70502e-10 65
2.71502e-10 59
2.72502e-10 70
2.73502e-10 56
2.74502e-10 62
2.75502e-10 58
2.76502e-10 69
2.77502e-10 61
2.78502e-10 51
2.79502e-10 61
2.80502e-10 59
2.81502e-10 35
2.82502e-10 53
2.83502e-10 61
2.84502e-10 72
2.85502e-10 60
2.86502e-10 38
2.87502e-10 57
2.88502e-10 53
2.89502e-10 50
2.90502e-10 53
2.91502e-10 40
2.92502e-10 30
2.93502e-10 30
2.94502e-10 35
2.95502e-10 36
2.96502e-10 24
2.97502e-10 25
2.98502e-10 22
2.99502e-10 18
3.00502e-10 18
3.01502e-10 28
3.02502e-10 19
3.03502e-10 19
3.04502e-10 17
3.05502e-10 12
3.06502e-10 20
3.07502e-10 12
3.08502e-10 11
3.09502e-10 5
3.10502e-10 12
3.11502e-10 9
3.12502e-10 5
3.13502e-10 6
3.14502e-10 7
3.15502e-10 4
3.16502e-10 2
3.17502e-10 7
3.18502e-10 5
3.19502e-10 3
3.20502e-10 3
3.21502e-10 4
3.22502e-10 0
3.23502e-10 2
3.24502e-10 5
3.25502e-10 0
3.26502e-10 1
3.27502e-10 1
3.28502e-10 0
3.29502e-10 0
3.30502e-10 0
3.31502e-10 0
3.32502e-10 0
3.33502e-10 0
3.34502e-10 0
3.35502e-10 1
