1.57617e-10 1
1.58617e-10 0
1.59617e-10 0
1.60617e-10 1
1.61617e-10 0
1.62617e-10 0
1.63617e-10 0
1.64617e-10 0
1.65617e-10 0
1.66617e-10 0
1.67617e-10 0
1.68617e-10 0
1.69617e-10 0
1.70617e-10 0
1.71617e-10 0
1.72617e-10 0
1.73617e-10 0
1.74617e-10 0
1.75617e-10 0
1.76617e-10 0
1.77617e-10 0
1.78617e-10 0
1.79617e-10 0
1.80617e-10 0
1.81617e-10 0
1.82617e-10 0
1.83617e-10 0
1.84617e-10 0
1.85617e-10 1
1.86617e-10 0
1.87617e-10 0
1.88617e-10 0
1.89617e-10 0
1.90617e-10 0
1.91617e-10 0
1.92617e-10 0
1.93617e-10 0
1.94617e-10 0
1.95617e-10 0
1.96617e-10 0
1.97617e-10 0
1.98617e-10 0
1.99617e-10 0
2.00617e-10 0
2.01617e-10 0
2.02617e-10 2
2.03617e-10 0
2.04617e-10 1
2.05617e-10 0
2.06617e-10 1
2.07617e-10 0
2.08617e-10 0
2.09617e-10 0
2.10617e-10 1
2.11617e-10 0
2.12617e-10 0
2.13617e-10 1
2.14617e-10 1
2.15617e-10 1
2.16617e-10 2
2.17617e-10 1
2.18617e-10 0
2.19617e-10 0
2.20617e-10 0
2.21617e-10 1
2.22617e-10 1
2.23617e-10 3
2.24617e-10 1
2.25617e-10 0
2.26617e-10 3
2.27617e-10 1
2.28617e-10 1
2.29617e-10 4
2.30617e-10 1
2.31617e-10 3
2.32617e-10 2
2.33617e-10 2
2.34617e-10 1
2.35617e-10 2
2.36617e-10 2
2.37617e-10 0
2.38617e-10 2
2.39617e-10 1
2.40617e-10 1
2.41617e-10 3
2.42617e-10 5
2.43617e-10 6
2.44617e-10 1
2.45617e-10 2
2.46617e-10 2
2.47617e-10 0
2.48617e-10 2
2.49617e-10 1
2.50617e-10 4
2.51617e-10 5
2.52617e-10 4
2.53617e-10 3
2.54617e-10 6
2.55617e-10 2
2.56617e-10 2
2.57617e-10 6
2.58617e-10 10
2.59617e-10 8
2.60617e-10 6
2.61617e-10 2
2.62617e-10 8
2.63617e-10 8
2.64617e-10 5
2.65617e-10 8
2.66617e-10 11
2.67617e-10 9
2.68617e-10 11
2.69617e-10 2
2.70617e-10 15
2.71617e-10 9
2.72617e-10 14
2.73617e-10 5
2.74617e-10 17
2.75617e-10 8
2.76617e-10 19
2.77617e-10 21
2.78617e-10 10
2.79617e-10 14
2.80617e-10 14
2.81617e-10 16
2.82617e-10 21
2.83617e-10 22
2.84617e-10 18
2.85617e-10 26
2.86617e-10 24
2.87617e-10 31
2.88617e-10 24
2.89617e-10 26
2.90617e-10 20
2.91617e-10 20
2.92617e-10 34
2.93617e-10 25
2.94617e-10 25
2.95617e-10 30
2.96617e-10 29
2.97617e-10 36
2.98617e-10 40
2.99617e-10 34
3.00617e-10 49
3.01617e-10 35
3.02617e-10 40
3.03617e-10 49
3.04617e-10 39
3.05617e-10 57
3.06617e-10 42
3.07617e-10 40
3.08617e-10 60
3.09617e-10 45
3.10617e-10 58
3.11617e-10 57
3.12617e-10 58
3.13617e-10 48
3.14617e-10 55
3.15617e-10 53
3.16617e-10 67
3.17617e-10 55
3.18617e-10 58
3.19617e-10 77
3.20617e-10 53
3.21617e-10 44
3.22617e-10 61
3.23617e-10 60
3.24617e-10 61
3.25617e-10 59
3.26617e-10 63
3.27617e-10 51
3.28617e-10 58
3.29617e-10 59
3.30617e-10 51
3.31617e-10 51
3.32617e-10 41
3.33617e-10 36
3.34617e-10 50
3.35617e-10 36
3.36617e-10 45
3.37617e-10 30
3.38617e-10 41
3.39617e-10 31
3.40617e-10 34
3.41617e-10 29
3.42617e-10 30
3.43617e-10 30
3.44617e-10 24
3.45617e-10 16
3.46617e-10 25
3.47617e-10 12
3.48617e-10 20
3.49617e-10 14
3.50617e-10 20
3.51617e-10 6
3.52617e-10 13
3.53617e-10 7
3.54617e-10 8
3.55617e-10 7
3.56617e-10 7
3.57617e-10 8
3.58617e-10 5
3.59617e-10 2
3.60617e-10 5
3.61617e-10 4
3.62617e-10 2
3.63617e-10 2
3.64617e-10 2
3.65617e-10 5
3.66617e-10 2
3.67617e-10 0
3.68617e-10 1
3.69617e-10 0
3.70617e-10 0
3.71617e-10 0
3.72617e-10 0
3.73617e-10 0
3.74617e-10 1
3.75617e-10 0
3.76617e-10 0
3.77617e-10 0
3.78617e-10 1
