1.30563e-11 1
1.40563e-11 0
1.50563e-11 0
1.60563e-11 0
1.70563e-11 1
1.80563e-11 0
1.90563e-11 0
2.00563e-11 0
2.10563e-11 0
2.20563e-11 0
2.30563e-11 0
2.40563e-11 0
2.50563e-11 0
2.60563e-11 0
2.70563e-11 0
2.80563e-11 0
2.90563e-11 1
3.00563e-11 0
3.10563e-11 0
3.20563e-11 0
3.30563e-11 0
3.40563e-11 1
3.50563e-11 0
3.60563e-11 0
3.70563e-11 0
3.80563e-11 0
3.90563e-11 0
4.00563e-11 0
4.10563e-11 0
4.20563e-11 0
4.30563e-11 0
4.40563e-11 0
4.50563e-11 0
4.60563e-11 0
4.70563e-11 0
4.80563e-11 1
4.90563e-11 0
5.00563e-11 0
5.10563e-11 0
5.20563e-11 0
5.30563e-11 0
5.40563e-11 0
5.50563e-11 0
5.60563e-11 0
5.70563e-11 1
5.80563e-11 1
5.90563e-11 0
6.00563e-11 1
6.10563e-11 2
6.20563e-11 1
6.30563e-11 1
6.40563e-11 1
6.50563e-11 0
6.60563e-11 1
6.70563e-11 1
6.80563e-11 0
6.90563e-11 2
7.00563e-11 1
7.10563e-11 0
7.20563e-11 0
7.30563e-11 1
7.40563e-11 2
7.50563e-11 2
7.60563e-11 1
7.70563e-11 0
7.80563e-11 3
7.90563e-11 2
8.00563e-11 2
8.10563e-11 0
8.20563e-11 1
8.30563e-11 1
8.40563e-11 2
8.50563e-11 0
8.60563e-11 1
8.70563e-11 2
8.80563e-11 1
8.90563e-11 1
9.00563e-11 2
9.10563e-11 2
9.20563e-11 2
9.30563e-11 2
9.40563e-11 4
9.50563e-11 1
9.60563e-11 0
9.70563e-11 2
9.80563e-11 1
9.90563e-11 1
1.00056e-10 2
1.01056e-10 2
1.02056e-10 3
1.03056e-10 1
1.04056e-10 3
1.05056e-10 3
1.06056e-10 3
1.07056e-10 6
1.08056e-10 1
1.09056e-10 2
1.10056e-10 6
1.11056e-10 3
1.12056e-10 4
1.13056e-10 4
1.14056e-10 2
1.15056e-10 10
1.16056e-10 8
1.17056e-10 4
1.18056e-10 5
1.19056e-10 6
1.20056e-10 10
1.21056e-10 4
1.22056e-10 12
1.23056e-10 6
1.24056e-10 4
1.25056e-10 5
1.26056e-10 9
1.27056e-10 15
1.28056e-10 7
1.29056e-10 5
1.30056e-10 9
1.31056e-10 13
1.32056e-10 13
1.33056e-10 10
1.34056e-10 4
1.35056e-10 11
1.36056e-10 19
1.37056e-10 10
1.38056e-10 18
1.39056e-10 14
1.40056e-10 15
1.41056e-10 14
1.42056e-10 13
1.43056e-10 19
1.44056e-10 19
1.45056e-10 15
1.46056e-10 21
1.47056e-10 18
1.48056e-10 19
1.49056e-10 16
1.50056e-10 25
1.51056e-10 15
1.52056e-10 27
1.53056e-10 29
1.54056e-10 16
1.55056e-10 29
1.56056e-10 25
1.57056e-10 25
1.58056e-10 28
1.59056e-10 30
1.60056e-10 32
1.61056e-10 29
1.62056e-10 41
1.63056e-10 39
1.64056e-10 30
1.65056e-10 38
1.66056e-10 34
1.67056e-10 43
1.68056e-10 42
1.69056e-10 43
1.70056e-10 38
1.71056e-10 43
1.72056e-10 35
1.73056e-10 51
1.74056e-10 39
1.75056e-10 47
1.76056e-10 57
1.77056e-10 53
1.78056e-10 54
1.79056e-10 48
1.80056e-10 53
1.81056e-10 49
1.82056e-10 53
1.83056e-10 64
1.84056e-10 59
1.85056e-10 43
1.86056e-10 61
1.87056e-10 61
1.88056e-10 60
1.89056e-10 46
1.90056e-10 58
1.91056e-10 61
1.92056e-10 59
1.93056e-10 46
1.94056e-10 53
1.95056e-10 51
1.96056e-10 39
1.97056e-10 53
1.98056e-10 49
1.99056e-10 38
2.00056e-10 31
2.01056e-10 34
2.02056e-10 51
2.03056e-10 33
2.04056e-10 36
2.05056e-10 47
2.06056e-10 27
2.07056e-10 27
2.08056e-10 30
2.09056e-10 21
2.10056e-10 16
2.11056e-10 36
2.12056e-10 24
2.13056e-10 16
2.14056e-10 14
2.15056e-10 15
2.16056e-10 15
2.17056e-10 14
2.18056e-10 6
2.19056e-10 6
2.20056e-10 5
2.21056e-10 5
2.22056e-10 8
2.23056e-10 5
2.24056e-10 9
2.25056e-10 3
2.26056e-10 2
2.27056e-10 2
2.28056e-10 2
2.29056e-10 2
2.30056e-10 4
2.31056e-10 2
2.32056e-10 2
2.33056e-10 2
2.34056e-10 0
2.35056e-10 2
2.36056e-10 0
2.37056e-10 1
2.38056e-10 0
2.39056e-10 0
2.40056e-10 0
2.41056e-10 0
2.42056e-10 1
2.43056e-10 0
2.44056e-10 1
