1.86843e-10 1
1.87843e-10 0
1.88843e-10 0
1.89843e-10 0
1.90843e-10 0
1.91843e-10 0
1.92843e-10 0
1.93843e-10 0
1.94843e-10 0
1.95843e-10 0
1.96843e-10 0
1.97843e-10 0
1.98843e-10 0
1.99843e-10 0
2.00843e-10 0
2.01843e-10 0
2.02843e-10 0
2.03843e-10 0
2.04843e-10 0
2.05843e-10 0
2.06843e-10 0
2.07843e-10 0
2.08843e-10 0
2.09843e-10 0
2.10843e-10 0
2.11843e-10 0
2.12843e-10 0
2.13843e-10 0
2.14843e-10 0
2.15843e-10 0
2.16843e-10 0
2.17843e-10 0
2.18843e-10 0
2.19843e-10 0
2.20843e-10 0
2.21843e-10 0
2.22843e-10 1
2.23843e-10 0
2.24843e-10 0
2.25843e-10 1
2.26843e-10 0
2.27843e-10 1
2.28843e-10 0
2.29843e-10 0
2.30843e-10 0
2.31843e-10 0
2.32843e-10 0
2.33843e-10 0
2.34843e-10 0
2.35843e-10 0
2.36843e-10 0
2.37843e-10 1
2.38843e-10 0
2.39843e-10 0
2.40843e-10 0
2.41843e-10 0
2.42843e-10 0
2.43843e-10 1
2.44843e-10 0
2.45843e-10 0
2.46843e-10 2
2.47843e-10 0
2.48843e-10 1
2.49843e-10 1
2.50843e-10 1
2.51843e-10 0
2.52843e-10 0
2.53843e-10 1
2.54843e-10 0
2.55843e-10 0
2.56843e-10 0
2.57843e-10 0
2.58843e-10 1
2.59843e-10 0
2.60843e-10 1
2.61843e-10 0
2.62843e-10 1
2.63843e-10 0
2.64843e-10 4
2.65843e-10 0
2.66843e-10 1
2.67843e-10 2
2.68843e-10 2
2.69843e-10 2
2.70843e-10 1
2.71843e-10 2
2.72843e-10 1
2.73843e-10 4
2.74843e-10 2
2.75843e-10 1
2.76843e-10 1
2.77843e-10 3
2.78843e-10 1
2.79843e-10 3
2.80843e-10 1
2.81843e-10 2
2.82843e-10 1
2.83843e-10 2
2.84843e-10 2
2.85843e-10 1
2.86843e-10 3
2.87843e-10 0
2.88843e-10 1
2.89843e-10 7
2.90843e-10 5
2.91843e-10 2
2.92843e-10 4
2.93843e-10 5
2.94843e-10 4
2.95843e-10 3
2.96843e-10 6
2.97843e-10 4
2.98843e-10 3
2.99843e-10 3
3.00843e-10 4
3.01843e-10 4
3.02843e-10 6
3.03843e-10 7
3.04843e-10 5
3.05843e-10 9
3.06843e-10 8
3.07843e-10 10
3.08843e-10 11
3.09843e-10 9
3.10843e-10 10
3.11843e-10 10
3.12843e-10 6
3.13843e-10 8
3.14843e-10 13
3.15843e-10 9
3.16843e-10 15
3.17843e-10 14
3.18843e-10 12
3.19843e-10 19
3.20843e-10 15
3.21843e-10 14
3.22843e-10 11
3.23843e-10 15
3.24843e-10 14
3.25843e-10 14
3.26843e-10 14
3.27843e-10 28
3.28843e-10 24
3.29843e-10 15
3.30843e-10 19
3.31843e-10 21
3.32843e-10 27
3.33843e-10 36
3.34843e-10 24
3.35843e-10 26
3.36843e-10 34
3.37843e-10 32
3.38843e-10 25
3.39843e-10 33
3.40843e-10 30
3.41843e-10 37
3.42843e-10 40
3.43843e-10 47
3.44843e-10 25
3.45843e-10 37
3.46843e-10 34
3.47843e-10 50
3.48843e-10 44
3.49843e-10 40
3.50843e-10 56
3.51843e-10 61
3.52843e-10 54
3.53843e-10 48
3.54843e-10 55
3.55843e-10 60
3.56843e-10 42
3.57843e-10 41
3.58843e-10 56
3.59843e-10 62
3.60843e-10 54
3.61843e-10 67
3.62843e-10 61
3.63843e-10 56
3.64843e-10 60
3.65843e-10 58
3.66843e-10 67
3.67843e-10 62
3.68843e-10 59
3.69843e-10 61
3.70843e-10 58
3.71843e-10 56
3.72843e-10 42
3.73843e-10 46
3.74843e-10 35
3.75843e-10 57
3.76843e-10 48
3.77843e-10 50
3.78843e-10 46
3.79843e-10 49
3.80843e-10 39
3.81843e-10 39
3.82843e-10 24
3.83843e-10 32
3.84843e-10 29
3.85843e-10 22
3.86843e-10 40
3.87843e-10 28
3.88843e-10 22
3.89843e-10 13
3.90843e-10 8
3.91843e-10 22
3.92843e-10 12
3.93843e-10 13
3.94843e-10 7
3.95843e-10 9
3.96843e-10 5
3.97843e-10 11
3.98843e-10 9
3.99843e-10 6
4.00843e-10 12
4.01843e-10 7
4.02843e-10 6
4.03843e-10 4
4.04843e-10 7
4.05843e-10 2
4.06843e-10 1
4.07843e-10 4
4.08843e-10 8
4.09843e-10 2
4.10843e-10 4
4.11843e-10 2
4.12843e-10 2
4.13843e-10 0
4.14843e-10 1
4.15843e-10 1
4.16843e-10 0
4.17843e-10 1
4.18843e-10 1
