3.80993e-11 1
3.90993e-11 0
4.00993e-11 0
4.10993e-11 0
4.20993e-11 0
4.30993e-11 0
4.40993e-11 0
4.50993e-11 0
4.60993e-11 0
4.70993e-11 0
4.80993e-11 0
4.90993e-11 0
5.00993e-11 0
5.10993e-11 1
5.20993e-11 0
5.30993e-11 0
5.40993e-11 0
5.50993e-11 0
5.60993e-11 0
5.70993e-11 0
5.80993e-11 1
5.90993e-11 0
6.00993e-11 0
6.10993e-11 0
6.20993e-11 0
6.30993e-11 0
6.40993e-11 0
6.50993e-11 0
6.60993e-11 0
6.70993e-11 0
6.80993e-11 0
6.90993e-11 0
7.00993e-11 0
7.10993e-11 0
7.20993e-11 0
7.30993e-11 0
7.40993e-11 0
7.50993e-11 0
7.60993e-11 0
7.70993e-11 1
7.80993e-11 0
7.90993e-11 1
8.00993e-11 0
8.10993e-11 1
8.20993e-11 0
8.30993e-11 1
8.40993e-11 0
8.50993e-11 0
8.60993e-11 0
8.70993e-11 2
8.80993e-11 0
8.90993e-11 0
9.00993e-11 1
9.10993e-11 0
9.20993e-11 0
9.30993e-11 1
9.40993e-11 0
9.50993e-11 0
9.60993e-11 0
9.70993e-11 0
9.80993e-11 0
9.90993e-11 1
1.00099e-10 0
1.01099e-10 0
1.02099e-10 0
1.03099e-10 1
1.04099e-10 0
1.05099e-10 1
1.06099e-10 1
1.07099e-10 0
1.08099e-10 0
1.09099e-10 0
1.10099e-10 0
1.11099e-10 0
1.12099e-10 3
1.13099e-10 0
1.14099e-10 0
1.15099e-10 0
1.16099e-10 0
1.17099e-10 0
1.18099e-10 0
1.19099e-10 0
1.20099e-10 0
1.21099e-10 1
1.22099e-10 0
1.23099e-10 1
1.24099e-10 1
1.25099e-10 0
1.26099e-10 1
1.27099e-10 0
1.28099e-10 0
1.29099e-10 0
1.30099e-10 1
1.31099e-10 2
1.32099e-10 0
1.33099e-10 1
1.34099e-10 3
1.35099e-10 0
1.36099e-10 4
1.37099e-10 1
1.38099e-10 1
1.39099e-10 2
1.40099e-10 1
1.41099e-10 5
1.42099e-10 2
1.43099e-10 0
1.44099e-10 3
1.45099e-10 2
1.46099e-10 4
1.47099e-10 2
1.48099e-10 1
1.49099e-10 1
1.50099e-10 2
1.51099e-10 1
1.52099e-10 2
1.53099e-10 2
1.54099e-10 2
1.55099e-10 6
1.56099e-10 3
1.57099e-10 4
1.58099e-10 2
1.59099e-10 4
1.60099e-10 0
1.61099e-10 3
1.62099e-10 3
1.63099e-10 5
1.64099e-10 2
1.65099e-10 7
1.66099e-10 3
1.67099e-10 6
1.68099e-10 7
1.69099e-10 4
1.70099e-10 7
1.71099e-10 5
1.72099e-10 4
1.73099e-10 11
1.74099e-10 7
1.75099e-10 10
1.76099e-10 7
1.77099e-10 8
1.78099e-10 15
1.79099e-10 9
1.80099e-10 16
1.81099e-10 8
1.82099e-10 14
1.83099e-10 13
1.84099e-10 9
1.85099e-10 20
1.86099e-10 19
1.87099e-10 14
1.88099e-10 23
1.89099e-10 15
1.90099e-10 13
1.91099e-10 15
1.92099e-10 16
1.93099e-10 15
1.94099e-10 23
1.95099e-10 25
1.96099e-10 25
1.97099e-10 26
1.98099e-10 16
1.99099e-10 27
2.00099e-10 17
2.01099e-10 24
2.02099e-10 30
2.03099e-10 33
2.04099e-10 24
2.05099e-10 26
2.06099e-10 32
2.07099e-10 30
2.08099e-10 29
2.09099e-10 28
2.10099e-10 34
2.11099e-10 34
2.12099e-10 30
2.13099e-10 42
2.14099e-10 44
2.15099e-10 38
2.16099e-10 57
2.17099e-10 46
2.18099e-10 40
2.19099e-10 52
2.20099e-10 46
2.21099e-10 43
2.22099e-10 46
2.23099e-10 52
2.24099e-10 57
2.25099e-10 62
2.26099e-10 66
2.27099e-10 50
2.28099e-10 41
2.29099e-10 60
2.30099e-10 54
2.31099e-10 56
2.32099e-10 64
2.33099e-10 63
2.34099e-10 56
2.35099e-10 57
2.36099e-10 80
2.37099e-10 62
2.38099e-10 67
2.39099e-10 53
2.40099e-10 63
2.41099e-10 50
2.42099e-10 47
2.43099e-10 41
2.44099e-10 46
2.45099e-10 44
2.46099e-10 44
2.47099e-10 37
2.48099e-10 37
2.49099e-10 33
2.50099e-10 33
2.51099e-10 34
2.52099e-10 28
2.53099e-10 27
2.54099e-10 32
2.55099e-10 22
2.56099e-10 14
2.57099e-10 19
2.58099e-10 20
2.59099e-10 18
2.60099e-10 15
2.61099e-10 13
2.62099e-10 8
2.63099e-10 6
2.64099e-10 11
2.65099e-10 8
2.66099e-10 11
2.67099e-10 7
2.68099e-10 7
2.69099e-10 7
2.70099e-10 3
2.71099e-10 4
2.72099e-10 4
2.73099e-10 4
2.74099e-10 4
2.75099e-10 3
2.76099e-10 2
2.77099e-10 2
2.78099e-10 1
2.79099e-10 1
2.80099e-10 1
2.81099e-10 0
2.82099e-10 3
