#time (second)	ambient temperature (bit)	ambient temperature (C)	temperature (bit)	temperature (C)	chan 0 (bit)	chan 0 (volt)
3.19481e-05	13505	25.1111	13774	28.02	35813	0.929427
4.13506	13504	25.1111	13774	28.02	35927	0.964218
7.26733	13505	25.1111	13774	28.04	36162	1.03593
10.5299	13505	25.1111	13775	28.04	37633	1.48486
13.7594	13504	25.1111	13776	28.06	36200	1.04753
17.0175	13505	25.1111	13776	28.06	30390	-0.725566
20.2315	13505	25.1111	13778	28.06	30352	-0.737163
23.3884	13506	25.1111	13776	28.06	30327	-0.744793
26.6459	13505	25.1111	13777	28.06	30443	-0.709392
29.8066	13504	25.1111	13776	28.02	30391	-0.725261
33.0056	13504	25.1111	13776	28.1	30434	-0.712139
36.1923	13504	25.1111	13778	28.06	30368	-0.73228
39.3755	13504	25.1111	13775	28.04	30318	-0.747539
42.5755	13504	25.1111	13779	28.06	30297	-0.753948
45.7986	13504	25.1111	13777	28.1	30342	-0.740215
48.9963	13505	25.1111	13776	28.1	30374	-0.730449
52.1834	13505	25.1111	13777	28.1	30430	-0.713359
55.3934	13504	25.1111	13777	28.08	30373	-0.730755
58.615	13504	25.1111	13777	28.08	30427	-0.714275
61.7951	13504	25.1111	13779	28.1	30472	-0.700542
64.9991	13504	25.1111	13779	28.08	30329	-0.744182
68.1864	13504	25.1111	13408	23.62	30328	-0.744488
71.3815	13504	25.1111	13210	17.01	30419	-0.716716
74.5852	13504	25.1111	13145	16.02	30407	-0.720378
77.7844	13504	25.1111	13122	15.46	30361	-0.734417
80.9815	13504	25.1111	13114	15.27	30425	-0.714885
84.179	13504	25.1111	13108	15.13	30434	-0.712139
87.3773	13504	25.1111	13118	15.33	30493	-0.694133
90.6169	13503	25.1111	13125	15.5	30490	-0.695048
93.7995	13503	25.1111	13130	15.56	30492	-0.694438
96.986	13504	25.1111	13135	15.64	30639	-0.649577
100.193	13504	25.1111	13135	15.62	30668	-0.640726
103.385	13503	25.1111	13136	15.62	30559	-0.673991
106.589	13503	25.1111	13133	15.64	30633	-0.651408
109.812	13504	25.1111	13132	15.58	30709	-0.628214
112.997	13502	25.1111	13134	15.62	30641	-0.648966
116.2	13503	25.1111	13135	15.64	30719	-0.625162
119.407	13504	25.1111	13133	15.66	30743	-0.617838
122.581	13503	25.1111	13138	15.67	30681	-0.636759
125.783	13503	25.1111	13151	15.89	30808	-0.598001
128.991	13504	25.1111	13431	24.84	30825	-0.592813
132.187	13502	25.1111	13685	23.08	30851	-0.584878
135.387	13503	25.1111	13457	21.82	30954	-0.553445
138.589	13503	25.1111	13428	21.39	30997	-0.540322
141.782	13504	25.1111	13411	21.06	30860	-0.582132
144.989	13503	25.1111	13407	20.87	30919	-0.564126
148.18	13503	25.1111	13405	20.89	31008	-0.536965
151.382	13503	25.1111	13405	20.89	31051	-0.523842
154.584	13503	25.1111	13404	20.77	31109	-0.506142
157.781	13502	25.1111	13401	20.77	31127	-0.500649
160.996	13503	25.1111	13395	20.72	31157	-0.491493
164.192	13502	25.1111	13399	20.75	31239	-0.466468
167.385	13503	25.1111	13400	20.7	31305	-0.446326
170.588	13502	25.1111	13392	20.64	31219	-0.472572
173.787	13502	25.1111	13389	20.56	31341	-0.43534
176.986	13502	25.1111	13393	20.64	31290	-0.450904
180.184	13502	25.1111	13395	20.72	31407	-0.415198
183.382	13502	25.1111	13399	20.73	31403	-0.416419
186.585	13502	25.1111	13404	20.87	31590	-0.35935
189.728	13502	25.1111	13404	20.77	31488	-0.390478
192.912	13502	25.1111	13405	20.93	31573	-0.364538
196.086	13502	25.1111	13409	20.91	31661	-0.337682
199.281	13503	25.1111	13410	21.01	31709	-0.323033
202.494	13503	25.1111	13416	21.06	31699	-0.326085
205.686	13502	25.1111	13419	21.14	31748	-0.311131
208.914	13502	25.1111	13423	21.22	31844	-0.281834
212.102	13502	25.1111	13426	21.28	31796	-0.296483
215.297	13502	25.1111	13420	21.18	31919	-0.258946
218.494	13502	25.1111	13417	21.1	31947	-0.250401
221.703	13502	25.1111	13414	21.08	31970	-0.243381
224.916	13502	25.1111	13420	21.16	32002	-0.233616
228.093	13502	25.1111	13422	21.18	32040	-0.222019
231.311	13502	25.1111	13415	21.17	32105	-0.202182
