2.98031e-10
3.42779e-10
3.21732e-10
3.3389e-10
3.20296e-10
3.42224e-10
3.69875e-10
3.29559e-10
3.10231e-10
3.51659e-10
3.13151e-10
2.75698e-10
3.16723e-10
3.33862e-10
3.42056e-10
3.35129e-10
3.06084e-10
3.05876e-10
2.91517e-10
3.50725e-10
3.09513e-10
3.60713e-10
3.22292e-10
3.51298e-10
2.21172e-10
3.26061e-10
3.23523e-10
2.9645e-10
3.35228e-10
3.37617e-10
3.49916e-10
3.75582e-10
3.41422e-10
3.03937e-10
3.12546e-10
3.00652e-10
3.32771e-10
2.57426e-10
3.25034e-10
3.66822e-10
3.46403e-10
2.38688e-10
3.0601e-10
3.36871e-10
2.57702e-10
3.56481e-10
3.16939e-10
3.36572e-10
3.26695e-10
3.16387e-10
3.39497e-10
3.40581e-10
3.12717e-10
3.38407e-10
3.39472e-10
3.44057e-10
3.47088e-10
3.51428e-10
3.54445e-10
2.83037e-10
3.30413e-10
3.25702e-10
3.41868e-10
3.45341e-10
3.48499e-10
3.05103e-10
3.20267e-10
3.43303e-10
3.39705e-10
3.06349e-10
3.22266e-10
3.28702e-10
2.70731e-10
2.87293e-10
3.33496e-10
3.17645e-10
3.41696e-10
3.49913e-10
3.34726e-10
3.57235e-10
3.03599e-10
3.30183e-10
3.2687e-10
3.2871e-10
3.16539e-10
3.48265e-10
3.36545e-10
3.54355e-10
2.96832e-10
3.46886e-10
3.03568e-10
3.38586e-10
3.40852e-10
3.14845e-10
3.33997e-10
3.83487e-10
3.22408e-10
3.06345e-10
3.47505e-10
2.99732e-10
3.3416e-10
3.26891e-10
3.47286e-10
3.5629e-10
3.01024e-10
3.41234e-10
3.28693e-10
2.94611e-10
3.10932e-10
2.97929e-10
3.49914e-10
3.46953e-10
3.39544e-10
2.93296e-10
3.20276e-10
2.53866e-10
3.41794e-10
3.01174e-10
3.50852e-10
3.48531e-10
2.90023e-10
2.85577e-10
3.33946e-10
3.37664e-10
3.43026e-10
2.60818e-10
2.98853e-10
3.57251e-10
2.93592e-10
3.44814e-10
3.06881e-10
3.22505e-10
3.57319e-10
3.44108e-10
3.60463e-10
3.51824e-10
2.97797e-10
3.40272e-10
3.47895e-10
3.31114e-10
3.39611e-10
3.41832e-10
3.12241e-10
2.99038e-10
3.18759e-10
3.46714e-10
3.19425e-10
3.42003e-10
3.36542e-10
3.4967e-10
3.3968e-10
3.60156e-10
2.58281e-10
3.34132e-10
3.45483e-10
3.02033e-10
3.21969e-10
3.5864e-10
3.58469e-10
3.55671e-10
3.11782e-10
3.04687e-10
3.3509e-10
3.06164e-10
3.03937e-10
3.24534e-10
2.73403e-10
3.51031e-10
3.5295e-10
3.22815e-10
2.89282e-10
3.43164e-10
3.24822e-10
2.6211e-10
3.62737e-10
3.27599e-10
3.47764e-10
2.89352e-10
3.22334e-10
3.38122e-10
3.16519e-10
3.54903e-10
3.07518e-10
3.65959e-10
3.29509e-10
3.41029e-10
3.29473e-10
3.0269e-10
3.26411e-10
3.28332e-10
3.18047e-10
3.36437e-10
3.30251e-10
3.1895e-10
2.95329e-10
3.34964e-10
2.90104e-10
3.1438e-10
3.49609e-10
2.93754e-10
3.37412e-10
3.54542e-10
3.34276e-10
3.26063e-10
3.06176e-10
3.61975e-10
2.8152e-10
3.69338e-10
3.46769e-10
2.95694e-10
3.2558e-10
3.40761e-10
2.83812e-10
3.20326e-10
3.33615e-10
3.67612e-10
3.1041e-10
3.43597e-10
3.44199e-10
3.38162e-10
3.17162e-10
3.59219e-10
3.27349e-10
3.42977e-10
3.17103e-10
3.08848e-10
3.04459e-10
3.56378e-10
2.84865e-10
3.26169e-10
3.32182e-10
3.05952e-10
3.52719e-10
3.2581e-10
2.99442e-10
3.3395e-10
3.44507e-10
3.59392e-10
3.2787e-10
3.63958e-10
2.76362e-10
2.60996e-10
2.94508e-10
3.12771e-10
3.26999e-10
3.35123e-10
3.54335e-10
3.32083e-10
3.05933e-10
3.21377e-10
3.374e-10
2.46818e-10
2.064e-10
3.53887e-10
2.82103e-10
3.18931e-10
2.73102e-10
3.43284e-10
2.92378e-10
2.9354e-10
3.19047e-10
3.3837e-10
3.18603e-10
3.74049e-10
3.28888e-10
3.37663e-10
3.16529e-10
3.24762e-10
3.23515e-10
3.05015e-10
2.53342e-10
3.24813e-10
3.26817e-10
3.26306e-10
3.03646e-10
3.45738e-10
3.35756e-10
3.4276e-10
3.32268e-10
3.51069e-10
3.27974e-10
2.8965e-10
3.03608e-10
3.48594e-10
3.474e-10
3.58627e-10
3.20648e-10
3.37872e-10
3.00725e-10
2.98418e-10
3.06406e-10
3.5191e-10
3.26771e-10
3.55012e-10
3.42745e-10
3.39609e-10
3.31912e-10
3.038e-10
3.00944e-10
2.71015e-10
3.2737e-10
3.20537e-10
3.36445e-10
3.1945e-10
3.00925e-10
3.27364e-10
2.50908e-10
3.16175e-10
3.28796e-10
3.23249e-10
2.95526e-10
3.28764e-10
3.48611e-10
2.69771e-10
3.11429e-10
3.0088e-10
3.48305e-10
3.24851e-10
3.33127e-10
3.54941e-10
2.86912e-10
3.22832e-10
3.2845e-10
3.10048e-10
2.91271e-10
3.49424e-10
3.34801e-10
3.51773e-10
3.22001e-10
3.45243e-10
3.30632e-10
3.12999e-10
3.31114e-10
3.22203e-10
3.59501e-10
3.8669e-10
3.22128e-10
3.31834e-10
3.02398e-10
3.26788e-10
3.46669e-10
2.86758e-10
3.26124e-10
3.42056e-10
3.51065e-10
3.42075e-10
3.07125e-10
3.06651e-10
3.51674e-10
3.45604e-10
3.34662e-10
3.77987e-10
3.27251e-10
3.35017e-10
3.03297e-10
2.89027e-10
3.35859e-10
3.26678e-10
3.32132e-10
3.30807e-10
2.92685e-10
3.6702e-10
3.06991e-10
3.24546e-10
2.75381e-10
2.79159e-10
3.07784e-10
3.42095e-10
3.33368e-10
3.34115e-10
3.20323e-10
2.76842e-10
3.31242e-10
3.40491e-10
3.3623e-10
3.37607e-10
3.35795e-10
3.36077e-10
3.33404e-10
3.20471e-10
3.26407e-10
3.02151e-10
3.41815e-10
3.27832e-10
3.11892e-10
1.77765e-10
2.98748e-10
3.25849e-10
3.39815e-10
3.1073e-10
3.22526e-10
3.12256e-10
3.21843e-10
3.24656e-10
3.29413e-10
3.32867e-10
3.13212e-10
3.37311e-10
3.66432e-10
3.45674e-10
3.30512e-10
3.26958e-10
3.27555e-10
3.36257e-10
2.79085e-10
3.02092e-10
3.23756e-10
3.54332e-10
3.50948e-10
3.58237e-10
3.19247e-10
2.89585e-10
3.29434e-10
3.42023e-10
3.52671e-10
3.60514e-10
3.42461e-10
3.31198e-10
1.62295e-10
3.23617e-10
3.53842e-10
3.45847e-10
3.40884e-10
3.61262e-10
3.40496e-10
2.84168e-10
3.32194e-10
3.23909e-10
3.42203e-10
3.40425e-10
3.21917e-10
3.26966e-10
2.28984e-10
2.72668e-10
2.98915e-10
2.82236e-10
3.2904e-10
3.20919e-10
3.57739e-10
3.51027e-10
3.3244e-10
3.17563e-10
3.39094e-10
3.56557e-10
3.06976e-10
3.33813e-10
3.45878e-10
3.13034e-10
3.26866e-10
2.38695e-10
2.80734e-10
2.62133e-10
3.33591e-10
3.20701e-10
3.36122e-10
3.83523e-10
3.42167e-10
3.17675e-10
3.40066e-10
3.28569e-10
3.40281e-10
2.39271e-10
3.45798e-10
3.54097e-10
2.98602e-10
2.92027e-10
3.28144e-10
3.35071e-10
3.53383e-10
3.39816e-10
3.20758e-10
3.6594e-10
3.25919e-10
3.03388e-10
3.07223e-10
3.38124e-10
3.0724e-10
3.47448e-10
3.21386e-10
3.46332e-10
3.56258e-10
3.18398e-10
3.47783e-10
3.2233e-10
2.82536e-10
3.54483e-10
3.42891e-10
2.64708e-10
3.01024e-10
3.06426e-10
3.17185e-10
3.04301e-10
3.07331e-10
3.47438e-10
3.56591e-10
3.17502e-10
3.26273e-10
3.09291e-10
3.13258e-10
3.52933e-10
3.07885e-10
3.14947e-10
3.57026e-10
2.50929e-10
3.32708e-10
2.29126e-10
3.098e-10
3.08329e-10
3.37083e-10
1.98049e-10
3.1997e-10
3.26457e-10
3.42863e-10
3.30359e-10
3.2602e-10
2.68329e-10
3.45301e-10
3.23004e-10
3.82756e-10
3.22328e-10
3.3708e-10
3.3311e-10
3.35841e-10
3.22276e-10
3.39468e-10
3.46751e-10
3.16383e-10
3.282e-10
3.50149e-10
3.40569e-10
3.15814e-10
2.97261e-10
3.61158e-10
3.12571e-10
3.38564e-10
3.42413e-10
3.36982e-10
3.39285e-10
3.13105e-10
3.11845e-10
3.1979e-10
3.40944e-10
3.53769e-10
3.48506e-10
3.42136e-10
3.48859e-10
3.21803e-10
2.26424e-10
3.25747e-10
3.13676e-10
3.41716e-10
3.59129e-10
3.49392e-10
3.05967e-10
2.25682e-10
3.53366e-10
3.30394e-10
3.56813e-10
3.48444e-10
3.45989e-10
3.32866e-10
3.19635e-10
3.18031e-10
3.28584e-10
2.84609e-10
3.53057e-10
3.14799e-10
3.50913e-10
3.18872e-10
3.29033e-10
2.98421e-10
3.40768e-10
3.41605e-10
3.33044e-10
3.2207e-10
3.52606e-10
3.15282e-10
3.29749e-10
2.92311e-10
3.15998e-10
3.54477e-10
3.13391e-10
3.2101e-10
3.7758e-10
3.45787e-10
3.40181e-10
3.08688e-10
3.07765e-10
3.18847e-10
3.34464e-10
3.32792e-10
3.58222e-10
3.07526e-10
1.92723e-10
3.12529e-10
3.12279e-10
3.28417e-10
2.79564e-10
2.78041e-10
3.51004e-10
2.83932e-10
2.57661e-10
3.1326e-10
3.36189e-10
3.75828e-10
3.25372e-10
3.34952e-10
3.70875e-10
3.35031e-10
3.44259e-10
3.24288e-10
3.30593e-10
2.90372e-10
3.06514e-10
3.27137e-10
2.86731e-10
3.46132e-10
3.18127e-10
3.23251e-10
3.41393e-10
3.01438e-10
3.505e-10
2.98624e-10
3.55439e-10
3.37992e-10
3.218e-10
3.22925e-10
3.0026e-10
3.29627e-10
3.40209e-10
3.56119e-10
3.39102e-10
3.34283e-10
3.07564e-10
3.39521e-10
2.85138e-10
3.56734e-10
3.209e-10
3.56529e-10
3.81567e-10
3.48663e-10
3.28731e-10
3.04343e-10
3.68771e-10
2.89633e-10
2.61692e-10
3.85899e-10
3.54137e-10
3.45231e-10
3.25169e-10
3.16154e-10
3.02683e-10
3.29056e-10
2.63648e-10
3.63339e-10
2.86541e-10
3.12055e-10
3.57898e-10
2.74023e-10
3.11728e-10
3.56896e-10
3.35472e-10
3.15675e-10
2.98332e-10
3.40657e-10
3.56414e-10
2.9452e-10
2.82848e-10
3.40097e-10
3.29684e-10
3.1146e-10
3.28676e-10
3.3384e-10
3.23837e-10
3.00553e-10
2.67301e-10
3.34096e-10
3.52635e-10
3.4044e-10
3.55318e-10
3.22836e-10
3.34554e-10
3.40753e-10
3.42624e-10
3.42094e-10
3.51811e-10
3.49914e-10
3.48978e-10
3.11782e-10
3.14272e-10
3.43045e-10
3.42743e-10
2.80978e-10
3.44134e-10
2.92623e-10
3.45458e-10
2.77451e-10
3.65918e-10
2.98057e-10
3.27571e-10
3.05129e-10
3.54492e-10
3.469e-10
3.52994e-10
3.462e-10
3.3617e-10
3.26737e-10
3.09176e-10
3.46235e-10
3.28356e-10
2.82482e-10
3.43371e-10
3.5423e-10
2.8178e-10
3.02132e-10
2.85619e-10
2.90939e-10
3.01953e-10
2.9675e-10
3.34618e-10
3.09929e-10
3.44434e-10
2.98806e-10
3.48089e-10
3.4426e-10
3.35554e-10
3.10437e-10
3.64628e-10
3.27251e-10
2.91151e-10
3.33263e-10
2.90909e-10
3.42096e-10
2.65788e-10
2.77615e-10
3.57217e-10
3.22866e-10
2.69115e-10
3.17191e-10
3.34099e-10
3.43983e-10
3.45033e-10
3.54671e-10
2.2312e-10
3.54508e-10
3.18909e-10
3.10702e-10
3.11328e-10
3.38664e-10
3.62022e-10
3.00438e-10
3.44114e-10
2.88338e-10
3.15595e-10
3.18435e-10
3.41732e-10
3.12078e-10
3.47421e-10
3.52476e-10
3.65957e-10
3.19021e-10
3.19145e-10
3.06247e-10
2.77992e-10
3.49069e-10
3.06281e-10
3.50549e-10
3.28541e-10
2.91235e-10
3.53558e-10
3.06444e-10
3.30109e-10
3.37832e-10
3.39145e-10
3.4507e-10
3.51685e-10
3.03252e-10
3.33479e-10
3.10529e-10
3.43168e-10
3.05339e-10
3.60902e-10
2.50555e-10
3.22513e-10
3.42638e-10
3.12487e-10
3.26945e-10
3.12474e-10
3.28017e-10
2.98902e-10
3.581e-10
3.47141e-10
3.38334e-10
3.51197e-10
3.08463e-10
3.07676e-10
3.38367e-10
3.61503e-10
3.40339e-10
3.44584e-10
3.3701e-10
3.31187e-10
3.4496e-10
3.57421e-10
2.79932e-10
3.26137e-10
3.37948e-10
3.70413e-10
3.5151e-10
3.21734e-10
3.01852e-10
3.27301e-10
2.91312e-10
2.70148e-10
3.43935e-10
3.30186e-10
3.24121e-10
3.11196e-10
3.48416e-10
3.34352e-10
3.13929e-10
3.34626e-10
2.72838e-10
3.1551e-10
3.22065e-10
3.00875e-10
3.20747e-10
3.33213e-10
3.1542e-10
2.47941e-10
3.35328e-10
3.34353e-10
3.06819e-10
3.51353e-10
3.35929e-10
3.57837e-10
3.27874e-10
3.21442e-10
2.35641e-10
3.39145e-10
2.95417e-10
3.25599e-10
3.37162e-10
3.05719e-10
3.28753e-10
3.52406e-10
3.50917e-10
3.35676e-10
3.26621e-10
3.22321e-10
2.89515e-10
3.35301e-10
3.00512e-10
3.02227e-10
3.2746e-10
3.64142e-10
3.39775e-10
3.0032e-10
3.38371e-10
3.50458e-10
3.29127e-10
3.32069e-10
3.61277e-10
3.34928e-10
3.462e-10
2.99193e-10
3.63017e-10
3.24273e-10
3.4569e-10
3.05313e-10
3.39426e-10
3.53779e-10
2.96708e-10
3.57491e-10
3.13625e-10
3.46505e-10
3.09492e-10
3.1334e-10
3.55813e-10
3.65898e-10
3.22531e-10
2.77021e-10
3.20128e-10
3.21665e-10
3.26154e-10
3.55068e-10
3.39407e-10
3.49611e-10
3.24289e-10
3.41058e-10
3.43605e-10
3.37295e-10
3.5223e-10
3.30094e-10
3.71182e-10
3.41174e-10
2.97321e-10
2.97721e-10
2.78156e-10
2.96699e-10
2.79155e-10
3.18917e-10
3.46513e-10
3.42102e-10
3.06308e-10
3.09852e-10
2.62366e-10
3.35328e-10
2.93807e-10
3.35741e-10
3.32736e-10
3.57215e-10
3.08669e-10
3.16772e-10
3.45193e-10
3.35984e-10
3.20813e-10
3.44153e-10
3.29189e-10
3.66349e-10
3.39311e-10
3.23961e-10
3.16338e-10
2.25529e-10
3.42348e-10
3.28222e-10
3.63127e-10
3.43268e-10
3.09373e-10
2.96149e-10
3.41671e-10
3.1844e-10
3.12834e-10
3.38711e-10
3.42512e-10
3.01788e-10
3.05628e-10
3.35224e-10
3.40244e-10
3.30605e-10
3.46775e-10
3.37752e-10
2.92549e-10
3.05272e-10
3.3135e-10
3.33228e-10
3.17794e-10
3.39332e-10
3.34881e-10
3.30466e-10
3.05355e-10
2.94483e-10
3.48589e-10
3.37257e-10
3.30696e-10
3.51001e-10
3.10948e-10
3.03024e-10
3.2616e-10
3.30018e-10
3.46276e-10
2.85032e-10
3.11702e-10
2.71348e-10
3.44773e-10
3.23729e-10
3.53788e-10
3.67776e-10
3.37508e-10
3.37945e-10
3.31049e-10
3.33155e-10
3.66799e-10
3.09685e-10
3.70482e-10
3.65049e-10
3.00625e-10
3.27604e-10
3.13094e-10
3.40322e-10
3.07521e-10
3.15166e-10
3.28332e-10
3.45503e-10
3.62967e-10
3.2555e-10
3.43161e-10
3.25637e-10
3.54135e-10
3.49833e-10
2.95397e-10
3.51405e-10
2.75984e-10
3.27131e-10
3.38118e-10
2.45292e-10
3.1614e-10
3.30596e-10
3.16308e-10
2.79591e-10
3.06747e-10
3.44057e-10
3.32176e-10
3.40754e-10
3.36328e-10
3.3442e-10
3.25286e-10
2.79703e-10
3.07665e-10
2.6727e-10
2.82618e-10
3.13874e-10
3.38768e-10
3.42627e-10
2.52959e-10
2.35706e-10
3.23314e-10
3.18517e-10
3.25787e-10
3.45802e-10
3.26557e-10
3.23089e-10
3.22123e-10
3.59012e-10
3.31652e-10
3.14602e-10
3.46608e-10
3.16007e-10
3.2565e-10
3.0926e-10
3.33024e-10
3.20298e-10
3.40886e-10
3.46043e-10
3.0065e-10
3.1458e-10
3.04296e-10
3.31431e-10
3.32627e-10
3.73898e-10
3.27227e-10
3.39416e-10
3.50605e-10
3.33986e-10
2.34544e-10
3.32819e-10
3.62055e-10
3.39748e-10
3.1747e-10
3.0172e-10
3.18135e-10
3.29565e-10
3.57151e-10
3.09584e-10
3.12352e-10
3.70594e-10
3.53948e-10
3.37449e-10
2.96932e-10
3.0665e-10
3.017e-10
3.36161e-10
3.46584e-10
3.55515e-10
2.84423e-10
3.17868e-10
3.27994e-10
3.16084e-10
3.36834e-10
3.37662e-10
3.56642e-10
3.4289e-10
3.12537e-10
3.02328e-10
2.97464e-10
3.13296e-10
2.91564e-10
2.68431e-10
3.44584e-10
3.48326e-10
3.13863e-10
2.73857e-10
3.30852e-10
3.05577e-10
3.20813e-10
3.23078e-10
3.55494e-10
3.57969e-10
3.33127e-10
2.95203e-10
3.2042e-10
3.42699e-10
3.35387e-10
3.57343e-10
3.55208e-10
3.09961e-10
3.10171e-10
3.2502e-10
3.11215e-10
3.60859e-10
3.20306e-10
3.61029e-10
3.19201e-10
3.32374e-10
3.24566e-10
3.21594e-10
3.4745e-10
2.75947e-10
3.22328e-10
3.38136e-10
2.78577e-10
3.62595e-10
3.12109e-10
2.73149e-10
2.66585e-10
3.50824e-10
3.25447e-10
3.29593e-10
3.59234e-10
3.69918e-10
2.51445e-10
3.35699e-10
3.27413e-10
2.09701e-10
2.77356e-10
3.41051e-10
3.57371e-10
3.38678e-10
3.65368e-10
3.05049e-10
2.48747e-10
3.1473e-10
3.4956e-10
3.22631e-10
3.24552e-10
3.37233e-10
2.55352e-10
3.35814e-10
3.29708e-10
3.45007e-10
3.07649e-10
2.93519e-10
3.39292e-10
3.06828e-10
3.01702e-10
3.47912e-10
3.33277e-10
3.1454e-10
3.47727e-10
3.409e-10
2.92578e-10
3.53063e-10
3.45365e-10
3.18718e-10
3.12161e-10
3.47837e-10
3.56285e-10
3.07852e-10
3.56656e-10
3.44364e-10
3.20174e-10
3.14024e-10
3.32373e-10
3.32655e-10
3.28659e-10
3.09077e-10
3.36662e-10
3.18249e-10
3.33006e-10
3.18148e-10
3.29854e-10
3.13295e-10
3.28111e-10
3.35522e-10
3.41327e-10
3.5045e-10
3.18416e-10
2.45663e-10
3.30328e-10
3.05296e-10
3.24052e-10
3.49894e-10
3.5818e-10
3.4801e-10
2.972e-10
3.5207e-10
3.13318e-10
3.48889e-10
3.06196e-10
3.24869e-10
3.74959e-10
3.52086e-10
3.22927e-10
3.38662e-10
3.41419e-10
3.17651e-10
3.28702e-10
3.51757e-10
3.3573e-10
2.67578e-10
3.55339e-10
3.38403e-10
3.43129e-10
3.22925e-10
3.39988e-10
3.41641e-10
3.12128e-10
3.36546e-10
3.45604e-10
3.51016e-10
3.31139e-10
3.13971e-10
3.27053e-10
3.27135e-10
3.23763e-10
3.33915e-10
3.23606e-10
3.08458e-10
2.95456e-10
3.09812e-10
3.4415e-10
3.30036e-10
3.5784e-10
3.73136e-10
3.26448e-10
3.26955e-10
2.95552e-10
3.12018e-10
3.03567e-10
3.23616e-10
3.63681e-10
3.63181e-10
3.10994e-10
2.89249e-10
3.05459e-10
3.46129e-10
3.12165e-10
3.41574e-10
3.53929e-10
2.81844e-10
3.28691e-10
3.67347e-10
3.2196e-10
3.37539e-10
3.05712e-10
3.36078e-10
3.07109e-10
3.82353e-10
3.33214e-10
3.27722e-10
3.28998e-10
2.96427e-10
3.42409e-10
3.2384e-10
3.53311e-10
3.74924e-10
3.38464e-10
3.331e-10
3.45219e-10
3.37841e-10
3.37417e-10
3.09951e-10
3.24034e-10
2.99184e-10
2.77095e-10
3.39297e-10
3.59992e-10
2.48043e-10
2.94531e-10
2.5667e-10
3.62753e-10
3.19786e-10
3.40692e-10
3.51016e-10
3.3667e-10
3.3022e-10
3.33754e-10
2.96109e-10
3.22711e-10
3.02991e-10
3.48686e-10
3.54307e-10
3.4389e-10
3.418e-10
3.47819e-10
3.28845e-10
3.12152e-10
3.38296e-10
2.89293e-10
3.04466e-10
3.1428e-10
3.13818e-10
3.05928e-10
3.24641e-10
3.54265e-10
2.99765e-10
3.1401e-10
3.42452e-10
3.07611e-10
3.51218e-10
2.99928e-10
3.27658e-10
3.34064e-10
3.44524e-10
3.36742e-10
3.28516e-10
3.17386e-10
2.86288e-10
3.44594e-10
2.88287e-10
3.60039e-10
3.70168e-10
3.24867e-10
3.46907e-10
3.16172e-10
3.14518e-10
3.39602e-10
3.2446e-10
3.28232e-10
3.74342e-10
3.4068e-10
3.32971e-10
3.23892e-10
2.97217e-10
3.10315e-10
3.11462e-10
3.49124e-10
2.16035e-10
2.91567e-10
2.70129e-10
3.27736e-10
2.82688e-10
3.04008e-10
3.25853e-10
3.48041e-10
3.32291e-10
2.89843e-10
3.25358e-10
3.28749e-10
3.42128e-10
3.45724e-10
3.38815e-10
3.153e-10
3.26678e-10
3.29593e-10
3.25321e-10
3.15956e-10
3.2593e-10
3.19971e-10
3.49758e-10
3.1668e-10
3.43978e-10
3.50609e-10
3.1104e-10
2.93961e-10
3.27663e-10
3.3146e-10
3.6988e-10
3.46702e-10
3.38888e-10
3.21456e-10
3.10832e-10
3.28561e-10
3.43074e-10
3.46083e-10
3.09208e-10
3.17277e-10
3.32115e-10
3.50278e-10
2.64672e-10
2.72773e-10
3.33609e-10
3.36661e-10
3.33686e-10
3.02801e-10
3.38479e-10
3.03252e-10
3.4505e-10
3.4344e-10
3.30474e-10
3.16419e-10
3.19073e-10
3.4003e-10
3.79568e-10
3.26122e-10
3.35546e-10
3.53484e-10
3.50381e-10
3.43916e-10
3.27585e-10
3.64478e-10
3.30084e-10
3.37219e-10
3.14588e-10
3.15187e-10
3.33107e-10
2.97289e-10
3.24408e-10
3.42286e-10
3.63262e-10
3.38911e-10
2.94291e-10
3.63094e-10
3.43446e-10
3.39954e-10
2.56176e-10
2.93792e-10
3.66725e-10
3.44556e-10
3.29588e-10
3.47339e-10
2.84685e-10
3.33229e-10
3.45265e-10
3.24782e-10
3.52564e-10
3.51052e-10
3.08401e-10
2.85206e-10
3.22985e-10
2.52942e-10
3.51954e-10
3.13684e-10
3.43862e-10
3.45276e-10
3.11337e-10
3.5072e-10
3.03933e-10
2.91071e-10
2.989e-10
3.04677e-10
3.38218e-10
2.92685e-10
3.21268e-10
3.12959e-10
2.75243e-10
3.06469e-10
3.55399e-10
3.05946e-10
3.45795e-10
2.96832e-10
2.85349e-10
3.41106e-10
2.82904e-10
3.29907e-10
3.496e-10
3.72601e-10
3.29327e-10
3.26021e-10
3.3903e-10
2.36558e-10
3.16013e-10
3.19492e-10
3.37777e-10
3.27141e-10
2.76928e-10
2.70731e-10
3.07461e-10
3.38268e-10
3.08886e-10
3.46891e-10
3.28613e-10
3.67478e-10
2.76174e-10
3.50549e-10
2.85952e-10
3.44673e-10
3.34804e-10
3.00255e-10
3.25238e-10
3.54579e-10
3.40049e-10
3.46852e-10
3.31517e-10
3.0059e-10
3.33398e-10
3.0593e-10
3.14152e-10
3.53152e-10
3.57298e-10
3.5659e-10
3.65977e-10
3.06775e-10
2.62003e-10
3.41171e-10
3.17205e-10
3.10474e-10
3.40475e-10
3.01024e-10
2.70876e-10
3.073e-10
3.10884e-10
3.23008e-10
2.96301e-10
3.59862e-10
3.48674e-10
3.30984e-10
2.93605e-10
3.17262e-10
3.43946e-10
3.18744e-10
3.46189e-10
3.48104e-10
3.43897e-10
3.29966e-10
3.33039e-10
3.27134e-10
2.98939e-10
3.52174e-10
3.27843e-10
2.96113e-10
3.5893e-10
3.24233e-10
3.46092e-10
3.06169e-10
3.37274e-10
3.07037e-10
3.09066e-10
3.35925e-10
3.39209e-10
2.85822e-10
3.32308e-10
3.28075e-10
3.21451e-10
2.9632e-10
3.37175e-10
3.63966e-10
3.63321e-10
3.17631e-10
3.39642e-10
3.24245e-10
3.13444e-10
3.29178e-10
3.42903e-10
3.14561e-10
3.60757e-10
3.29822e-10
2.85909e-10
3.07812e-10
3.42844e-10
3.51752e-10
3.31207e-10
2.83276e-10
3.67266e-10
3.2086e-10
2.71872e-10
3.55123e-10
3.56067e-10
3.33553e-10
3.18261e-10
3.2541e-10
2.97986e-10
3.17061e-10
3.28428e-10
3.20391e-10
2.77524e-10
2.44284e-10
3.49723e-10
3.59159e-10
3.95268e-10
3.17551e-10
3.35123e-10
3.16283e-10
3.39891e-10
3.21186e-10
3.08674e-10
3.54788e-10
3.22994e-10
3.29509e-10
3.3025e-10
3.34626e-10
3.14859e-10
3.43819e-10
3.39099e-10
3.16874e-10
3.52673e-10
3.30452e-10
3.38964e-10
3.22313e-10
3.05933e-10
3.35316e-10
3.42131e-10
3.42559e-10
3.72203e-10
3.2751e-10
3.2205e-10
3.03228e-10
3.41072e-10
3.17489e-10
3.38522e-10
2.97508e-10
3.30007e-10
3.24511e-10
3.20614e-10
3.26477e-10
2.88951e-10
2.93391e-10
3.31158e-10
3.48616e-10
3.29557e-10
3.3073e-10
3.33415e-10
3.62003e-10
3.4285e-10
3.24754e-10
3.51689e-10
3.37344e-10
3.52903e-10
3.42873e-10
3.25336e-10
3.34127e-10
2.86065e-10
2.74379e-10
3.13307e-10
3.08621e-10
3.39559e-10
3.41378e-10
3.26208e-10
3.23803e-10
2.78731e-10
3.50755e-10
3.43103e-10
2.99878e-10
3.69287e-10
3.26324e-10
3.38219e-10
3.23126e-10
3.19103e-10
3.12235e-10
3.14088e-10
2.8427e-10
3.66955e-10
3.40484e-10
3.46939e-10
3.36448e-10
3.50712e-10
3.33026e-10
3.35239e-10
3.43335e-10
3.67419e-10
2.65519e-10
3.29116e-10
3.13278e-10
2.93081e-10
3.43826e-10
3.3302e-10
3.47366e-10
3.63804e-10
3.39459e-10
3.42392e-10
3.21778e-10
3.26866e-10
3.23376e-10
3.36528e-10
3.37245e-10
3.13313e-10
2.58281e-10
3.47344e-10
2.98026e-10
3.11128e-10
3.33084e-10
3.3163e-10
3.5001e-10
3.03475e-10
3.45168e-10
3.09663e-10
3.19687e-10
3.15829e-10
3.27041e-10
2.83509e-10
3.39055e-10
3.3848e-10
3.2904e-10
3.31349e-10
3.16621e-10
3.28849e-10
3.33465e-10
3.00103e-10
3.46289e-10
3.78534e-10
3.13515e-10
3.33841e-10
2.9202e-10
3.19268e-10
3.37649e-10
3.42235e-10
2.87366e-10
3.51592e-10
3.22439e-10
3.01095e-10
3.27977e-10
3.28115e-10
3.41209e-10
3.42772e-10
3.47345e-10
3.75089e-10
3.33889e-10
3.45824e-10
3.32161e-10
3.07002e-10
3.30916e-10
3.51461e-10
3.0256e-10
3.66132e-10
3.30946e-10
3.26478e-10
3.4759e-10
3.21819e-10
3.14237e-10
2.7295e-10
3.38746e-10
3.66291e-10
3.12378e-10
3.08676e-10
3.17215e-10
3.43685e-10
3.27923e-10
3.31966e-10
3.54312e-10
3.54569e-10
3.35294e-10
2.97696e-10
3.39291e-10
3.39263e-10
3.01058e-10
2.87268e-10
3.41142e-10
3.68397e-10
3.20927e-10
3.30769e-10
3.43018e-10
3.39805e-10
2.98908e-10
3.27502e-10
3.53149e-10
3.19193e-10
3.52466e-10
3.41496e-10
3.22404e-10
3.2218e-10
2.94452e-10
3.27648e-10
3.37709e-10
3.54301e-10
3.50536e-10
3.35634e-10
2.60267e-10
3.26966e-10
3.46525e-10
3.60386e-10
3.08713e-10
3.2526e-10
3.26842e-10
3.1075e-10
3.03394e-10
3.36406e-10
3.34857e-10
3.48966e-10
3.49121e-10
3.40142e-10
3.16853e-10
2.88898e-10
3.24832e-10
3.13778e-10
3.33284e-10
3.49621e-10
3.48848e-10
3.47236e-10
3.25945e-10
3.473e-10
3.27616e-10
2.97708e-10
3.22769e-10
3.2938e-10
3.39838e-10
3.16997e-10
2.99588e-10
3.34028e-10
3.26558e-10
3.45068e-10
3.33017e-10
2.78089e-10
3.09899e-10
3.62682e-10
2.93295e-10
3.15383e-10
2.9624e-10
3.51871e-10
3.043e-10
3.40231e-10
3.2286e-10
3.65739e-10
2.75205e-10
2.88311e-10
2.75994e-10
3.44279e-10
2.89055e-10
3.3913e-10
3.43219e-10
3.42304e-10
2.28984e-10
3.03527e-10
2.52493e-10
3.55849e-10
3.30617e-10
3.22798e-10
3.38482e-10
3.43441e-10
2.80076e-10
3.3212e-10
2.89514e-10
2.83919e-10
3.00178e-10
3.34139e-10
3.4393e-10
3.28687e-10
3.34509e-10
3.30058e-10
2.78442e-10
3.55788e-10
3.53694e-10
3.3935e-10
3.31077e-10
3.54355e-10
3.41663e-10
3.2906e-10
3.27478e-10
3.32978e-10
3.39977e-10
2.73225e-10
3.68177e-10
3.72775e-10
2.8814e-10
3.34625e-10
2.9273e-10
3.33143e-10
3.31703e-10
2.97369e-10
3.68414e-10
2.81805e-10
3.13863e-10
3.45962e-10
2.91232e-10
3.15578e-10
3.29951e-10
3.13339e-10
3.42257e-10
3.77506e-10
2.95283e-10
3.18855e-10
3.09747e-10
2.32506e-10
3.35e-10
3.33992e-10
3.47071e-10
3.44558e-10
3.07938e-10
2.83412e-10
2.87326e-10
3.25771e-10
3.41465e-10
3.22339e-10
2.3959e-10
3.52363e-10
3.37912e-10
3.41122e-10
2.97969e-10
3.26353e-10
3.51445e-10
3.48355e-10
2.69494e-10
3.53026e-10
3.14155e-10
3.19355e-10
3.13935e-10
3.16417e-10
2.85563e-10
3.16642e-10
3.26361e-10
3.57043e-10
2.57305e-10
3.35627e-10
3.25362e-10
3.24479e-10
3.43885e-10
2.96117e-10
3.67354e-10
3.618e-10
2.90201e-10
2.834e-10
3.35496e-10
3.07663e-10
3.01071e-10
3.36189e-10
2.38907e-10
3.78977e-10
3.37357e-10
3.33799e-10
3.30558e-10
3.09989e-10
3.11184e-10
3.36658e-10
3.42173e-10
3.72192e-10
3.18106e-10
3.28236e-10
3.35075e-10
3.33498e-10
3.19302e-10
2.68759e-10
3.20325e-10
3.35551e-10
3.40976e-10
3.36515e-10
2.74819e-10
3.46473e-10
3.40014e-10
3.35847e-10
3.25782e-10
3.68313e-10
3.41021e-10
3.45658e-10
3.04987e-10
3.28269e-10
3.00865e-10
3.50322e-10
3.40034e-10
3.54989e-10
3.33856e-10
3.38982e-10
3.08105e-10
2.63043e-10
3.17022e-10
3.14801e-10
3.56885e-10
3.23112e-10
3.50629e-10
3.3072e-10
3.42446e-10
3.14721e-10
2.99547e-10
3.12361e-10
3.32805e-10
3.56718e-10
3.51228e-10
2.94502e-10
3.44324e-10
3.39315e-10
2.96643e-10
3.337e-10
3.41685e-10
3.44003e-10
3.4076e-10
3.32326e-10
3.36564e-10
3.36782e-10
3.36767e-10
2.84635e-10
3.56549e-10
3.55708e-10
3.42924e-10
3.37366e-10
3.35391e-10
3.26826e-10
3.36896e-10
3.26411e-10
3.58729e-10
2.95668e-10
3.08864e-10
3.40421e-10
3.47896e-10
3.19174e-10
3.21805e-10
3.44178e-10
2.99527e-10
3.43943e-10
2.73102e-10
3.23541e-10
3.49426e-10
3.58782e-10
3.49915e-10
3.59586e-10
3.27623e-10
3.39839e-10
3.4398e-10
3.38182e-10
3.17833e-10
3.15669e-10
3.34895e-10
3.38734e-10
3.20259e-10
3.24006e-10
3.43076e-10
3.50968e-10
2.92274e-10
3.16039e-10
3.18468e-10
3.08714e-10
2.87983e-10
3.08541e-10
3.50636e-10
3.16569e-10
3.26642e-10
3.48085e-10
3.43181e-10
3.30314e-10
3.29782e-10
3.83643e-10
3.33889e-10
3.30699e-10
3.32979e-10
3.50391e-10
3.03294e-10
3.48525e-10
3.36819e-10
3.628e-10
2.70731e-10
3.33086e-10
2.5646e-10
2.72433e-10
3.48941e-10
3.4115e-10
3.0842e-10
3.60657e-10
3.32494e-10
3.47998e-10
3.34199e-10
3.01409e-10
2.49354e-10
3.2131e-10
3.23075e-10
3.48175e-10
3.33521e-10
3.20878e-10
3.08653e-10
3.00098e-10
2.71333e-10
3.47025e-10
2.6777e-10
3.52158e-10
3.43395e-10
3.19282e-10
3.32895e-10
3.34487e-10
2.67351e-10
3.15414e-10
3.2028e-10
3.67063e-10
3.39397e-10
3.31433e-10
2.94995e-10
3.50439e-10
3.38258e-10
3.14143e-10
3.12797e-10
3.34336e-10
2.57305e-10
3.0485e-10
3.31785e-10
3.38844e-10
3.42827e-10
3.43505e-10
3.22707e-10
3.54949e-10
3.28735e-10
3.46344e-10
3.48709e-10
3.31388e-10
3.48423e-10
3.33695e-10
3.70641e-10
3.6421e-10
3.43494e-10
3.41934e-10
3.17437e-10
3.15108e-10
3.08851e-10
3.24888e-10
2.67748e-10
3.51757e-10
2.75984e-10
3.11413e-10
3.47273e-10
3.06598e-10
3.56323e-10
3.2354e-10
3.3642e-10
3.40116e-10
3.13313e-10
3.37897e-10
3.55232e-10
2.67797e-10
3.0626e-10
2.91938e-10
3.27538e-10
3.55667e-10
3.0999e-10
2.90251e-10
3.31346e-10
3.19092e-10
3.37351e-10
3.42766e-10
3.31653e-10
3.53235e-10
3.29697e-10
3.56279e-10
3.33096e-10
3.18777e-10
3.31196e-10
3.42297e-10
3.66134e-10
3.28329e-10
3.34397e-10
3.22988e-10
3.05809e-10
3.05865e-10
3.59428e-10
3.598e-10
3.30414e-10
3.57986e-10
3.07457e-10
3.44511e-10
3.11147e-10
3.00649e-10
3.26804e-10
3.3133e-10
3.64006e-10
3.78924e-10
3.07802e-10
2.72575e-10
2.96866e-10
3.29135e-10
3.0653e-10
3.20426e-10
3.01784e-10
3.50601e-10
3.33023e-10
3.17813e-10
3.02883e-10
2.94301e-10
2.76006e-10
3.3899e-10
3.43044e-10
3.64964e-10
3.19316e-10
2.57675e-10
3.42685e-10
3.14828e-10
3.20803e-10
3.46612e-10
3.49588e-10
3.39537e-10
3.19534e-10
3.53413e-10
3.33745e-10
3.49926e-10
3.20665e-10
3.07243e-10
3.40728e-10
3.52832e-10
2.81262e-10
3.38017e-10
3.11937e-10
3.31632e-10
3.58365e-10
3.03873e-10
3.48926e-10
3.22473e-10
3.29276e-10
3.36024e-10
3.17083e-10
3.39153e-10
2.99079e-10
3.22119e-10
3.32939e-10
3.56511e-10
3.15418e-10
3.22337e-10
3.1662e-10
3.07599e-10
3.3055e-10
2.89982e-10
3.16167e-10
3.68802e-10
3.31539e-10
3.25042e-10
3.47936e-10
2.59177e-10
3.16253e-10
3.40923e-10
3.29534e-10
3.66227e-10
3.60304e-10
2.41083e-10
3.26358e-10
2.67539e-10
3.33572e-10
3.21145e-10
3.22405e-10
3.22064e-10
3.29488e-10
3.48169e-10
3.24066e-10
3.1882e-10
3.42812e-10
3.35877e-10
3.35743e-10
3.55335e-10
3.16811e-10
3.19517e-10
3.33644e-10
3.4023e-10
3.20107e-10
3.4425e-10
3.43503e-10
3.64638e-10
2.31914e-10
3.3741e-10
3.34514e-10
3.37717e-10
3.5901e-10
3.0226e-10
3.19907e-10
3.08677e-10
3.23606e-10
3.40689e-10
3.54864e-10
3.15368e-10
3.32396e-10
3.08187e-10
3.54264e-10
3.49931e-10
2.63401e-10
3.56578e-10
3.30645e-10
2.89974e-10
3.43885e-10
3.39861e-10
3.73366e-10
3.3083e-10
2.97321e-10
3.32475e-10
3.35093e-10
3.07625e-10
3.66496e-10
3.27382e-10
3.22257e-10
3.4281e-10
2.99265e-10
3.31378e-10
3.28006e-10
3.068e-10
3.2648e-10
3.45585e-10
3.18404e-10
3.61509e-10
3.40002e-10
2.60844e-10
2.92313e-10
3.16885e-10
2.63236e-10
3.59629e-10
3.3673e-10
2.76621e-10
3.29593e-10
3.35584e-10
2.99924e-10
3.00017e-10
3.04794e-10
3.35e-10
3.16031e-10
3.47003e-10
3.54432e-10
3.20602e-10
3.06164e-10
3.19045e-10
2.81509e-10
3.37485e-10
3.3693e-10
3.25852e-10
3.20069e-10
2.86916e-10
3.38208e-10
3.00523e-10
3.12663e-10
3.45868e-10
2.79397e-10
3.38725e-10
3.21682e-10
3.12565e-10
3.44783e-10
3.11469e-10
2.93266e-10
3.45885e-10
2.97554e-10
3.63969e-10
2.85596e-10
3.32217e-10
2.6938e-10
3.18442e-10
2.90385e-10
2.72454e-10
3.2263e-10
3.59881e-10
3.61111e-10
3.43529e-10
2.92844e-10
3.36411e-10
2.92375e-10
3.12907e-10
3.43339e-10
3.47068e-10
2.93444e-10
3.18788e-10
3.03785e-10
3.20136e-10
3.34638e-10
3.48132e-10
3.71341e-10
3.47637e-10
2.93444e-10
2.85884e-10
3.16923e-10
3.26521e-10
3.36138e-10
2.8816e-10
3.29913e-10
3.73633e-10
3.45822e-10
3.39033e-10
2.84482e-10
3.01173e-10
3.541e-10
3.12971e-10
3.51427e-10
3.65794e-10
3.12217e-10
3.24713e-10
3.17552e-10
3.44815e-10
3.47092e-10
3.30624e-10
3.24457e-10
3.57614e-10
3.41804e-10
3.19015e-10
3.37242e-10
3.18808e-10
3.44471e-10
3.59355e-10
3.55258e-10
3.64666e-10
3.27322e-10
3.22518e-10
3.33361e-10
3.00636e-10
3.44403e-10
3.32984e-10
3.6631e-10
3.56899e-10
3.02447e-10
3.09152e-10
3.44573e-10
2.97243e-10
2.79932e-10
2.83134e-10
3.58044e-10
3.4691e-10
3.22562e-10
3.20549e-10
3.3632e-10
3.25465e-10
3.52702e-10
3.31968e-10
3.07462e-10
3.12033e-10
3.29718e-10
3.11288e-10
3.46534e-10
2.9148e-10
3.49093e-10
3.55079e-10
3.04267e-10
3.19633e-10
2.88533e-10
2.8821e-10
3.47532e-10
3.32804e-10
3.59409e-10
3.41956e-10
3.307e-10
3.50435e-10
3.24839e-10
3.12426e-10
3.21727e-10
2.8551e-10
3.43718e-10
3.49713e-10
3.66826e-10
3.59026e-10
3.08604e-10
3.20312e-10
3.32282e-10
3.38683e-10
3.14736e-10
3.47748e-10
3.29209e-10
2.83541e-10
3.48446e-10
3.4533e-10
3.05965e-10
2.88475e-10
3.17633e-10
2.70272e-10
3.36638e-10
3.58982e-10
2.79768e-10
2.8442e-10
2.65579e-10
3.21594e-10
3.53665e-10
3.6175e-10
3.40167e-10
3.27537e-10
3.11837e-10
3.30307e-10
3.34872e-10
2.99962e-10
3.36484e-10
3.4868e-10
3.07759e-10
3.6208e-10
2.98602e-10
3.12736e-10
2.8744e-10
3.32246e-10
3.44696e-10
3.01848e-10
3.06177e-10
3.52535e-10
3.28647e-10
3.26611e-10
2.9645e-10
3.24642e-10
3.04583e-10
3.30838e-10
3.40496e-10
3.70411e-10
3.22346e-10
3.18003e-10
3.38013e-10
3.32994e-10
3.43884e-10
2.52577e-10
2.74548e-10
3.45725e-10
3.40542e-10
3.20659e-10
3.20341e-10
3.24306e-10
3.2744e-10
3.47052e-10
3.53525e-10
3.17868e-10
3.00625e-10
3.25877e-10
3.26676e-10
2.62404e-10
3.06576e-10
3.47641e-10
3.38766e-10
3.51735e-10
3.15688e-10
3.44515e-10
3.10441e-10
3.22139e-10
3.46843e-10
3.50743e-10
3.52502e-10
3.63737e-10
3.17791e-10
3.51737e-10
3.29391e-10
2.89327e-10
2.55301e-10
3.19178e-10
3.55036e-10
3.31173e-10
3.31708e-10
3.42312e-10
3.27368e-10
3.08025e-10
3.052e-10
3.39381e-10
3.47155e-10
3.25593e-10
3.42388e-10
3.38009e-10
3.24192e-10
3.22781e-10
3.42956e-10
3.45423e-10
3.48889e-10
3.34386e-10
3.07457e-10
3.32412e-10
3.21896e-10
3.05815e-10
3.0816e-10
2.678e-10
3.64804e-10
3.61752e-10
2.86483e-10
2.754e-10
3.4838e-10
2.60034e-10
3.45642e-10
2.97137e-10
3.68723e-10
3.36754e-10
3.34937e-10
2.8533e-10
3.46259e-10
3.34759e-10
3.1384e-10
3.08936e-10
3.43011e-10
3.43053e-10
3.43631e-10
3.25128e-10
2.91779e-10
2.93414e-10
3.58783e-10
3.60497e-10
3.22891e-10
3.53426e-10
3.30312e-10
3.51334e-10
3.61444e-10
2.72265e-10
3.25803e-10
3.57915e-10
3.31571e-10
3.44793e-10
2.99373e-10
3.21847e-10
2.98127e-10
2.88193e-10
3.34291e-10
3.04587e-10
3.41118e-10
3.49405e-10
3.50948e-10
3.07632e-10
2.45832e-10
3.22016e-10
2.92428e-10
3.07783e-10
3.45547e-10
3.44308e-10
3.06963e-10
2.74225e-10
3.40853e-10
3.26497e-10
2.76731e-10
3.41503e-10
3.37857e-10
3.38997e-10
3.29863e-10
2.98072e-10
2.8372e-10
3.49817e-10
2.91136e-10
3.53234e-10
3.57596e-10
3.13253e-10
3.5554e-10
3.3347e-10
3.05583e-10
3.02032e-10
3.69163e-10
3.22667e-10
3.58135e-10
3.04402e-10
3.20417e-10
3.29473e-10
3.23556e-10
2.81691e-10
2.49297e-10
3.39212e-10
3.21144e-10
3.66073e-10
3.20486e-10
2.84511e-10
3.29516e-10
3.0199e-10
3.03527e-10
3.1565e-10
3.25036e-10
3.43892e-10
3.4898e-10
3.24598e-10
2.9183e-10
3.27565e-10
3.35865e-10
2.91618e-10
3.29792e-10
3.63755e-10
3.38164e-10
3.26225e-10
3.19185e-10
3.07779e-10
3.43663e-10
2.9459e-10
3.37664e-10
3.48792e-10
3.26523e-10
3.37631e-10
3.56116e-10
3.20288e-10
3.30087e-10
2.7054e-10
3.04581e-10
2.84159e-10
3.29925e-10
3.29589e-10
3.40551e-10
3.44477e-10
2.90748e-10
3.37052e-10
3.15321e-10
3.68257e-10
3.54497e-10
2.75906e-10
3.46784e-10
2.9963e-10
2.95882e-10
3.35577e-10
3.32466e-10
3.64337e-10
2.45586e-10
2.78954e-10
3.20536e-10
3.16939e-10
3.05403e-10
3.65803e-10
3.16244e-10
3.5695e-10
3.39087e-10
3.09591e-10
2.0746e-10
3.30882e-10
3.34974e-10
3.20166e-10
3.68058e-10
3.57271e-10
2.998e-10
3.11681e-10
3.56939e-10
3.0792e-10
2.78347e-10
3.29124e-10
3.41507e-10
3.58342e-10
3.46653e-10
3.19842e-10
3.11089e-10
3.34887e-10
2.95905e-10
3.45562e-10
3.58645e-10
3.68077e-10
3.32078e-10
3.14755e-10
2.90595e-10
3.15844e-10
2.85683e-10
3.18796e-10
3.62273e-10
3.55944e-10
3.42576e-10
3.16639e-10
2.98914e-10
2.4048e-10
2.94466e-10
3.45863e-10
3.13606e-10
3.51935e-10
3.02988e-10
3.56143e-10
3.3243e-10
2.97802e-10
3.43691e-10
3.15708e-10
3.06645e-10
3.17219e-10
3.00725e-10
3.18623e-10
3.11798e-10
3.19881e-10
3.239e-10
3.57878e-10
3.12663e-10
3.57887e-10
3.14204e-10
2.59791e-10
3.31952e-10
3.26829e-10
2.91072e-10
3.39623e-10
3.66938e-10
3.49884e-10
2.77451e-10
2.94606e-10
3.10747e-10
3.3362e-10
3.19467e-10
3.35251e-10
3.50363e-10
3.4795e-10
2.79454e-10
3.12766e-10
3.25561e-10
3.17233e-10
3.42001e-10
3.18035e-10
3.3379e-10
3.58747e-10
3.2247e-10
3.29354e-10
3.43158e-10
3.15312e-10
3.04085e-10
3.48627e-10
3.09787e-10
2.66072e-10
3.2597e-10
3.47851e-10
3.36782e-10
3.48326e-10
3.12265e-10
2.9868e-10
3.43069e-10
3.74823e-10
3.36628e-10
3.28428e-10
3.26372e-10
3.40178e-10
3.16642e-10
3.27018e-10
3.50438e-10
3.44014e-10
3.27393e-10
3.12052e-10
2.89571e-10
3.1404e-10
3.19783e-10
2.93409e-10
2.76594e-10
3.31367e-10
3.19999e-10
3.44228e-10
3.53151e-10
3.07096e-10
3.15444e-10
2.90432e-10
3.61719e-10
3.44861e-10
3.37385e-10
3.34917e-10
3.20616e-10
3.05974e-10
3.32194e-10
3.43484e-10
3.32658e-10
3.59824e-10
3.14252e-10
2.97968e-10
2.84137e-10
2.85019e-10
3.33715e-10
3.16116e-10
3.65148e-10
3.38545e-10
2.85822e-10
2.86346e-10
3.09948e-10
3.13263e-10
3.25083e-10
3.53628e-10
3.33205e-10
3.73082e-10
3.39787e-10
3.31258e-10
2.95093e-10
3.58008e-10
2.854e-10
3.2453e-10
2.85337e-10
3.68861e-10
3.44686e-10
3.33403e-10
3.63574e-10
2.86853e-10
3.3628e-10
2.8508e-10
3.52418e-10
3.44416e-10
3.41256e-10
3.3638e-10
3.15558e-10
3.04746e-10
2.90665e-10
3.44653e-10
3.19219e-10
3.39226e-10
3.12055e-10
3.31542e-10
3.00778e-10
2.96563e-10
3.47086e-10
2.95105e-10
3.48862e-10
3.58626e-10
3.37316e-10
3.12614e-10
3.44621e-10
3.50393e-10
3.51395e-10
3.4404e-10
2.81418e-10
3.3298e-10
3.27463e-10
3.24728e-10
3.34429e-10
3.53064e-10
3.42592e-10
3.18469e-10
3.44776e-10
3.54548e-10
3.41869e-10
3.18224e-10
3.33812e-10
3.54856e-10
3.61826e-10
3.28038e-10
3.5847e-10
3.56161e-10
3.08274e-10
3.33546e-10
2.90446e-10
3.16392e-10
2.8461e-10
3.299e-10
3.76776e-10
3.14142e-10
3.41356e-10
3.43903e-10
3.13085e-10
2.33906e-10
3.52025e-10
3.18784e-10
3.54114e-10
2.99384e-10
3.18223e-10
2.97535e-10
3.24249e-10
3.40454e-10
3.37958e-10
3.50172e-10
2.86231e-10
2.95314e-10
3.0787e-10
3.18669e-10
3.06618e-10
3.59776e-10
3.32038e-10
3.37637e-10
3.27353e-10
3.35545e-10
3.41499e-10
3.27554e-10
3.26701e-10
3.24806e-10
3.55848e-10
3.26434e-10
3.53862e-10
3.72534e-10
2.91731e-10
3.65162e-10
3.4179e-10
2.83608e-10
3.42682e-10
3.32733e-10
3.44907e-10
3.54512e-10
3.0999e-10
3.30424e-10
2.91996e-10
3.18181e-10
2.947e-10
3.48223e-10
3.49948e-10
3.31793e-10
3.42596e-10
3.57722e-10
3.11036e-10
3.4539e-10
3.24479e-10
2.91549e-10
3.57053e-10
3.39824e-10
3.28269e-10
3.21277e-10
2.84763e-10
3.13097e-10
3.39076e-10
3.19684e-10
3.46413e-10
3.53297e-10
3.31483e-10
3.21442e-10
3.19841e-10
2.83099e-10
3.29865e-10
3.21085e-10
3.48058e-10
3.40823e-10
3.1401e-10
3.55945e-10
3.20662e-10
3.55933e-10
2.98281e-10
3.52017e-10
2.93542e-10
3.46434e-10
3.03684e-10
3.08124e-10
3.16915e-10
3.53332e-10
3.12377e-10
3.55616e-10
2.26458e-10
3.82316e-10
3.46728e-10
2.81345e-10
3.19707e-10
2.98335e-10
3.28869e-10
3.33104e-10
3.34382e-10
3.48751e-10
3.3135e-10
3.49358e-10
3.18333e-10
3.05658e-10
3.4697e-10
2.80864e-10
3.13328e-10
3.4471e-10
2.90725e-10
2.75507e-10
3.06556e-10
3.28813e-10
3.22082e-10
3.48127e-10
3.25973e-10
3.62813e-10
3.35508e-10
3.44107e-10
3.49808e-10
3.17797e-10
3.19669e-10
3.49426e-10
3.55516e-10
3.39841e-10
3.15237e-10
3.21142e-10
3.31536e-10
3.13064e-10
3.30383e-10
3.45157e-10
3.39018e-10
3.5957e-10
3.48611e-10
3.21334e-10
3.18401e-10
3.17662e-10
3.32856e-10
3.42579e-10
3.29674e-10
3.72047e-10
3.08006e-10
3.20748e-10
3.23811e-10
3.03197e-10
3.44383e-10
2.91536e-10
3.61866e-10
3.07462e-10
3.02899e-10
2.70374e-10
2.91879e-10
3.30282e-10
3.39545e-10
3.20263e-10
3.23179e-10
3.59382e-10
3.21226e-10
3.17886e-10
3.2232e-10
3.23532e-10
3.26834e-10
3.1866e-10
3.45041e-10
3.17346e-10
3.35124e-10
3.47656e-10
3.45676e-10
3.35224e-10
3.21522e-10
3.53317e-10
3.01239e-10
3.38033e-10
3.31558e-10
3.16548e-10
3.36821e-10
3.15933e-10
3.00211e-10
3.425e-10
3.53531e-10
3.68227e-10
3.24008e-10
3.24186e-10
3.24169e-10
3.47172e-10
3.13833e-10
3.1412e-10
3.34218e-10
3.04529e-10
3.16685e-10
3.01826e-10
3.27909e-10
3.2639e-10
3.28408e-10
3.00921e-10
3.22833e-10
3.47195e-10
3.35386e-10
3.17677e-10
3.3039e-10
3.45185e-10
2.86079e-10
3.202e-10
3.51195e-10
3.55063e-10
3.31388e-10
2.85826e-10
2.8877e-10
2.96461e-10
3.26178e-10
3.21505e-10
3.28065e-10
3.47919e-10
3.45533e-10
3.35603e-10
3.29881e-10
3.42189e-10
3.13293e-10
3.16465e-10
3.25655e-10
2.95429e-10
3.20486e-10
3.36095e-10
3.51934e-10
3.50591e-10
3.22336e-10
3.14674e-10
3.34357e-10
3.32672e-10
3.14728e-10
3.46053e-10
3.33273e-10
3.58184e-10
3.16227e-10
3.38572e-10
3.47633e-10
3.32872e-10
3.44379e-10
2.61949e-10
2.83389e-10
3.43524e-10
3.51346e-10
3.44887e-10
2.97759e-10
3.66188e-10
3.17791e-10
3.36752e-10
3.32612e-10
3.09443e-10
3.28483e-10
3.433e-10
3.31251e-10
3.26089e-10
3.29718e-10
3.45922e-10
2.73486e-10
3.15938e-10
3.20117e-10
2.74201e-10
3.24477e-10
3.59022e-10
3.19462e-10
2.92217e-10
3.12564e-10
3.0141e-10
3.20263e-10
3.32701e-10
3.58518e-10
3.96924e-10
3.06674e-10
2.78235e-10
2.70275e-10
3.2593e-10
3.32971e-10
2.76398e-10
3.51857e-10
3.48075e-10
3.2934e-10
3.07883e-10
3.49247e-10
2.94329e-10
3.24353e-10
3.54321e-10
3.62296e-10
3.67607e-10
3.02356e-10
3.07393e-10
2.91044e-10
3.04665e-10
3.12805e-10
3.06849e-10
3.28425e-10
3.85874e-10
3.3941e-10
3.24419e-10
3.43449e-10
2.94049e-10
3.06894e-10
3.34915e-10
3.61066e-10
3.87996e-10
3.24731e-10
2.95992e-10
3.12943e-10
2.64676e-10
3.40775e-10
2.14526e-10
3.28886e-10
2.8962e-10
3.18184e-10
3.37546e-10
3.11177e-10
2.71451e-10
3.2287e-10
3.05156e-10
3.4111e-10
3.62006e-10
3.3182e-10
3.26687e-10
2.56573e-10
3.27542e-10
3.14941e-10
3.38675e-10
3.54287e-10
2.95005e-10
3.32242e-10
3.36067e-10
3.16651e-10
3.18795e-10
3.05857e-10
3.17709e-10
3.6495e-10
3.38085e-10
3.14348e-10
3.38404e-10
3.1788e-10
3.41589e-10
2.95542e-10
2.99228e-10
3.33226e-10
3.60644e-10
3.08073e-10
2.65796e-10
3.20288e-10
2.38064e-10
3.19779e-10
3.04246e-10
3.75253e-10
3.41791e-10
