1.645e-10
1.58875e-10
1.58693e-10
1.53362e-10
1.53537e-10
1.52626e-10
1.53018e-10
1.7735e-10
1.2295e-10
1.45197e-10
1.18665e-10
1.57586e-10
1.30248e-10
1.6941e-10
1.62457e-10
1.42288e-10
1.64614e-10
1.16579e-10
1.62661e-10
1.25172e-10
1.68628e-10
1.50584e-10
7.73994e-11
5.972e-11
1.70124e-10
1.10654e-10
1.68893e-10
1.65335e-10
1.56694e-10
1.38204e-10
1.86792e-10
1.9109e-10
1.71703e-10
1.55026e-10
1.15375e-10
1.28447e-10
1.15415e-10
1.14194e-10
1.73778e-10
1.42471e-10
9.39e-11
1.03006e-10
1.62187e-10
1.44007e-10
1.46224e-10
1.33263e-10
1.41922e-10
1.04706e-10
1.6636e-10
1.66716e-10
1.44803e-10
1.2353e-10
1.21851e-10
1.47749e-10
1.52077e-10
1.25092e-10
1.51062e-10
1.64379e-10
1.51683e-10
1.14831e-10
1.36941e-10
1.41227e-10
1.45145e-10
1.83796e-10
1.52155e-10
1.63924e-10
1.54041e-10
1.89038e-10
5.92527e-11
1.49109e-10
1.5804e-10
7.62944e-11
1.45581e-10
1.46903e-10
1.19647e-10
1.60856e-10
1.62294e-10
1.807e-10
1.23884e-10
2.04282e-10
1.64728e-10
1.57063e-10
9.82843e-11
1.3735e-10
1.01638e-10
1.25749e-10
1.43118e-10
1.42309e-10
1.4315e-10
1.51622e-10
1.59737e-10
9.61571e-11
1.1202e-10
1.81882e-10
1.35503e-10
1.76456e-10
1.65209e-10
1.22929e-10
1.49019e-10
1.19054e-10
1.20646e-10
1.43011e-10
1.53544e-10
1.01473e-10
1.64565e-10
1.43092e-10
1.67138e-10
1.48179e-10
1.2264e-10
1.57559e-10
1.61263e-10
1.81001e-10
1.68793e-10
1.45171e-10
9.06314e-11
1.27542e-10
1.38574e-10
9.1852e-11
1.30248e-10
1.44654e-10
1.274e-10
1.63223e-10
1.53607e-10
1.26374e-10
1.21548e-10
1.62262e-10
1.58239e-10
1.29761e-10
1.201e-10
1.08243e-10
1.67196e-10
1.2633e-10
1.57514e-10
1.3446e-10
1.73038e-10
1.70763e-10
1.3695e-10
1.55481e-10
1.65724e-10
1.39552e-10
9.83349e-11
1.4113e-10
1.53478e-10
1.71891e-10
1.69077e-10
1.61467e-10
1.71235e-10
1.47244e-10
1.34323e-10
1.65027e-10
1.59823e-10
1.66893e-10
1.58233e-10
1.43753e-10
1.13877e-10
1.43267e-10
1.22414e-10
1.69347e-10
1.01541e-10
1.64614e-10
1.62283e-10
1.58287e-10
1.49172e-10
1.45106e-10
1.0488e-10
9.37053e-11
1.49028e-10
1.623e-10
1.79718e-10
1.71911e-10
1.57264e-10
1.07688e-10
1.23893e-10
1.28219e-10
1.58527e-10
1.48633e-10
1.55973e-10
1.53883e-10
1.25437e-10
1.63176e-10
4.66871e-11
1.71301e-10
1.47133e-10
1.56099e-10
1.5898e-10
1.29713e-10
1.55416e-10
1.7286e-10
1.34187e-10
1.65435e-10
8.97548e-11
1.79321e-10
1.72845e-10
1.45675e-10
1.28248e-10
1.58764e-10
1.48519e-10
1.48057e-10
1.35846e-10
1.89992e-10
1.85134e-10
2.35525e-11
1.7596e-10
1.2769e-10
1.37322e-10
1.03094e-10
6.79746e-11
1.66926e-10
8.17e-11
1.50362e-10
1.28851e-10
1.52845e-10
1.5916e-10
1.7837e-10
1.47817e-10
1.382e-10
1.416e-10
1.57065e-10
1.49831e-10
1.28196e-10
1.58512e-10
1.28533e-10
1.53385e-10
1.66003e-10
1.7178e-10
1.70901e-10
1.54184e-10
8.91998e-11
9.16311e-11
1.12983e-10
1.64618e-10
1.83511e-10
1.237e-10
1.44989e-10
1.13593e-10
1.63532e-10
1.02893e-10
1.60949e-10
1.69904e-10
1.65404e-10
1.70767e-10
1.32079e-10
7.56678e-11
1.03704e-10
1.57293e-10
1.58321e-10
1.23943e-10
1.71243e-10
1.52941e-10
9.38036e-11
1.38224e-10
1.01698e-10
1.30794e-10
1.09677e-10
1.48714e-10
1.72448e-10
1.3545e-10
1.487e-10
1.25579e-10
1.23337e-10
1.46902e-10
1.65683e-10
9.0435e-11
1.70665e-10
1.81585e-10
1.44482e-10
1.67311e-10
1.48451e-10
1.34793e-10
1.4365e-10
1.4083e-10
1.47568e-10
1.1e-10
1.35913e-10
1.6482e-10
9.71606e-11
1.79931e-10
1.14821e-10
1.72739e-10
1.25963e-10
1.69064e-10
1.43707e-10
1.60058e-10
1.40249e-10
1.71222e-10
1.08875e-10
5.15673e-11
1.64105e-10
1.762e-10
1.36572e-10
1.42154e-10
1.42433e-10
1.67706e-10
1.028e-10
1.49043e-10
1.7188e-10
1.55227e-10
1.38572e-10
1.32842e-10
1.06947e-10
1.36407e-10
1.07797e-10
1.56502e-10
1.23116e-10
1.66045e-10
1.65813e-10
1.44843e-10
1.42546e-10
1.53695e-10
1.43974e-10
1.54539e-10
1.93169e-10
1.073e-10
1.70851e-10
1.29545e-10
3.43016e-11
1.63199e-10
1.75178e-10
8.60386e-11
1.12329e-10
1.78375e-10
1.63129e-10
1.6032e-10
1.52258e-10
1.40393e-10
1.36655e-10
1.45009e-10
1.3076e-10
1.61312e-10
1.54522e-10
1.54282e-10
1.47563e-10
1.37338e-10
1.23505e-10
8.29107e-11
1.29713e-10
1.46124e-10
1.51446e-10
1.55953e-10
1.29251e-10
1.55662e-10
1.89773e-10
1.68792e-10
1.64782e-10
1.57883e-10
1.17101e-10
1.45958e-10
7.92784e-11
1.35813e-10
1.66478e-10
1.91638e-10
1.40355e-10
1.4639e-10
1.68391e-10
1.47491e-10
1.38167e-10
1.09761e-10
1.3483e-10
1.46078e-10
1.82596e-10
1.75652e-10
1.51208e-10
1.36476e-10
1.63746e-10
1.63783e-10
1.08911e-10
1.30444e-10
1.83551e-10
1.63028e-10
1.06456e-10
1.37811e-10
1.66785e-10
8.48541e-11
1.65858e-10
1.2207e-10
1.63905e-10
1.48149e-10
1.40296e-10
1.05287e-10
1.36452e-10
9.56778e-11
1.45248e-10
1.29155e-10
1.40747e-10
1.46169e-10
1.63881e-10
1.23766e-10
1.02456e-10
1.63914e-10
1.21009e-10
1.28692e-10
1.21616e-10
1.57406e-10
1.37497e-10
1.36248e-10
1.01168e-10
1.51388e-10
1.21803e-10
8.8869e-11
1.60305e-10
1.2605e-10
1.45464e-10
1.42626e-10
1.51522e-10
1.57664e-10
1.55009e-10
1.23525e-10
1.24017e-10
1.64084e-10
1.67856e-10
1.41197e-10
1.50006e-10
3.86618e-11
1.65666e-10
1.20164e-10
1.46893e-10
1.8572e-10
1.47647e-10
1.60757e-10
1.43024e-10
1.44942e-10
1.32395e-10
1.53811e-10
1.83657e-10
1.49828e-10
1.74055e-10
1.6264e-10
1.35518e-10
8.9105e-11
1.52666e-10
1.29937e-10
1.40679e-10
1.59046e-10
1.44379e-10
1.32596e-10
1.63648e-10
1.29684e-10
1.52433e-10
1.59906e-10
1.2879e-10
1.234e-10
1.40215e-10
1.57505e-10
1.16282e-10
1.49886e-10
1.61113e-10
1.39656e-10
1.70026e-10
1.41e-10
1.16868e-10
1.13443e-10
1.59901e-10
8.24967e-11
1.46924e-10
8.61071e-11
1.11038e-10
1.2765e-10
1.60287e-10
1.60183e-10
1.29242e-10
1.68183e-10
8.80493e-11
1.51739e-10
1.68888e-10
1.4245e-10
9.34769e-11
1.70061e-10
1.68931e-10
1.54434e-10
1.48368e-10
1.72936e-10
1.46137e-10
1.81882e-10
1.2026e-10
9.45184e-11
1.46916e-10
7.49994e-11
1.56236e-10
7.5872e-11
1.69997e-10
1.67817e-10
1.32497e-10
1.00906e-10
1.53818e-10
1.53471e-10
1.49313e-10
1.54267e-10
1.54146e-10
1.63188e-10
1.5347e-10
1.35208e-10
9.92278e-11
1.63254e-10
1.3875e-10
1.87575e-10
1.13815e-10
1.89233e-10
1.28745e-10
1.34906e-10
1.70474e-10
9.63028e-11
1.35001e-10
1.53016e-10
1.95006e-10
1.64712e-10
6.34017e-11
1.68507e-10
1.62086e-10
1.34326e-10
1.21461e-10
1.62422e-10
1.67854e-10
1.84967e-10
1.61194e-10
1.50427e-10
1.24606e-10
8.97758e-11
1.68686e-10
1.82679e-10
7.69735e-11
1.3795e-10
1.64596e-10
1.40654e-10
1.52227e-10
1.78435e-10
1.38408e-10
7.84614e-11
1.53699e-10
1.332e-10
1.68726e-10
1.73608e-10
1.3483e-10
1.48613e-10
1.52997e-10
1.47053e-10
1.26007e-10
1.4e-10
1.72474e-10
1.63916e-10
1.76668e-10
1.63847e-10
9.72763e-11
1.1532e-10
1.43794e-10
1.83823e-10
1.7534e-10
1.13158e-10
1.6262e-10
1.25322e-10
1.64073e-10
1.29395e-10
1.25966e-10
1.7476e-10
1.76043e-10
1.10809e-10
1.46177e-10
1.55235e-10
1.71942e-10
1.55583e-10
1.8191e-10
1.59783e-10
1.32678e-10
1.53234e-10
1.11569e-10
1.69353e-10
1.42397e-10
1.05506e-10
1.6276e-10
1.2065e-10
1.12256e-10
1.27386e-10
3.907e-11
1.13691e-10
1.15669e-10
1.62044e-10
1.67877e-10
1.2855e-10
1.18301e-10
1.41244e-10
1.12664e-10
1.49093e-10
1.39539e-10
1.56523e-10
1.65583e-10
1.69782e-10
1.91569e-10
1.31465e-10
8.30048e-11
1.36031e-10
1.5155e-10
1.23678e-10
9.26539e-11
1.64134e-10
1.57938e-10
1.2198e-10
1.07718e-10
1.68965e-10
1.75759e-10
1.43006e-10
1.89404e-10
1.58e-10
1.44441e-10
1.68303e-10
1.3607e-10
1.48295e-10
1.38361e-10
1.22384e-10
1.83557e-10
1.70849e-10
1.46272e-10
6.86864e-11
7.81499e-11
1.76735e-10
1.58505e-10
1.25864e-10
1.56427e-10
1.60037e-10
1.6912e-10
1.21577e-10
1.1445e-10
1.01486e-10
5.00022e-11
1.79403e-10
1.64146e-10
7.715e-11
1.52412e-10
1.40498e-10
1.29034e-10
1.48006e-10
1.27724e-10
1.24884e-10
1.52085e-10
1.69732e-10
1.3312e-10
1.48877e-10
1.56423e-10
1.14254e-10
1.87756e-10
9.73612e-11
1.54665e-10
1.61312e-10
4.43663e-11
1.46604e-10
1.71154e-10
1.10516e-10
1.46068e-10
1.61757e-10
1.93465e-10
1.62831e-10
1.7818e-10
1.47171e-10
7.41891e-11
1.59876e-10
1.52512e-10
1.6166e-10
1.25832e-10
1.66844e-10
1.44137e-10
1.26573e-10
1.44887e-10
7.05805e-11
1.7361e-10
1.14833e-10
1.24012e-10
1.46258e-10
1.44606e-10
9.59308e-11
1.52533e-10
1.2493e-10
8.89393e-11
1.22873e-10
1.67218e-10
1.286e-10
1.12651e-10
8.33957e-11
1.57572e-10
1.63898e-10
1.23356e-10
1.32817e-10
1.80683e-10
1.69856e-10
1.60129e-10
1.38867e-10
1.06534e-10
1.25179e-10
1.31206e-10
1.46226e-10
1.59961e-10
1.19451e-70
1.59821e-10
1.26395e-10
1.69532e-10
1.66317e-10
1.21245e-10
1.51732e-10
1.7257e-10
1.67789e-10
1.64441e-10
1.59991e-10
1.59191e-10
1.22031e-10
1.46565e-10
1.32411e-10
1.64703e-10
1.62115e-10
1.4239e-10
6.14616e-11
5.59005e-11
1.07844e-10
1.19848e-10
1.65763e-10
1.81305e-10
1.059e-10
1.58548e-10
1.68426e-10
1.17689e-10
1.3074e-10
1.52122e-10
1.59872e-10
1.73922e-10
1.72856e-10
7.49465e-11
1.60635e-10
1.64014e-10
1.594e-10
1.24456e-10
9.71271e-11
1.7248e-10
3.305e-11
1.42545e-10
1.05184e-10
1.27967e-10
1.35012e-10
8.78522e-11
1.39791e-10
1.3481e-10
1.52568e-10
1.1598e-10
1.42896e-10
6.89875e-11
1.08736e-10
5.65531e-11
1.28561e-10
1.85771e-10
1.52818e-10
1.25769e-10
1.15973e-10
6.31417e-11
1.35417e-10
8.85055e-11
1.44435e-10
1.4177e-10
1.85917e-10
1.40054e-10
1.63093e-10
1.45291e-10
1.69139e-10
1.61201e-10
1.14356e-10
1.78639e-10
1.138e-10
1.68325e-10
1.44927e-10
1.52674e-10
1.62315e-10
1.27338e-10
1.31498e-10
1.54099e-10
1.97376e-10
2.15158e-11
8.56625e-11
1.08776e-10
1.70487e-10
1.48003e-10
1.41039e-10
1.01712e-10
1.296e-10
1.79808e-10
1.23246e-10
1.52172e-10
9.92397e-11
1.37918e-10
1.67255e-10
1.75419e-10
1.71058e-10
1.07012e-10
1.63518e-10
8.96142e-11
1.34159e-10
1.68692e-10
1.64075e-10
1.70289e-10
1.5001e-10
8.15563e-11
1.66703e-10
1.55581e-10
1.25901e-10
1.17196e-10
1.30099e-10
1.65224e-10
1.62431e-10
1.57065e-10
1.35966e-10
1.39948e-10
1.54296e-10
1.53253e-10
1.13013e-10
1.32077e-10
1.3915e-10
1.42604e-10
1.18422e-10
1.70844e-10
1.23842e-10
1.30916e-10
1.65895e-10
1.74357e-10
1.298e-10
1.70162e-10
1.5681e-10
1.37402e-10
1.28762e-10
1.25706e-10
1.11486e-10
1.65438e-10
1.327e-10
1.51273e-10
6.58449e-11
1.47719e-10
1.08017e-10
1.577e-10
1.50934e-10
1.42157e-10
1.72991e-10
1.12331e-10
9.71671e-11
1.52893e-10
1.49574e-10
1.5454e-10
1.63785e-10
1.89268e-10
1.70233e-10
1.11466e-10
1.29733e-10
1.53043e-10
1.32871e-10
1.32542e-10
1.67043e-10
1.65509e-10
1.177e-10
9.48589e-11
1.38921e-10
1.53314e-10
1.16083e-10
1.18698e-10
1.45129e-10
1.99037e-10
1.59932e-10
1.38571e-10
1.60306e-10
1.56773e-10
1.52929e-10
1.48532e-10
1.59755e-10
1.31416e-10
1.56233e-10
1.20219e-10
1.38038e-10
1.66418e-10
1.02992e-10
1.37516e-10
1.36347e-10
1.41595e-10
1.2255e-10
1.63159e-10
9.38752e-11
1.85765e-10
8.08042e-11
1.59581e-10
1.58166e-10
1.73166e-10
1.60016e-10
1.73216e-10
1.04593e-10
1.66285e-10
1.41629e-10
1.77715e-10
1.13441e-10
1.19125e-10
1.65816e-10
1.36073e-10
1.42184e-10
1.20843e-10
1.36824e-10
1.48746e-10
1.59825e-10
1.7197e-10
1.80131e-10
1.28964e-10
1.60789e-10
1.48422e-10
1.54025e-10
1.69861e-10
1.37174e-10
1.44887e-10
1.4145e-10
1.69166e-10
1.45178e-10
1.38959e-10
1.63647e-10
1.82872e-10
1.47753e-10
1.57059e-10
1.306e-10
9.43039e-11
1.18008e-10
1.11721e-10
1.306e-10
1.50056e-10
1.50257e-10
1.70862e-10
1.73971e-10
1.23117e-10
1.31521e-10
1.22159e-10
1.15984e-10
1.64983e-10
1.33099e-10
1.86049e-10
1.56361e-10
1.30089e-10
1.52519e-10
1.60348e-10
1.2964e-10
1.71357e-10
5.64484e-11
1.63801e-10
1.48069e-10
1.58174e-10
1.42916e-10
1.30458e-10
8.86608e-11
1.49087e-10
1.65584e-10
1.15309e-10
1.275e-10
1.55745e-10
1.15599e-10
1.28108e-10
1.35146e-10
1.34477e-10
1.38247e-10
1.15989e-10
1.76025e-10
1.6938e-10
1.53406e-10
1.77667e-10
1.2356e-10
1.0822e-10
1.30176e-10
1.70637e-10
1.63932e-10
1.71725e-10
1.57746e-10
1.08171e-10
1.40884e-10
1.30234e-10
1.3782e-10
1.47533e-10
1.58531e-10
1.51807e-10
1.4414e-10
7.14936e-11
1.5802e-10
1.06514e-10
1.59926e-10
1.86161e-10
1.75786e-10
1.76694e-10
1.46306e-10
1.46451e-10
1.58318e-10
1.58658e-10
1.32673e-10
1.71582e-10
1.83881e-10
1.72953e-10
1.64589e-10
1.59851e-10
4.88034e-11
1.20596e-10
1.50152e-10
1.5767e-10
1.62577e-10
1.3557e-10
9.25641e-11
1.46061e-10
1.06654e-10
9.27853e-11
1.03396e-10
1.27207e-10
1.56155e-10
1.29317e-10
1.04599e-10
1.36587e-10
1.781e-10
7.62171e-11
6.2288e-11
1.297e-10
1.64516e-10
1.78811e-10
1.43045e-10
1.56413e-10
1.69805e-10
1.1729e-10
1.53932e-10
1.22594e-10
1.026e-10
1.35092e-10
1.16313e-10
1.35982e-10
1.24751e-10
1.50243e-10
1.52705e-10
1.79237e-10
1.51062e-10
1.21965e-10
1.46568e-10
9.58061e-11
9.9987e-11
1.6698e-10
1.38933e-10
1.72757e-10
1.6624e-10
1.06531e-10
1.46763e-10
1.17576e-10
1.02608e-10
1.23462e-10
1.78199e-10
1.247e-10
1.71501e-10
1.34506e-10
1.61629e-10
1.58606e-10
1.7646e-10
1.71406e-10
1.60742e-10
1.74148e-10
1.266e-10
1.64051e-10
9.79134e-11
1.3632e-10
1.38057e-10
1.6837e-10
1.25166e-10
1.56e-10
1.60037e-10
1.66894e-10
1.60679e-10
9.93499e-11
1.57322e-10
1.58059e-10
1.67837e-10
1.54841e-10
8.47e-11
1.39434e-10
1.5453e-10
1.67849e-10
1.05506e-10
1.28453e-10
1.26879e-10
1.42465e-10
1.84678e-10
1.428e-10
1.42682e-10
1.6124e-10
1.30534e-10
1.17419e-10
1.32233e-10
1.33186e-10
1.142e-10
1.61498e-10
1.65825e-10
1.4455e-10
1.78964e-10
1.62609e-10
1.02239e-10
1.59582e-10
1.5001e-10
1.10805e-10
1.64317e-10
1.68672e-10
1.30241e-10
1.41766e-10
7.75679e-11
1.60724e-10
1.347e-10
1.21232e-10
1.68854e-10
1.53159e-10
1.34052e-10
1.45831e-10
1.59614e-10
1.16044e-10
1.7065e-10
1.10984e-10
1.44591e-10
1.25184e-10
1.53595e-10
1.59451e-10
1.6337e-10
1.90538e-10
7.655e-11
1.64572e-10
1.50637e-10
1.52707e-10
1.23975e-10
1.07366e-10
1.4656e-10
1.81958e-10
1.4245e-10
1.43014e-10
1.41327e-10
1.59925e-10
1.21866e-10
1.51598e-10
1.12202e-10
1.56313e-10
1.62939e-10
1.53803e-10
1.41428e-10
1.28853e-10
1.6551e-10
1.43235e-10
1.32114e-10
1.59645e-10
1.1285e-10
1.45404e-10
1.47613e-10
1.53808e-10
1.44316e-10
1.72496e-10
1.553e-10
1.69531e-10
1.3785e-10
1.59791e-10
1.53009e-10
1.37844e-10
1.31053e-10
1.5944e-10
1.49055e-10
1.56602e-10
1.7402e-10
1.67943e-10
1.33568e-10
8.90797e-11
1.35226e-10
1.37541e-10
1.22029e-10
1.69157e-10
1.75489e-10
1.60346e-10
1.28044e-10
1.30666e-10
1.49951e-10
1.42632e-10
1.16435e-10
1.48291e-10
1.75298e-10
1.26312e-10
1.27743e-10
1.39944e-10
1.33916e-10
1.60296e-10
1.09831e-10
1.71233e-10
1.78781e-10
1.41837e-10
1.61022e-10
1.50088e-10
1.38062e-10
1.7572e-10
1.21807e-10
1.95532e-10
1.52818e-10
1.55707e-10
1.09408e-10
1.63167e-10
1.57282e-10
1.47864e-10
1.45951e-10
1.65749e-10
1.72699e-10
1.7936e-10
1.60046e-10
5.49331e-11
1.55553e-10
1.53394e-10
1.31049e-10
1.90444e-10
1.4035e-10
1.77746e-10
1.05785e-10
1.4143e-10
1.19556e-10
1.60132e-10
1.91853e-10
1.74712e-10
1.4385e-10
1.54609e-10
1.44211e-10
1.47054e-10
5.76981e-11
1.69859e-10
8.88463e-11
8.58684e-11
1.78969e-10
1.44532e-10
1.2621e-10
1.45138e-10
1.53884e-10
1.70021e-10
1.70083e-10
1.62031e-10
6.405e-11
1.78386e-11
1.55351e-10
1.50871e-10
1.58198e-10
1.51754e-10
1.5462e-10
1.13727e-10
1.3135e-10
1.47633e-10
5.64388e-11
1.59591e-10
5.66471e-11
1.79248e-10
1.52976e-10
1.75137e-10
1.65146e-10
1.50829e-10
1.41853e-10
1.74956e-10
1.57924e-10
1.34377e-10
1.70153e-10
1.42041e-10
1.50367e-10
1.70895e-10
1.51873e-10
1.2533e-10
1.64262e-10
1.31847e-10
1.58795e-10
7.06652e-11
1.57113e-10
1.46586e-10
1.62819e-10
1.36152e-10
1.46577e-10
1.72631e-10
1.34764e-10
1.54374e-10
1.3665e-10
1.88453e-10
9.94658e-11
1.42209e-10
1.56799e-10
1.53539e-10
1.64888e-10
1.80858e-10
1.2895e-10
8.37958e-11
1.38921e-10
3.62114e-11
1.43407e-10
1.53622e-10
1.33739e-10
1.81877e-10
1.65954e-10
6.97489e-11
1.03734e-10
1.5901e-10
1.40071e-10
1.40259e-10
1.47648e-10
6.89072e-11
9.68e-11
1.46564e-10
1.64637e-10
1.30007e-10
1.48626e-10
1.56792e-10
1.03415e-10
1.73686e-10
1.4255e-10
1.44989e-10
1.25446e-10
1.29228e-10
1.24261e-10
1.03178e-10
1.30374e-10
1.90681e-10
1.53843e-10
1.33977e-10
1.43863e-10
1.00423e-10
1.8112e-10
1.53693e-10
1.33423e-10
1.63537e-10
1.53518e-10
1.64463e-10
1.50364e-10
1.43469e-10
3.89292e-11
1.32531e-10
1.59759e-10
1.62251e-10
1.54814e-10
1.05207e-10
1.14573e-10
1.55586e-10
1.33282e-10
1.46051e-10
1.59225e-10
1.4955e-10
1.77307e-10
1.66258e-10
1.47979e-10
1.22749e-10
1.18943e-10
1.37951e-10
1.16229e-10
1.33076e-10
1.72444e-10
1.34671e-10
1.39877e-10
6.94429e-11
1.60395e-10
1.3993e-10
1.66739e-10
1.77806e-10
1.69026e-10
1.60594e-10
1.72024e-10
1.66892e-10
8.14081e-11
1.19613e-10
1.86344e-10
1.27788e-10
1.73653e-10
8.03653e-11
1.5168e-10
1.61048e-10
1.44992e-10
5.05827e-11
1.51937e-10
1.75341e-10
1.78879e-10
9.99128e-11
1.52389e-10
1.43607e-10
1.41764e-10
9.64519e-11
7.73673e-11
1.50838e-10
1.73941e-10
1.73987e-10
9.97183e-11
1.53574e-10
1.36262e-10
1.05995e-10
1.80231e-10
1.61911e-10
1.391e-10
1.85145e-10
1.40716e-10
1.05184e-10
1.54507e-10
1.18864e-10
1.85525e-10
1.61166e-10
1.81422e-10
1.77368e-10
1.13309e-10
1.40854e-10
1.3361e-10
1.37694e-10
1.63592e-10
1.67618e-10
1.36e-10
1.5437e-10
1.71408e-10
1.73481e-10
1.62472e-10
1.17466e-10
1.62713e-10
1.15842e-10
1.61292e-10
6.56847e-11
1.27279e-10
1.18801e-10
1.41907e-10
1.37403e-10
1.20265e-10
1.70128e-10
1.86946e-10
1.5445e-10
1.66969e-10
4.1335e-11
1.33052e-10
8.63974e-11
1.36039e-10
1.59441e-10
1.45581e-10
1.38499e-10
1.5536e-10
5.3545e-11
1.41984e-10
1.35159e-10
1.54285e-10
9.43836e-11
1.2155e-10
1.58499e-10
1.36303e-10
8.41992e-11
1.60226e-10
1.31853e-10
1.25461e-10
1.53929e-10
1.64745e-10
1.44966e-10
1.37797e-10
1.2962e-10
9.1187e-11
1.49078e-10
1.40175e-10
1.09428e-10
1.72455e-10
1.07533e-10
1.6219e-10
1.52036e-10
1.19926e-10
1.56967e-10
1.35103e-10
1.62216e-10
1.45397e-10
1.0636e-10
1.11537e-10
1.5692e-10
1.51933e-10
1.69898e-10
1.01961e-10
1.3356e-10
1.096e-10
1.49485e-10
1.50531e-10
1.59287e-10
1.48371e-10
1.63509e-10
9.33116e-11
1.31414e-10
1.089e-10
1.07407e-10
1.42233e-10
1.26678e-10
1.51898e-10
8.83637e-11
1.60888e-10
1.84892e-10
4.54591e-71
1.56389e-10
1.57325e-10
2.89073e-11
1.59436e-10
1.16837e-10
1.76992e-10
1.5292e-10
1.6204e-10
1.0796e-10
1.29606e-10
1.34471e-10
1.52914e-10
5.67122e-11
1.38085e-10
1.9367e-10
1.55362e-10
1.70061e-10
9.12229e-11
1.24595e-10
1.42173e-10
1.64452e-10
1.57796e-10
1.41266e-10
1.69757e-10
1.02419e-10
1.63334e-10
1.6153e-10
1.12028e-10
1.35616e-10
7.68435e-11
1.43922e-10
1.6187e-10
1.07926e-10
2.1396e-11
1.64084e-10
1.38176e-10
7.16364e-11
1.40975e-10
9.70513e-11
1.3195e-10
1.54128e-10
1.27825e-10
1.47325e-10
1.64833e-10
1.38754e-10
1.9778e-10
1.40425e-10
1.51367e-10
1.53384e-10
1.29173e-10
1.71467e-10
1.14938e-10
1.55521e-10
1.32642e-10
1.4494e-10
1.71434e-10
1.44336e-10
1.7374e-10
1.52351e-10
1.25641e-10
6.94394e-11
1.58338e-10
1.47773e-10
1.55921e-10
1.64306e-10
5.79768e-11
1.5926e-10
1.51531e-10
1.53451e-10
5.7813e-11
1.34186e-10
1.70015e-10
1.44444e-10
1.5552e-10
1.33291e-10
1.80952e-10
5.19408e-11
9.18809e-11
1.24504e-10
1.71092e-10
1.50535e-10
1.40833e-10
1.7398e-10
1.48571e-10
1.52887e-10
1.54609e-10
1.16824e-10
1.50718e-10
1.24886e-10
1.61317e-10
9.13269e-11
1.57571e-10
1.63981e-10
1.79101e-10
1.81692e-10
1.0115e-10
1.70492e-10
1.21829e-10
1.49994e-10
9.69173e-11
1.36811e-10
1.07906e-10
9.14932e-11
1.405e-10
1.70518e-10
1.63812e-10
1.04231e-10
1.67977e-10
4.74422e-11
1.46247e-10
1.32657e-10
1.55816e-10
1.5945e-10
1.31985e-10
1.31904e-10
1.61971e-10
1.41604e-10
1.35152e-10
8.4027e-11
1.7839e-10
1.52054e-10
6.92181e-11
6.82117e-11
7.15925e-11
1.59207e-10
1.45202e-10
1.26975e-10
1.1885e-10
1.16741e-10
1.56631e-10
1.37111e-10
1.0359e-10
1.48933e-10
1.51525e-10
1.02631e-10
1.7272e-10
7.06773e-12
1.50962e-10
1.11904e-10
1.7872e-10
1.12859e-10
1.08207e-10
1.85696e-10
1.244e-10
1.84694e-10
1.308e-10
1.4275e-10
1.54132e-10
8.20912e-11
1.41818e-10
1.28702e-10
9.745e-11
1.55195e-10
7.27149e-11
8.67124e-11
1.75191e-10
1.06942e-10
1.74723e-10
1.68969e-10
1.1995e-10
1.61074e-10
1.66437e-10
1.65733e-10
1.1593e-10
1.55214e-10
9.23617e-11
1.23187e-10
1.53725e-10
1.60613e-10
1.38209e-10
1.02929e-10
1.53517e-10
9.24689e-11
1.12622e-10
1.82431e-10
1.86548e-10
1.47093e-10
1.70719e-10
1.57549e-10
6.3654e-11
1.40282e-10
1.17377e-10
1.82161e-10
1.7295e-10
1.14299e-10
1.51775e-10
1.42211e-10
1.51901e-10
1.4754e-10
1.33724e-10
1.76285e-10
1.6972e-10
1.11362e-10
1.2918e-10
4.12344e-11
1.62152e-10
1.51643e-10
1.76914e-10
1.27276e-10
1.61545e-10
1.77948e-10
1.38201e-10
1.13533e-10
1.56655e-10
1.49393e-10
1.15096e-10
1.88301e-10
1.0555e-10
1.54189e-10
1.4328e-10
8.55333e-11
6.13426e-11
1.82374e-10
1.35804e-10
1.52707e-10
1.60369e-10
1.59356e-10
1.52666e-10
1.35629e-10
1.61995e-10
1.72199e-10
1.67762e-10
1.54157e-10
1.2595e-10
1.37309e-10
1.32183e-10
1.09385e-10
1.49368e-10
1.55772e-10
1.45145e-10
1.53836e-10
1.76416e-10
1.65489e-10
8.29072e-11
1.62095e-10
1.19156e-10
1.4392e-10
1.6561e-10
1.78494e-10
1.52568e-10
1.29025e-10
1.59637e-10
1.35151e-10
1.50117e-10
1.55066e-10
1.74937e-10
1.67906e-10
1.47165e-10
1.30238e-10
1.54632e-10
1.41769e-10
8.9309e-11
1.44694e-10
1.69364e-10
2.02821e-10
1.63081e-10
1.01044e-10
1.68307e-10
9.1638e-11
1.62754e-10
6.97128e-11
1.45383e-10
1.67469e-10
1.55227e-10
1.34361e-10
8.79401e-11
1.16379e-10
1.66256e-10
8.57273e-11
1.53884e-10
1.85537e-10
1.382e-10
1.78522e-10
1.17432e-10
1.58249e-10
1.49731e-10
9.51396e-11
1.53104e-10
1.49697e-10
1.73238e-10
1.28669e-10
1.39164e-10
1.30501e-10
8.11507e-11
1.04524e-10
1.17578e-10
7.21283e-11
1.66434e-10
1.44102e-10
9.0953e-11
1.7578e-10
1.51331e-10
1.36284e-10
1.33113e-10
1.86877e-10
1.55172e-10
1.51506e-10
8.64439e-11
1.19704e-10
1.44713e-10
1.6099e-10
1.77819e-10
1.38462e-10
1.365e-10
1.40447e-10
1.44104e-10
1.6217e-10
7.52846e-11
1.51357e-10
1.00845e-10
1.63004e-10
1.52941e-10
1.40634e-10
1.57087e-10
5.65968e-11
1.25053e-10
1.61861e-10
1.54063e-10
6.37089e-11
1.364e-10
1.12182e-10
1.3061e-10
1.55812e-10
1.52554e-10
7.55055e-11
1.03139e-10
1.51958e-10
1.3375e-10
1.54589e-10
1.18517e-10
1.37537e-10
1.34248e-10
8.22113e-11
1.44955e-10
1.5598e-10
1.02e-10
1.72192e-10
1.4528e-10
1.23759e-10
9.36909e-11
1.59109e-10
7.48623e-11
1.78124e-10
1.79523e-10
1.29921e-10
1.74029e-10
1.71137e-10
7.33685e-11
1.45086e-10
1.14535e-10
1.70025e-10
1.70027e-10
1.12102e-10
1.53424e-10
1.16405e-10
1.11957e-10
1.23213e-10
1.54685e-10
1.59678e-10
1.65225e-10
6.95668e-11
1.55493e-10
1.50453e-10
1.11889e-10
1.18504e-10
1.85873e-10
1.92522e-10
1.2395e-10
1.64452e-10
1.3268e-10
1.43228e-10
1.21963e-10
1.32583e-10
1.15171e-10
1.39188e-10
1.2695e-10
1.49966e-10
1.63794e-10
1.41283e-10
1.40624e-10
7.49937e-11
1.77083e-10
1.72904e-10
1.346e-10
1.72474e-10
1.34668e-10
6.53568e-11
1.3502e-10
1.56037e-10
1.16321e-10
1.10655e-10
1.51961e-10
1.23416e-10
1.38737e-10
1.34738e-10
1.71326e-10
1.68822e-10
1.31549e-10
1.04022e-10
1.75114e-10
1.53372e-10
1.73465e-10
1.18565e-10
1.49619e-10
1.63375e-10
1.44353e-10
1.25975e-10
1.67623e-10
1.10314e-10
1.42538e-10
1.61023e-10
1.20143e-10
1.6339e-10
1.67496e-10
1.6985e-10
1.73218e-10
1.66877e-10
1.40514e-10
1.51733e-10
1.45586e-10
1.50435e-10
1.17811e-10
1.36023e-10
1.1995e-10
1.71407e-10
1.61424e-10
1.3272e-10
1.52869e-10
1.25774e-10
1.73313e-10
1.91182e-10
1.69521e-10
1.6043e-10
1.45257e-10
1.26677e-10
1.15478e-10
1.8461e-10
1.41008e-10
1.81503e-10
1.77446e-10
1.32622e-10
1.12587e-10
1.58018e-10
1.43464e-10
5.52644e-11
1.34679e-10
1.56583e-10
1.39e-10
1.48351e-10
1.552e-10
1.55648e-10
1.61309e-10
1.82011e-10
1.5712e-10
1.83319e-10
1.3125e-10
1.40679e-10
1.21155e-10
1.39832e-10
1.03371e-10
1.29986e-10
1.06704e-10
1.7531e-10
1.88648e-10
1.30512e-10
1.40958e-10
1.48868e-10
1.37341e-10
1.59789e-10
1.42589e-10
1.52914e-10
1.74523e-10
1.7842e-10
1.59141e-10
1.16769e-10
1.71302e-10
1.53435e-10
1.51019e-10
1.62885e-10
1.56387e-10
1.34873e-10
6.16092e-11
1.63194e-10
1.35989e-10
1.4271e-10
1.52906e-10
1.51618e-10
1.50118e-10
1.21312e-10
1.67553e-10
1.51425e-10
1.73009e-10
1.16733e-10
1.50683e-10
1.71123e-10
1.379e-10
1.40099e-10
1.21137e-10
1.42623e-10
1.49865e-10
1.36602e-10
1.54389e-10
1.77846e-10
1.222e-10
1.66945e-10
1.46346e-10
9.98466e-11
1.53513e-10
1.27598e-10
1.87254e-10
1.81399e-10
1.77616e-10
1.41217e-10
1.79558e-10
1.28206e-10
1.58334e-10
1.57401e-10
1.40839e-10
1.41705e-10
1.4e-10
1.66222e-10
1.64769e-10
1.53257e-10
1.45635e-10
1.52625e-10
1.61532e-10
1.00968e-10
1.54278e-10
1.48246e-10
9.51768e-11
8.22558e-11
1.56479e-10
1.33427e-10
1.01157e-10
1.45444e-10
1.51198e-10
1.41629e-10
1.24216e-10
1.37463e-10
1.10472e-10
1.33748e-10
8.98534e-11
1.83427e-10
1.372e-10
1.38455e-10
1.41306e-10
1.34273e-10
8.99333e-11
1.50914e-10
1.68069e-10
1.28739e-10
1.3585e-10
1.18327e-10
4.23277e-11
1.47865e-10
1.0717e-10
1.58807e-10
1.20932e-10
1.95508e-10
1.674e-10
1.16266e-10
1.13249e-10
1.80342e-10
1.46143e-10
4.7769e-11
1.54577e-10
1.51778e-10
1.406e-10
1.52936e-10
1.18677e-10
1.46485e-10
5.04239e-11
1.4223e-10
1.48918e-10
1.24868e-10
1.61737e-10
1.13772e-10
1.47189e-10
1.30445e-10
1.48573e-10
1.35159e-10
9.24729e-11
1.31151e-10
1.47374e-10
1.17873e-10
1.71422e-10
1.60457e-10
1.23798e-10
1.40328e-10
1.5992e-10
1.68625e-10
1.3355e-10
1.24243e-10
1.25482e-10
1.5671e-10
1.07306e-10
1.42703e-10
1.45171e-10
1.35907e-10
1.56514e-10
1.51455e-10
1.74445e-10
1.58243e-10
1.48176e-10
1.62359e-10
1.15035e-10
1.61365e-10
1.80638e-10
1.09057e-10
1.46929e-10
1.31994e-10
3.92222e-11
1.53428e-10
1.54936e-10
7.54929e-11
1.2985e-10
1.52256e-10
1.02123e-10
1.34145e-10
1.54596e-10
1.26366e-10
1.7301e-10
1.00177e-10
1.64971e-10
1.81079e-10
1.16277e-10
1.16223e-10
1.5867e-10
7.14719e-11
1.72845e-10
1.72098e-10
1.80243e-10
1.32397e-10
1.14609e-10
1.21598e-10
1.57482e-10
1.24835e-10
1.59195e-10
1.45659e-10
9.72e-11
1.46177e-10
1.56616e-10
1.22491e-10
1.04894e-10
1.18626e-10
1.30095e-10
1.57752e-10
8.55e-11
1.56942e-10
1.41892e-10
1.63506e-10
1.50214e-10
1.75785e-10
1.26498e-10
1.80896e-10
1.73563e-10
6.38133e-11
1.29422e-10
8.96543e-11
1.5644e-10
1.55729e-10
5.69102e-11
1.06944e-10
1.49273e-10
1.51878e-10
4.86487e-11
1.35846e-10
1.01636e-10
1.45409e-10
1.51383e-10
1.73268e-10
1.0495e-10
1.3981e-10
1.37392e-10
1.07771e-10
1.29253e-10
1.05547e-10
1.69393e-10
1.36742e-10
1.7792e-10
1.23275e-10
1.60198e-10
1.72427e-10
1.67436e-10
1.58781e-10
1.60732e-10
1.72154e-10
1.407e-10
1.5443e-10
1.36799e-10
1.41352e-10
1.0181e-10
1.23879e-10
1.57493e-10
1.79051e-10
1.401e-10
1.41465e-10
1.58619e-10
1.3202e-10
1.29016e-10
1.57954e-10
1.37678e-10
1.50391e-10
1.69218e-10
1.19193e-10
1.67664e-10
1.66812e-10
1.26517e-10
1.46975e-10
1.73742e-10
1.38321e-10
1.60058e-10
9.33622e-11
1.15223e-10
1.81493e-10
1.54599e-10
1.66845e-10
1.56643e-10
1.76033e-10
1.52725e-10
1.48863e-10
8.23115e-11
1.63467e-10
1.47225e-10
1.4251e-10
1.42924e-10
1.15659e-10
1.3395e-10
1.47206e-10
1.55535e-10
1.28224e-10
1.5194e-10
1.44396e-10
8.95527e-11
1.78902e-10
1.78544e-10
1.26336e-10
1.43292e-10
1.30255e-10
7.12784e-11
1.47263e-10
1.70424e-10
1.36339e-10
1.75697e-10
1.62666e-10
1.50252e-10
1.61901e-10
5.35876e-11
1.47076e-10
1.52008e-10
1.87793e-10
1.59375e-10
1.18351e-10
1.26883e-10
1.60082e-10
1.54425e-10
1.88961e-10
1.3755e-10
1.09513e-10
1.60162e-10
1.41105e-10
1.56581e-10
9.54595e-11
1.28124e-10
1.43488e-10
1.42604e-10
1.56784e-10
1.292e-10
1.22784e-10
1.49759e-10
7.69927e-11
1.542e-10
7.15276e-11
1.67938e-10
1.23725e-10
1.66959e-10
1.0628e-10
1.42989e-10
1.58948e-10
1.21516e-10
1.77742e-10
1.35798e-10
9.55331e-11
1.5699e-10
1.37718e-10
1.40799e-10
1.1357e-10
1.53525e-10
1.48939e-10
1.40148e-10
1.18877e-10
1.663e-10
1.78768e-10
1.51206e-10
1.70243e-10
1.46115e-10
1.77171e-10
1.59354e-10
1.74752e-10
1.4135e-10
1.62848e-10
1.61356e-10
1.41458e-10
1.41153e-10
1.52351e-10
1.62963e-10
1.51697e-10
1.76235e-10
1.13317e-10
1.49966e-10
1.0952e-10
1.62944e-10
1.52481e-10
1.10586e-10
1.87405e-10
1.61016e-10
1.58e-10
1.24685e-10
1.7203e-10
9.45459e-11
1.70031e-10
1.24429e-10
1.81001e-10
4.41041e-70
9.13656e-11
1.53499e-10
8.3671e-11
1.38187e-10
4.75306e-11
1.46375e-10
1.44443e-10
1.77865e-10
1.27348e-10
1.1093e-10
1.53619e-10
1.37641e-10
1.74345e-10
1.41135e-10
1.70038e-10
1.3965e-10
1.16081e-10
1.67196e-10
1.57177e-10
1.36221e-10
1.45352e-10
1.49224e-10
1.54925e-10
1.59332e-10
1.66722e-10
1.4874e-10
1.1012e-10
6.23828e-11
1.74732e-10
1.09568e-10
1.76736e-10
1.159e-10
1.74375e-10
5.86896e-11
1.56244e-10
9.76855e-11
1.48613e-10
1.59022e-10
1.74401e-10
1.1535e-10
1.11616e-10
1.2681e-10
7.2835e-11
9.57114e-11
8.58576e-11
1.69381e-10
1.90405e-10
1.199e-10
1.86351e-10
1.51879e-10
1.69703e-10
1.22943e-10
8.7961e-11
1.42232e-10
1.09832e-10
1.2645e-10
1.54649e-10
1.24157e-10
1.43755e-10
1.4382e-10
1.69213e-10
1.26939e-10
1.78115e-10
1.6857e-10
1.54878e-10
1.47311e-10
1.44459e-10
1.00486e-10
1.85148e-10
1.56848e-10
1.27435e-10
1.174e-10
7.26787e-11
1.0465e-10
1.70446e-10
1.34223e-10
1.1314e-10
1.14579e-10
1.78784e-10
1.48622e-10
1.50876e-10
1.15334e-10
1.63988e-10
8.72811e-11
1.61124e-10
1.86938e-10
1.07983e-10
1.0945e-10
1.64762e-10
1.29213e-10
1.16652e-10
1.65215e-10
1.074e-10
1.01897e-10
1.63854e-10
1.70377e-10
1.66021e-10
1.32313e-10
1.59861e-10
1.43396e-10
1.83244e-10
1.73961e-10
1.64057e-10
1.50857e-10
1.40181e-10
1.48961e-10
1.70166e-10
1.13738e-10
1.4833e-10
1.74425e-10
1.32302e-10
1.68871e-10
1.5977e-10
1.48942e-10
1.01714e-10
1.56418e-10
1.69372e-10
1.7385e-10
1.50499e-10
1.337e-10
1.66255e-10
1.37312e-10
4.63135e-11
1.60686e-10
1.51956e-10
9.88116e-11
1.42255e-10
1.62394e-10
1.45916e-10
1.50409e-10
1.29223e-10
9.64623e-11
1.37724e-10
1.50173e-10
1.52369e-10
1.5743e-10
1.6929e-10
1.81145e-10
1.22567e-10
1.76977e-10
1.79181e-10
1.44478e-10
1.69064e-10
1.58712e-10
1.60088e-10
1.55191e-10
1.61489e-10
1.49824e-10
1.20404e-10
1.83908e-10
1.71511e-10
1.65954e-10
1.3884e-10
1.23144e-10
1.32445e-10
1.17847e-10
1.42501e-10
1.42917e-10
1.56536e-10
1.56514e-10
6.57521e-11
1.52977e-10
1.45651e-10
1.52009e-10
1.2636e-10
1.27687e-10
5.16287e-11
1.50544e-10
1.22904e-10
9.31842e-11
3.30379e-11
1.51234e-10
1.66966e-10
1.81281e-10
1.9521e-10
1.73543e-10
1.59822e-10
1.58225e-10
6.33296e-11
1.47201e-10
1.44905e-10
1.38278e-10
1.03132e-10
1.61135e-10
1.40015e-10
1.00012e-10
1.35073e-10
1.72765e-10
9.52725e-11
1.67634e-10
1.11522e-10
1.72772e-10
8.84848e-11
1.68047e-10
1.50927e-10
1.79624e-10
1.07228e-10
1.14427e-10
1.37495e-10
1.67651e-10
1.68998e-10
1.59321e-10
1.28487e-10
8.83189e-11
1.64217e-10
1.81529e-10
1.75151e-10
1.85059e-10
1.61164e-10
1.11331e-10
1.24077e-10
1.65684e-10
1.67534e-10
9.45872e-11
2.06147e-10
1.50925e-10
9.52276e-11
1.48733e-10
1.69299e-10
1.5073e-10
1.19068e-10
1.56227e-10
1.36945e-10
1.3525e-10
1.74684e-10
1.01275e-10
1.53626e-10
1.63607e-10
5.73224e-11
1.75238e-10
7.01888e-11
1.83232e-10
1.71022e-10
1.62039e-10
9.82149e-11
1.01666e-10
1.34463e-10
1.62341e-10
1.42394e-10
1.2815e-10
1.67987e-10
1.54492e-10
1.13508e-10
9.52208e-11
1.20898e-10
1.43146e-10
1.24366e-10
1.82829e-10
9.14217e-11
1.44245e-10
1.19675e-10
1.38936e-10
9.15759e-11
6.25836e-11
1.11444e-10
1.72793e-10
1.44755e-10
9.55872e-11
2.8877e-11
1.29103e-10
1.66205e-10
1.6123e-10
1.43858e-10
1.54925e-10
1.62118e-10
1.64435e-10
9.82443e-11
1.39796e-10
1.42479e-10
1.62933e-10
1.67963e-10
1.50189e-10
1.4536e-10
1.18241e-10
1.65072e-10
1.4405e-10
1.08198e-10
1.60775e-10
1.36162e-10
1.71913e-10
1.70238e-10
1.53092e-10
1.52345e-10
1.30096e-10
1.15704e-10
1.42982e-10
1.52657e-10
1.3965e-10
1.53635e-10
1.60298e-10
1.44236e-10
1.1407e-10
1.28813e-10
1.74446e-10
1.04278e-10
1.368e-10
1.53593e-10
1.51071e-10
1.49422e-10
1.67954e-10
1.66183e-10
1.74175e-10
1.32779e-10
1.82449e-10
1.53946e-10
1.38207e-10
1.54157e-10
9.90726e-11
9.50918e-11
1.64625e-10
1.98107e-10
1.67623e-10
1.2587e-10
1.87198e-10
1.33552e-10
1.77769e-10
1.65465e-10
1.64531e-10
1.62937e-10
1.387e-10
1.56335e-10
1.3741e-10
1.06265e-10
1.35441e-10
1.53922e-10
1.08477e-10
1.96808e-10
1.82498e-10
1.28481e-10
1.4396e-10
1.47285e-10
1.03257e-10
1.47872e-10
1.47401e-10
1.82322e-10
1.77769e-10
1.23248e-10
1.46072e-10
1.42583e-10
9.89354e-11
1.31908e-10
1.80963e-10
1.17739e-10
1.9006e-10
1.51743e-10
8.47743e-11
1.2099e-10
1.48772e-10
1.45856e-10
1.28759e-10
1.69066e-10
1.79854e-10
1.15809e-10
1.18167e-10
1.60456e-10
1.46497e-10
1.46271e-10
1.68001e-10
1.62435e-10
1.61756e-10
1.56434e-10
1.63385e-10
1.42967e-10
9.96712e-11
1.66945e-10
1.36256e-10
1.91845e-10
1.70496e-10
1.69477e-10
1.60453e-10
1.1658e-10
1.4322e-10
1.42948e-10
1.32523e-10
1.80335e-10
1.65178e-10
1.35995e-10
1.31795e-10
1.55163e-10
6.77896e-11
1.2958e-10
1.28242e-10
1.18681e-10
1.3435e-10
1.47264e-10
7.03197e-11
4.77399e-11
4.78524e-11
1.70326e-10
1.30184e-10
1.66496e-10
1.37e-10
1.38656e-10
5.75668e-11
1.28081e-10
8.252e-11
1.43326e-10
7.98284e-11
1.68664e-10
1.34e-10
1.30097e-10
5.51867e-11
1.43668e-10
1.34036e-10
4.21326e-11
1.40322e-10
1.55994e-10
1.7476e-10
9.9838e-11
1.30731e-10
1.47988e-10
1.44084e-10
1.36126e-10
7.29343e-11
1.3405e-10
1.63135e-10
1.92388e-10
9.90818e-11
1.31634e-10
1.22865e-10
1.63353e-10
1.43363e-10
1.37444e-10
1.401e-10
1.38742e-10
1.56434e-10
1.41331e-10
1.18365e-10
1.72536e-10
1.55702e-10
1.40693e-10
9.23e-11
1.25958e-10
1.25262e-10
1.15614e-10
1.43723e-10
7.02753e-11
5.68326e-11
1.1226e-10
1.3185e-10
1.35092e-10
1.48556e-10
1.42366e-10
7.12994e-11
1.29124e-10
1.40453e-10
1.58922e-10
1.79118e-10
9.34455e-11
1.42182e-10
1.4571e-10
1.73792e-10
1.4692e-10
1.28503e-10
1.76392e-10
1.5396e-10
1.98046e-10
1.46415e-10
1.12722e-10
1.23429e-10
5.7868e-11
1.62342e-10
1.63815e-10
1.52251e-10
1.69593e-10
1.38081e-10
1.63849e-10
1.0198e-10
1.60876e-10
1.51381e-10
6.95857e-11
1.391e-10
1.17251e-10
5.31471e-11
1.35253e-10
1.52333e-10
1.48982e-10
1.75035e-10
1.91149e-10
2.415e-11
1.41902e-10
8.82765e-11
1.29184e-10
1.4923e-10
1.35571e-10
1.07827e-10
1.71783e-10
8.84e-11
9.07881e-11
1.59506e-10
1.60257e-10
1.2199e-10
1.42004e-10
1.45e-10
1.20839e-10
1.65508e-10
1.11799e-10
1.5741e-10
1.19367e-10
4.19015e-11
1.13867e-10
1.80748e-10
1.68063e-10
1.6909e-10
1.61996e-10
1.57714e-10
1.85233e-10
1.45286e-10
1.67493e-10
1.48468e-10
1.54691e-10
1.51732e-10
1.24198e-10
1.41107e-10
1.41765e-10
4.91885e-11
8.61095e-11
9.19834e-11
1.21859e-10
1.2945e-10
1.66397e-10
1.09277e-10
1.2984e-10
1.56338e-10
1.21394e-10
1.16525e-10
1.06812e-10
1.59527e-10
1.2682e-10
1.38154e-10
1.37406e-10
9.59908e-11
1.72815e-10
1.44177e-10
1.07586e-10
1.51961e-10
1.35513e-10
1.61362e-10
1.23927e-10
1.18839e-10
1.56464e-10
1.03969e-10
1.63122e-10
1.91454e-10
1.67231e-10
1.50553e-10
1.47754e-10
1.27261e-10
1.76694e-10
1.26978e-10
1.74052e-10
1.81487e-10
1.81223e-10
1.62338e-10
1.19738e-10
1.35263e-10
1.70909e-10
1.53355e-10
1.45792e-10
1.50189e-10
6.60889e-11
1.51039e-10
1.15381e-10
1.24657e-10
1.56369e-10
1.85555e-10
1.7616e-10
1.386e-10
1.72046e-10
1.70089e-10
1.47187e-10
1.58217e-10
1.56352e-10
1.47322e-10
1.58231e-10
1.515e-10
1.40032e-10
9.90718e-11
1.34088e-10
1.48458e-10
1.40527e-10
1.43255e-10
1.31866e-10
1.62522e-10
1.83031e-10
1.25902e-10
1.28751e-10
1.31284e-10
1.34158e-10
1.48768e-10
1.92652e-10
1.72845e-10
7.56274e-11
1.39025e-10
1.74335e-10
1.40663e-10
1.60421e-10
1.44097e-10
1.54626e-10
1.092e-10
1.128e-10
1.6134e-10
1.60062e-10
1.28573e-10
1.08148e-10
1.36297e-10
1.8365e-10
1.83451e-10
1.40915e-10
1.86084e-10
1.67798e-10
1.45438e-10
1.44333e-10
1.59307e-10
1.86232e-10
1.60451e-10
1.29806e-10
7.82215e-11
1.23984e-10
1.42287e-10
1.52379e-10
1.63249e-10
1.82676e-10
1.52378e-10
1.57208e-10
1.56373e-10
1.40009e-10
1.48987e-10
1.47209e-10
1.63258e-10
1.33632e-10
1.73493e-10
1.6589e-10
1.66993e-10
1.10917e-10
1.516e-10
1.72076e-10
1.60663e-10
1.61324e-10
1.57211e-10
1.72455e-10
1.46933e-10
1.35164e-10
1.19555e-10
1.67355e-10
1.68018e-10
1.8416e-10
1.5571e-10
1.36503e-10
6.63737e-11
1.65645e-10
1.25519e-10
1.70162e-10
1.70732e-10
1.717e-10
1.5001e-10
1.22649e-10
1.35541e-10
1.20873e-10
1.62177e-10
1.56573e-10
1.60968e-10
1.45264e-10
1.242e-10
1.4278e-10
1.3255e-10
1.28467e-10
1.59557e-10
1.00364e-10
8.37567e-11
1.53116e-10
1.142e-10
1.40041e-10
1.53357e-10
1.34335e-10
9.91402e-11
9.52756e-11
1.34979e-10
1.87901e-10
1.48308e-10
1.22756e-10
1.68845e-10
1.58806e-10
1.32893e-10
1.3251e-10
8.45127e-11
1.81439e-10
1.7567e-10
1.50055e-10
1.54814e-10
9.73974e-11
1.83031e-10
1.48647e-10
1.51549e-10
1.75704e-10
1.52251e-10
1.56237e-10
2.42496e-11
1.71842e-10
1.5039e-10
1.39356e-10
1.61664e-10
1.67227e-10
1.663e-10
1.63482e-10
1.07726e-10
1.36551e-10
1.35396e-10
1.73176e-10
1.57269e-10
1.4863e-10
1.69077e-10
1.70692e-10
1.46466e-10
1.62879e-10
1.33286e-10
1.30768e-10
1.73017e-10
1.05184e-10
1.66713e-10
1.64638e-10
1.24178e-10
1.35155e-10
1.29143e-10
1.23318e-10
1.60551e-10
1.42009e-10
1.134e-10
1.4576e-10
1.67955e-10
1.53925e-10
1.08949e-10
1.56739e-10
1.53629e-10
1.39808e-10
1.7558e-10
1.20991e-10
1.37308e-10
1.41629e-10
1.69561e-10
1.73941e-10
1.74591e-10
1.76211e-10
1.56816e-10
1.51983e-10
2.48712e-11
1.54834e-10
1.49517e-10
1.3166e-10
1.5843e-10
1.89543e-10
1.67414e-10
1.05576e-10
1.20247e-10
1.37031e-10
1.01934e-10
1.50309e-10
1.79939e-10
1.54609e-10
1.54047e-10
1.31355e-10
1.25602e-10
1.36693e-10
1.21994e-10
1.3251e-10
1.58938e-10
1.63553e-10
1.1205e-10
1.61145e-10
1.64116e-10
1.51705e-10
1.15456e-10
1.19902e-10
1.78705e-10
1.07741e-10
1.69596e-10
1.37028e-10
1.42547e-10
1.30054e-10
4.5783e-11
1.7094e-10
1.6502e-10
1.04107e-10
1.81546e-10
1.56299e-10
1.49498e-10
1.43276e-10
6.89907e-11
1.39471e-10
1.40582e-10
1.60218e-10
1.3815e-10
3.61053e-11
1.65624e-10
1.62212e-10
1.58239e-10
1.50111e-10
1.12055e-10
1.75699e-10
1.49235e-10
1.67307e-10
1.57355e-10
1.10629e-10
1.30563e-10
1.34785e-10
1.33133e-10
1.00872e-10
1.63468e-10
1.51337e-10
1.4951e-10
1.72799e-10
1.03621e-10
1.15782e-10
1.67305e-10
1.62714e-10
1.271e-10
1.33179e-10
1.67455e-10
7.72096e-11
1.07746e-10
1.60245e-10
1.76288e-10
1.63187e-10
1.6204e-10
1.5257e-10
1.74766e-10
1.64286e-10
9.74749e-11
1.38114e-10
1.06916e-10
1.7893e-10
1.377e-10
1.62225e-10
1.33399e-10
1.51483e-10
1.19128e-10
1.5084e-10
1.56916e-10
1.82713e-10
1.5821e-10
1.75594e-10
1.65744e-10
1.52909e-10
1.1365e-10
1.15533e-10
1.4275e-10
1.1694e-10
1.52599e-10
1.34517e-10
1.25384e-10
1.11096e-10
5.64425e-11
1.3469e-10
9.02295e-11
1.58197e-10
1.237e-10
1.53235e-10
1.19964e-10
1.47739e-10
1.55112e-10
1.47073e-10
1.37685e-10
1.49252e-10
1.6468e-10
1.34638e-10
1.49136e-10
1.38643e-10
1.34144e-10
1.37389e-10
1.4397e-10
1.83602e-10
1.65476e-10
1.31391e-10
1.58173e-10
1.81999e-10
1.36425e-10
1.26985e-10
1.13878e-10
1.39676e-10
1.3085e-10
1.73516e-10
5.23883e-11
1.05504e-10
1.31682e-10
1.36345e-10
1.27832e-10
1.53101e-10
1.61679e-10
1.53862e-10
8.77005e-11
1.73253e-10
1.60402e-10
1.18747e-10
1.51084e-10
1.68798e-10
1.71411e-10
1.42969e-10
1.36066e-10
1.51752e-10
1.05546e-10
1.30969e-10
1.50987e-10
1.1799e-10
