1.87976e-10
1.87119e-10
1.73407e-10
2.03411e-10
2.1377e-10
1.92075e-10
1.84177e-10
1.77693e-10
1.95395e-10
1.63756e-10
2.24216e-10
1.96902e-10
1.33645e-10
1.81908e-10
2.39312e-10
2.17201e-10
1.77589e-10
1.7836e-10
1.37999e-10
1.76711e-10
1.83051e-10
2.18269e-10
2.11183e-10
1.54264e-10
1.99233e-10
2.22484e-10
1.86173e-10
1.87145e-10
9.276e-11
2.16543e-10
1.68142e-10
1.9429e-10
2.09392e-10
1.99844e-10
2.11137e-10
1.78804e-10
2.00726e-10
1.9113e-10
2.25411e-10
1.937e-10
1.88652e-10
1.88854e-10
1.84298e-10
2.03345e-10
2.11958e-10
2.2696e-10
2.04919e-10
1.54999e-10
1.8684e-10
2.14342e-10
1.89762e-10
1.11748e-10
1.91388e-10
1.8367e-10
1.77592e-10
2.04956e-10
1.81949e-10
1.82663e-10
1.76459e-10
1.96281e-10
2.00227e-10
1.92729e-10
2.27355e-10
2.28225e-10
2.21425e-10
2.17601e-10
2.01605e-10
1.45602e-10
2.18217e-10
2.04063e-10
1.99309e-10
2.27228e-10
2.13459e-10
2.07766e-10
1.91749e-10
1.73467e-10
1.8344e-10
1.42918e-10
2.02839e-10
2.13943e-10
2.15484e-10
2.15629e-10
1.14051e-10
1.55346e-10
2.12109e-10
1.19015e-10
2.08298e-10
1.646e-10
2.11338e-10
2.06909e-10
2.00579e-10
2.04935e-10
1.63655e-10
1.92896e-10
1.78895e-10
2.45788e-10
1.90977e-10
1.93891e-10
1.22695e-10
1.7873e-10
2.00892e-10
2.17713e-10
2.2489e-10
1.67756e-10
2.03347e-10
1.94354e-10
1.81544e-10
1.77593e-10
1.98715e-10
2.0257e-10
2.32569e-10
2.05161e-10
1.98102e-10
1.75707e-10
2.00573e-10
2.04628e-10
1.85357e-10
1.92511e-10
1.35328e-10
2.17418e-10
1.90261e-10
1.70413e-10
5.31926e-11
1.89253e-10
1.16914e-10
2.10102e-10
1.9667e-10
2.28217e-10
2.14092e-10
1.8746e-10
2.13473e-10
1.19046e-10
1.47847e-10
2.20771e-10
1.93009e-10
1.40743e-10
2.10234e-10
1.75519e-10
1.90179e-10
1.99648e-10
1.90283e-10
1.65211e-10
2.22172e-10
2.39306e-10
1.93893e-10
2.00475e-10
2.08564e-10
1.6519e-10
2.09942e-10
1.89512e-10
1.74094e-10
2.32415e-10
1.84334e-10
1.84108e-10
1.95292e-10
1.7066e-10
1.4421e-10
1.58531e-10
2.17132e-10
1.93223e-10
1.99554e-10
1.67202e-10
1.96364e-10
1.47529e-10
1.87214e-10
1.54109e-10
2.06049e-10
2.03839e-10
1.92439e-10
1.93862e-10
1.66231e-10
1.78583e-10
1.52582e-10
2.05671e-10
1.24238e-10
2.30044e-10
2.15308e-10
1.68166e-10
1.88031e-10
1.73011e-10
1.67855e-10
2.0644e-10
2.38346e-10
1.72358e-10
2.00391e-10
2.32116e-10
2.12036e-10
1.40686e-10
1.92181e-10
1.84755e-10
2.05229e-10
2.22207e-10
2.2275e-10
2.08079e-10
1.87437e-10
1.53148e-10
1.84035e-10
2.13775e-10
1.922e-10
2.28895e-10
2.05893e-10
1.88627e-10
2.13125e-10
1.7698e-10
1.95004e-10
1.55632e-10
1.97305e-10
1.11863e-10
1.96813e-10
2.16378e-10
1.87888e-10
1.64182e-10
2.04652e-10
2.01478e-10
2.1874e-10
2.07704e-10
1.405e-10
1.95826e-10
1.90168e-10
1.69447e-10
1.80647e-10
1.49698e-10
2.11268e-10
2.10376e-10
2.05666e-10
2.1221e-10
2.04529e-10
1.65517e-10
1.85993e-10
1.90925e-10
2.2394e-10
1.91759e-10
1.72833e-10
2.18647e-10
1.91881e-10
1.92251e-10
1.68693e-10
2.22633e-10
1.73035e-10
1.92065e-10
1.96381e-10
2.22192e-10
1.99719e-10
1.30034e-10
1.70845e-10
1.99259e-10
2.19151e-10
2.0281e-10
1.83824e-10
1.88901e-10
2.02936e-10
1.66967e-10
1.71426e-10
1.92854e-10
2.20432e-10
2.19953e-10
1.66409e-10
1.96487e-10
1.67109e-10
1.50333e-10
1.71453e-10
1.91058e-10
2.31879e-10
2.20325e-10
1.70968e-10
1.97457e-10
1.89103e-10
1.68742e-10
1.81253e-10
2.16729e-10
2.0429e-10
2.01128e-10
1.89975e-10
1.8853e-10
2.05587e-10
1.80261e-10
1.51364e-10
1.18668e-10
1.96321e-10
1.84872e-10
8.8e-11
2.05463e-10
1.60242e-10
1.5046e-10
1.80418e-10
1.88637e-10
2.08072e-10
1.85614e-10
1.405e-10
1.77123e-10
2.08508e-10
1.69867e-10
1.71801e-10
2.03608e-10
1.97979e-10
2.06447e-10
1.8312e-10
1.04758e-10
1.77591e-10
1.60831e-10
1.62012e-10
2.05045e-10
1.91615e-10
2.20041e-10
2.21875e-10
1.98683e-10
1.77692e-10
1.85143e-10
2.04704e-10
2.24734e-10
1.67079e-10
2.305e-10
2.0639e-10
1.9188e-10
1.87505e-10
2.05789e-10
1.70071e-10
1.96004e-10
2.08712e-10
2.3612e-10
1.93591e-10
1.01737e-10
1.36047e-10
2.04523e-10
1.86026e-10
1.39319e-10
2.01818e-10
1.83602e-10
1.47988e-10
1.92256e-10
1.96379e-10
1.93552e-10
2.08565e-10
1.89614e-10
1.7739e-10
1.96673e-10
1.49148e-10
1.75004e-10
1.83753e-10
1.95188e-10
1.5723e-10
1.28351e-10
1.99761e-10
2.17635e-10
1.86194e-10
2.03616e-10
1.61917e-10
1.62722e-10
1.7337e-10
1.97836e-10
1.95063e-10
2.17482e-10
2.00156e-10
1.91867e-10
1.95955e-10
2.17294e-10
1.91045e-10
2.31783e-10
2.16057e-10
2.03154e-10
1.99869e-10
2.09247e-10
1.92779e-10
1.23574e-10
1.84323e-10
2.20825e-10
2.12645e-10
2.29991e-10
1.96265e-10
2.07607e-10
2.24515e-10
1.73485e-10
2.0216e-10
1.41028e-10
1.80649e-10
2.20181e-10
2.15932e-10
2.04434e-10
1.32374e-10
1.8832e-10
1.96382e-10
2.15746e-10
2.04907e-10
2.4631e-10
1.99603e-10
1.76305e-10
2.14276e-10
1.70991e-10
2.2487e-10
1.86354e-10
2.20645e-10
2.26169e-10
2.1934e-10
1.90222e-10
1.85379e-10
1.91927e-10
2.02448e-10
2.02963e-10
1.85712e-10
2.21565e-10
1.97646e-10
2.05439e-10
2.02532e-10
2.1403e-10
2.03079e-10
1.90169e-10
2.00048e-10
2.21219e-10
1.98778e-10
2.23965e-10
1.90399e-10
2.04749e-10
2.17811e-10
1.86619e-10
1.69441e-10
1.44894e-10
1.89768e-10
2.01726e-10
1.34393e-10
1.77902e-10
1.82082e-10
1.95389e-10
2.37821e-10
2.18741e-10
2.00108e-10
1.98022e-10
1.88386e-10
1.93942e-10
1.78727e-10
1.95444e-10
2.15446e-10
2.09671e-10
1.8737e-10
1.96457e-10
1.96996e-10
2.10447e-10
2.20155e-10
2.32336e-10
1.90711e-10
2.17508e-10
2.26355e-10
2.15188e-10
2.03514e-10
1.90644e-10
2.08394e-10
1.759e-10
2.05333e-10
2.1742e-10
2.19989e-10
2.14997e-10
1.54004e-10
1.63891e-10
2.2579e-10
2.11195e-10
2.30441e-10
2.44833e-10
1.87884e-10
2.22265e-10
2.063e-10
2.04517e-10
2.0769e-10
2.08688e-10
2.13296e-10
2.36416e-10
1.57941e-10
1.77701e-10
2.20589e-10
1.83345e-10
1.73489e-10
1.73304e-10
2.22289e-10
2.14379e-10
2.1037e-10
2.0112e-10
2.11212e-10
1.90223e-10
1.98394e-10
2.28517e-10
2.27422e-10
1.99137e-10
2.20833e-10
2.02179e-10
1.84343e-10
1.98394e-10
1.51196e-10
2.19384e-10
1.70814e-10
2.25167e-10
1.78066e-10
1.91116e-10
2.23317e-10
2.12464e-10
1.9174e-10
2.08357e-10
1.60471e-10
1.57791e-10
1.63365e-10
1.89419e-10
1.41166e-10
1.05274e-10
1.40614e-10
2.05643e-10
2.16366e-10
2.48009e-10
1.7599e-10
1.88639e-10
2.10778e-10
1.2547e-10
6.58651e-11
2.1494e-10
2.2225e-10
1.9456e-10
2.26458e-10
1.82325e-10
1.84597e-10
2.15268e-10
1.19246e-10
1.95696e-10
2.20532e-10
1.58561e-10
2.02553e-10
1.66129e-10
1.94454e-10
1.65325e-10
2.13635e-10
1.73411e-10
2.1264e-10
2.23897e-10
2.00085e-10
1.91744e-10
1.39074e-10
2.15647e-10
2.01663e-10
1.88269e-10
2.18999e-10
1.78806e-10
2.00037e-10
1.85801e-10
2.09103e-10
1.59478e-10
2.13353e-10
1.92434e-10
1.81845e-10
2.34054e-10
2.04986e-10
1.96182e-10
1.86988e-10
1.71405e-10
2.21956e-10
1.98339e-10
2.30401e-10
2.1511e-10
1.82012e-10
1.57236e-10
2.27545e-10
1.97511e-10
1.92658e-10
2.1872e-10
2.19963e-10
1.22203e-10
2.21962e-10
1.58859e-10
2.11647e-10
2.01154e-10
1.19929e-10
2.13365e-10
1.80814e-10
2.10082e-10
1.80285e-10
2.20335e-10
2.07135e-10
1.70897e-10
1.99387e-10
1.71624e-10
2.0393e-10
1.86734e-10
1.98624e-10
1.91569e-10
1.69638e-10
1.65547e-10
2.0875e-10
2.16124e-10
2.22752e-10
2.01074e-10
2.22385e-10
2.22288e-10
1.10636e-10
1.89216e-10
2.02766e-10
1.83519e-10
1.81857e-10
2.08767e-10
2.23203e-10
2.08166e-10
1.62003e-10
1.79353e-10
1.47984e-10
2.21945e-10
2.20368e-10
2.1411e-10
2.02718e-10
1.7734e-10
2.08014e-10
1.94092e-10
1.54057e-10
2.1535e-10
1.93844e-10
2.30608e-10
2.00899e-10
1.18107e-10
2.18069e-10
1.90415e-10
1.6573e-10
1.8932e-10
7.62423e-11
1.92267e-10
1.81563e-10
2.10892e-10
1.53776e-10
1.84346e-10
2.11039e-10
1.99145e-10
8.1425e-11
2.33861e-10
2.14103e-10
2.11911e-10
2.26892e-10
1.97906e-10
1.60195e-10
2.01848e-10
2.09974e-10
1.97973e-10
2.12909e-10
1.81535e-10
1.87788e-10
1.4225e-10
2.19265e-10
2.13208e-10
2.17127e-10
2.11741e-10
2.14737e-10
2.03408e-10
2.15742e-10
2.03311e-10
1.92324e-10
1.82841e-10
1.92144e-10
2.10403e-10
1.57468e-10
1.7092e-10
1.97742e-10
1.92693e-10
1.85204e-10
2.19931e-10
1.9302e-10
2.44142e-10
2.02964e-10
2.01924e-10
2.12448e-10
1.65542e-10
1.70872e-10
1.94497e-10
2.35436e-10
2.25669e-10
2.21817e-10
2.19091e-10
2.013e-10
1.38252e-10
2.29605e-10
1.96942e-10
1.89469e-10
2.00529e-10
1.96029e-10
1.91141e-10
2.23749e-10
1.94915e-10
1.89501e-10
2.05242e-10
1.9934e-10
1.51524e-10
2.0854e-10
1.70369e-10
1.7606e-10
1.68731e-10
1.77524e-10
1.72966e-10
1.77614e-10
2.1652e-10
1.74526e-10
1.86632e-10
1.17765e-10
2.08216e-10
1.78782e-10
2.05208e-10
1.90043e-10
2.04916e-10
4.25e-11
6.28007e-11
1.92453e-10
2.14359e-10
2.03101e-10
1.98221e-10
2.06676e-10
2.17235e-10
2.16112e-10
1.68908e-10
1.86829e-10
2.10722e-10
1.75195e-10
2.19493e-10
1.56376e-10
1.9796e-10
1.83995e-10
2.17832e-10
1.9091e-10
1.78654e-10
1.94573e-10
4.87498e-11
2.15864e-10
1.62385e-10
1.705e-10
1.55063e-10
1.85415e-10
7.10303e-11
2.03603e-10
1.8255e-10
2.18188e-10
2.19783e-10
1.49883e-10
2.12694e-10
1.81527e-10
1.54291e-10
1.72979e-10
1.94687e-10
1.83566e-10
1.85296e-10
1.86986e-10
1.82993e-10
1.78402e-10
1.9796e-10
1.88549e-10
1.796e-10
1.77117e-10
1.99135e-10
1.86495e-10
2.25244e-10
1.52567e-10
1.74742e-10
1.67754e-10
1.79672e-10
2.08428e-10
2.23254e-10
2.17769e-10
1.59114e-10
1.98826e-10
2.16591e-10
2.00284e-10
1.93203e-10
1.82422e-10
1.65854e-10
1.9667e-10
2.10685e-10
1.68832e-10
2.01962e-10
2.27255e-10
1.54196e-10
1.87583e-10
2.09722e-10
2.22583e-10
1.53655e-10
1.3025e-10
3.93347e-11
2.01879e-10
1.57733e-10
1.77716e-10
2.05259e-10
1.90977e-10
2.15024e-10
2.14007e-10
1.64834e-10
1.87906e-10
1.74343e-10
1.69136e-10
2.18209e-10
1.99357e-10
1.78619e-10
1.68062e-10
1.84037e-10
1.6802e-10
1.87532e-10
2.16145e-10
1.49117e-10
1.88916e-10
2.02991e-10
2.0337e-10
1.65405e-10
1.93658e-10
1.75805e-10
2.06776e-10
1.96039e-10
2.27431e-10
2.00363e-10
1.58478e-10
1.98459e-10
1.7413e-10
1.91579e-10
1.66471e-10
2.2088e-10
2.16487e-10
1.9502e-10
1.31084e-10
2.02854e-10
1.84841e-10
1.59716e-10
2.07894e-10
2.05595e-10
2.31587e-10
2.03659e-10
1.89595e-10
1.86596e-10
1.86045e-10
2.23874e-10
1.59013e-10
1.60665e-10
2.05876e-10
2.12437e-10
1.78606e-10
2.16118e-10
1.86557e-10
1.87099e-10
2.00895e-10
2.30513e-10
2.25212e-10
1.83149e-10
1.92837e-10
1.85169e-10
1.67459e-10
1.91243e-10
1.5297e-10
2.33291e-10
1.97619e-10
1.51727e-10
2.10125e-10
2.05033e-10
1.51576e-10
2.10512e-10
2.00202e-10
2.21696e-10
2.04766e-10
2.1208e-10
1.97114e-10
2.23892e-10
2.00675e-10
1.55099e-10
2.2615e-10
2.34583e-10
1.77345e-10
1.92798e-10
1.76884e-10
9.14841e-11
1.89066e-10
1.81301e-10
1.98196e-10
2.31228e-10
1.26e-10
1.66764e-10
1.7756e-10
1.69357e-10
1.93484e-10
2.00336e-10
2.20482e-10
2.1142e-10
1.98982e-10
1.95537e-10
1.52112e-10
2.04289e-10
1.93424e-10
2.21514e-10
1.39926e-10
2.31311e-10
1.93146e-10
1.93145e-10
2.06818e-10
1.63703e-10
2.07325e-10
2.10682e-10
1.82867e-10
1.79911e-10
2.29838e-10
2.12426e-10
2.0433e-10
1.15233e-10
1.6289e-10
1.27659e-10
2.29585e-10
2.15998e-10
2.05436e-10
1.86581e-10
2.17941e-10
1.69426e-10
1.90754e-10
2.09388e-10
1.95512e-10
1.7596e-10
2.05022e-10
3.9426e-11
1.39019e-10
1.50143e-10
2.14003e-10
1.74774e-10
2.32278e-10
1.56015e-10
2.26745e-10
1.84658e-10
1.46612e-10
1.41712e-10
1.94121e-10
2.09552e-10
1.84962e-10
1.84152e-10
2.01939e-10
2.15484e-10
2.04884e-10
2.14717e-10
2.10298e-10
1.89948e-10
2.08803e-10
1.41851e-10
1.92902e-10
2.11148e-10
2.07372e-10
1.87552e-10
1.96304e-10
1.87759e-10
1.8701e-10
2.27562e-10
2.09606e-10
2.07262e-10
1.87914e-10
1.98057e-10
1.11203e-10
1.93196e-10
2.15146e-10
2.00587e-10
1.96613e-10
1.7739e-10
2.1002e-10
2.22315e-10
1.76812e-10
1.79679e-10
1.92037e-10
2.18725e-10
2.23993e-10
1.73244e-10
2.11295e-10
1.93786e-10
1.91574e-10
2.04473e-10
1.719e-10
2.06838e-10
2.07409e-10
2.05791e-10
1.89857e-10
1.83879e-10
2.1064e-10
2.06761e-10
1.83348e-10
2.28096e-10
1.99032e-10
2.1237e-10
1.80769e-10
1.70679e-10
2.0802e-10
1.96329e-10
1.61747e-10
1.588e-10
2.04895e-10
1.55177e-10
1.80105e-10
2.06131e-10
1.88313e-10
2.08106e-10
1.49835e-10
1.67263e-10
2.03974e-10
2.15612e-10
1.76946e-10
1.86315e-10
1.57556e-10
2.09203e-10
2.35026e-10
2.40313e-10
1.89559e-10
1.72398e-10
1.37403e-10
1.98764e-10
2.03428e-10
2.07624e-10
1.7985e-10
1.93036e-10
1.335e-10
1.98502e-10
1.42631e-10
2.09938e-10
2.17249e-10
1.53531e-10
1.99444e-10
2.08161e-10
2.16787e-10
2.02636e-10
1.72839e-10
2.05852e-10
1.75833e-10
1.86021e-10
2.30682e-10
1.92491e-10
1.35e-10
2.00516e-10
1.62745e-10
1.99239e-10
1.97108e-10
1.76257e-10
2.22042e-10
2.35017e-10
2.00945e-10
2.03383e-10
2.03976e-10
1.83895e-10
1.75282e-10
1.72692e-10
2.22339e-10
2.04366e-10
2.11104e-10
1.88607e-10
1.98537e-10
1.76845e-10
1.6235e-10
1.82074e-10
1.87154e-10
2.07847e-10
1.72623e-10
1.84312e-10
1.7174e-10
2.25328e-10
1.80067e-10
1.96692e-10
1.57287e-10
2.0477e-10
2.01327e-10
1.4668e-10
2.12578e-10
2.01943e-10
2.24889e-10
1.82442e-10
1.71132e-10
2.07067e-10
2.08942e-10
2.07804e-10
1.05937e-10
1.7255e-10
1.96871e-10
1.8882e-10
1.6659e-10
2.07889e-10
1.49883e-10
2.08786e-10
1.86973e-10
1.49612e-10
1.87693e-10
1.70146e-10
1.83297e-10
2.24598e-10
1.90742e-10
1.99348e-10
1.87873e-10
2.20688e-10
1.65215e-10
1.91699e-10
1.88091e-10
1.06437e-10
1.45426e-10
2.02215e-10
1.68858e-10
2.09478e-10
2.11489e-10
1.47894e-10
2.21202e-10
2.22446e-10
2.00462e-10
1.60541e-10
1.42142e-10
2.1328e-10
1.97871e-10
1.90864e-10
2.1577e-10
2.16901e-10
2.28686e-10
1.983e-10
1.52829e-10
1.60613e-10
2.25099e-10
2.22738e-10
2.0308e-10
2.23342e-10
2.33438e-10
1.65427e-10
2.23312e-10
1.29235e-10
1.90911e-10
2.23789e-10
2.18232e-10
2.19246e-10
1.47173e-10
2.16779e-10
1.65193e-10
1.99955e-10
1.47081e-10
1.69041e-10
2.07637e-10
2.07308e-10
1.67275e-10
2.20764e-10
2.1065e-10
2.33959e-10
1.64009e-10
1.75512e-10
2.08976e-10
1.81686e-10
2.01766e-10
1.89601e-10
1.49913e-10
1.81394e-10
1.9278e-10
1.78144e-10
2.12794e-10
1.98379e-10
1.85473e-10
1.83131e-10
2.14857e-10
2.36137e-10
2.13966e-10
1.95607e-10
1.59695e-10
1.9333e-10
2.30602e-10
2.05667e-10
1.84259e-10
1.81916e-10
1.73491e-10
1.90165e-10
1.2849e-10
1.93064e-10
1.83592e-10
1.86978e-10
1.87724e-10
2.0566e-10
2.16034e-10
2.00397e-10
2.16085e-10
2.44578e-10
2.05684e-10
1.90935e-10
2.00956e-10
2.12564e-10
1.71079e-10
2.17502e-10
1.93069e-10
1.77754e-10
1.84052e-10
1.45647e-10
2.02362e-10
1.47541e-10
1.85174e-10
2.04386e-10
1.44063e-10
1.90012e-10
2.21078e-10
1.89752e-10
1.63093e-10
1.6175e-10
1.67723e-10
1.38408e-10
1.95153e-10
2.22952e-10
1.82264e-10
1.85045e-10
1.17997e-10
1.83949e-10
1.57217e-10
2.14791e-10
1.82544e-10
2.45623e-10
2.26177e-10
1.8819e-10
1.69493e-10
1.95052e-10
1.58385e-10
1.82297e-10
1.30735e-10
2.21456e-10
1.83766e-10
1.55142e-10
1.69506e-10
1.58895e-10
1.69796e-10
2.02985e-10
1.70596e-10
2.11102e-10
2.06807e-10
1.81172e-10
2.26761e-10
1.79751e-10
1.9905e-10
2.10845e-10
2.15134e-10
1.86529e-10
2.13343e-10
1.89671e-10
2.275e-10
6.1932e-11
1.06175e-10
2.27513e-10
1.90628e-10
1.8721e-10
2.10082e-10
2.02239e-10
1.53744e-10
1.75683e-10
1.14342e-10
1.60512e-10
2.16388e-10
1.96761e-10
2.09902e-10
1.7087e-10
1.68284e-10
1.75442e-10
1.62892e-10
1.71393e-10
2.21265e-10
1.92488e-10
1.93591e-10
2.09323e-10
1.87969e-10
1.80951e-10
1.59162e-10
2.068e-10
2.13616e-10
2.26072e-10
2.1176e-10
1.86018e-10
1.29734e-10
1.71522e-10
1.81761e-10
6.43158e-11
1.74434e-10
1.58186e-10
1.90663e-10
1.99641e-10
2.11912e-10
2.0027e-10
1.19614e-10
2.06624e-10
2.32473e-10
1.10782e-10
2.11608e-10
1.86709e-10
1.88209e-10
1.69563e-10
1.22454e-10
2.01614e-10
2.19545e-10
2.03539e-10
1.77669e-10
1.95256e-10
1.78488e-10
1.62023e-10
2.1809e-10
2.29169e-10
2.02126e-10
2.31223e-10
2.00037e-10
1.8811e-10
1.78659e-10
1.87194e-10
1.89314e-10
2.08566e-10
2.34401e-10
2.03091e-10
2.1844e-10
2.09319e-10
1.90536e-10
1.90774e-10
1.48819e-10
1.27921e-10
2.37961e-10
2.12954e-10
2.03005e-10
2.10042e-10
1.7537e-10
1.49992e-10
1.86832e-10
1.87236e-10
1.90419e-10
2.27085e-10
1.97317e-10
2.13541e-10
2.20732e-10
1.51065e-10
1.95255e-10
1.75521e-10
2.1319e-10
2.14275e-10
2.05771e-10
1.57137e-10
1.57136e-10
1.77624e-10
2.03237e-10
1.91329e-10
2.032e-10
1.92208e-10
1.93181e-10
1.95328e-10
1.98563e-10
2.05772e-10
2.07302e-10
1.95507e-10
2.11087e-10
1.36733e-10
1.96147e-10
2.30636e-10
1.90788e-10
1.72259e-10
1.54283e-10
1.99803e-10
1.70198e-10
2.24179e-10
1.77749e-10
1.72274e-10
1.9862e-10
1.31193e-10
1.9853e-10
1.82308e-10
2.45015e-10
2.28407e-10
1.9573e-10
2.19407e-10
1.69721e-10
1.64634e-10
2.08093e-10
1.93057e-10
2.38727e-10
1.48796e-10
1.61728e-10
1.84198e-10
1.87589e-10
1.70209e-10
2.08826e-10
1.93649e-10
2.0724e-10
2.30735e-10
2.12838e-10
2.02722e-10
2.00244e-10
1.84135e-10
1.62009e-10
1.85171e-10
1.90687e-10
1.93623e-10
1.48769e-10
1.92358e-10
1.78213e-10
2.21021e-10
1.04564e-10
1.87377e-10
1.97773e-10
2.00164e-10
2.0845e-10
1.41153e-10
2.18234e-10
2.07927e-10
2.00665e-10
1.76716e-10
1.80991e-10
1.85096e-10
1.7481e-10
2.19113e-10
1.98831e-10
1.01281e-10
1.75874e-10
1.90807e-10
1.88053e-10
2.56162e-10
2.1672e-10
2.00655e-10
1.83391e-10
1.81479e-10
1.96867e-10
1.88855e-10
2.01651e-10
2.39163e-10
2.18405e-10
1.351e-10
1.81543e-10
1.79923e-10
1.40293e-10
2.10681e-10
1.59449e-10
2.07504e-10
1.96147e-10
1.85074e-10
1.98754e-10
1.94169e-10
2.09798e-10
2.10136e-10
2.08063e-10
2.10943e-10
1.80423e-10
1.82231e-10
1.23415e-10
2.14233e-10
1.76817e-10
2.13758e-10
1.91956e-10
2.24174e-10
2.0796e-10
1.83627e-10
2.22977e-10
1.94923e-10
1.75879e-10
2.02345e-10
1.92831e-10
1.19347e-10
2.10069e-10
2.27432e-10
2.08466e-10
1.87136e-10
2.22794e-10
1.73496e-10
1.96947e-10
1.73389e-10
1.76424e-10
2.18663e-10
1.93777e-10
1.86689e-10
2.02703e-10
1.60922e-10
2.12187e-10
2.19109e-10
1.68634e-10
1.92535e-10
1.91265e-10
2.0295e-10
2.10466e-10
1.91717e-10
2.10604e-10
2.09557e-10
1.84939e-10
1.41461e-10
1.90644e-10
1.82227e-10
1.67521e-10
1.66186e-10
1.26197e-10
2.41229e-10
2.18917e-10
1.99826e-10
2.01243e-10
1.7529e-10
2.02935e-10
2.08891e-10
2.169e-10
2.07744e-10
1.81949e-10
1.98709e-10
2.17892e-10
1.30445e-10
1.94146e-10
1.88138e-10
1.63228e-10
2.15034e-10
2.12719e-10
2.11862e-10
2.04027e-10
2.04077e-10
1.93202e-10
2.10604e-10
2.23613e-10
1.98804e-10
2.11658e-10
2.08674e-10
1.99182e-10
2.08796e-10
1.87158e-10
2.15504e-10
1.79341e-10
1.74984e-10
1.74044e-10
1.97416e-10
1.9995e-10
1.83333e-10
1.86545e-10
2.08945e-10
1.78112e-10
2.03945e-10
2.15689e-10
1.86753e-10
1.75472e-10
1.4557e-10
2.03236e-10
1.95086e-10
2.14409e-10
2.07939e-10
1.93893e-10
1.03942e-10
1.36167e-10
9.89585e-11
1.07397e-10
1.49198e-10
2.13233e-10
1.77007e-10
1.93659e-10
1.97875e-10
1.94364e-10
1.74501e-10
2.15378e-10
1.94098e-10
2.31083e-10
1.9387e-10
1.81102e-10
2.14744e-10
1.60711e-10
1.7262e-10
1.85349e-10
1.89541e-10
1.77594e-10
1.9814e-10
1.54627e-10
1.52512e-10
2.01017e-10
1.57094e-10
1.57527e-10
2.0574e-10
2.23589e-10
1.77574e-10
2.33574e-10
1.90958e-10
1.76417e-10
1.51386e-10
1.68452e-10
1.61611e-10
1.71525e-10
2.11873e-10
2.14694e-10
2.11272e-10
1.92442e-10
2.06558e-10
1.83374e-10
1.72781e-10
2.06744e-10
2.00222e-10
2.08374e-10
1.49434e-10
1.81449e-10
1.93338e-10
1.8298e-10
1.90391e-10
1.67663e-10
1.62315e-10
1.90058e-10
1.37479e-10
1.54238e-10
1.74293e-10
1.59885e-10
1.96523e-10
2.05574e-10
2.01885e-10
2.13846e-10
1.54768e-10
2.01558e-10
2.03559e-10
1.74187e-10
1.71849e-10
2.2123e-10
2.26245e-10
1.95148e-10
1.87722e-10
1.59639e-10
1.97523e-10
1.77117e-10
1.89764e-10
1.74437e-10
1.4031e-10
1.92149e-10
1.954e-10
1.84561e-10
1.60419e-10
2.04646e-10
1.48791e-10
2.23636e-10
1.4801e-10
1.9588e-10
2.12387e-10
1.53972e-10
1.84119e-10
1.83033e-10
1.78062e-10
2.19336e-10
2.06172e-10
2.08037e-10
1.62639e-10
1.8146e-10
1.9322e-10
2.04321e-10
1.98915e-10
1.60437e-10
2.25992e-10
1.73946e-10
1.54248e-10
2.28653e-10
2.04887e-10
1.87254e-10
2.15084e-10
1.58635e-10
2.062e-10
2.13168e-10
2.02122e-10
1.61776e-10
2.03573e-10
1.79893e-10
2.163e-10
2.1745e-10
2.22367e-10
1.52563e-10
2.04584e-10
1.87801e-10
1.75895e-10
2.312e-10
1.71871e-10
2.00983e-10
1.89132e-10
1.92902e-10
1.54002e-10
2.04368e-10
1.76539e-10
2.17138e-10
2.01717e-10
1.7973e-10
1.92835e-10
2.1206e-10
1.61975e-10
1.9222e-10
1.46449e-10
1.89269e-10
9.23192e-11
2.14461e-10
2.19107e-10
2.18865e-10
2.21641e-10
1.52976e-10
2.11522e-10
2.02397e-10
2.08517e-10
1.79066e-10
2.11131e-10
1.97067e-10
1.76882e-10
1.91264e-10
1.81491e-10
1.90444e-10
2.09157e-10
2.10759e-10
2.02874e-10
2.00251e-10
1.6148e-10
2.1462e-10
9.14871e-11
2.05882e-10
1.9603e-10
1.34831e-10
2.09614e-10
1.8294e-10
2.04375e-10
1.87195e-10
2.05221e-10
2.14926e-10
1.82837e-10
1.69628e-10
1.99457e-10
1.99406e-10
2.19742e-10
2.0378e-10
2.10853e-10
2.12154e-10
1.96282e-10
2.07196e-10
1.86197e-10
8.5e-11
1.67186e-10
2.03321e-10
2.14254e-10
1.39419e-10
2.0195e-10
2.10151e-10
1.78519e-10
1.74044e-10
2.12331e-10
2.11879e-10
1.54752e-10
9.24238e-11
1.80202e-10
2.14657e-10
1.33244e-10
1.58628e-10
2.2698e-10
2.05487e-10
1.94893e-10
2.07052e-10
2.16793e-10
2.17666e-10
2.31071e-10
2.19737e-10
1.68052e-10
2.06551e-10
1.31027e-10
1.5561e-10
1.81042e-10
2.06372e-10
1.84053e-10
2.03167e-10
1.80216e-10
7.55438e-11
2.03041e-10
1.78073e-10
1.91482e-10
2.01171e-10
2.18119e-10
2.2988e-10
1.62329e-10
1.96382e-10
1.82414e-10
1.88478e-10
2.17478e-10
2.19707e-10
2.31705e-10
2.07647e-10
1.99363e-10
1.66945e-10
1.6156e-10
1.92714e-10
1.94641e-10
1.95738e-10
2.09902e-10
1.85367e-10
1.58359e-10
1.69123e-10
2.10901e-10
1.83611e-10
1.61222e-10
2.12327e-10
1.98164e-10
2.22688e-10
2.26974e-10
1.74715e-10
1.73615e-10
1.90631e-10
1.92745e-10
1.40869e-10
1.7997e-10
2.04012e-10
1.6169e-10
1.69568e-10
1.93875e-10
2.15411e-10
2.06374e-10
2.21412e-10
1.8718e-10
2.10614e-10
1.14909e-10
1.94349e-10
2.07882e-10
1.49562e-10
1.85168e-10
2.3705e-10
2.00823e-10
1.62835e-10
2.03058e-10
2.1095e-10
1.99599e-10
1.62601e-10
1.3914e-10
1.71762e-10
2.13164e-10
1.76077e-10
1.95738e-10
1.71894e-10
1.84181e-10
1.93791e-10
1.96137e-10
2.04697e-10
2.02281e-10
1.6319e-10
2.11958e-10
1.86353e-10
2.17468e-10
2.06036e-10
1.94733e-10
1.25156e-10
1.93361e-10
1.97067e-10
2.26637e-10
1.85398e-10
1.83836e-10
1.73449e-10
1.77493e-10
1.87119e-10
2.06073e-10
1.99007e-10
2.04067e-10
1.50389e-10
1.8097e-10
1.60912e-10
1.89646e-10
1.69902e-10
1.98659e-10
1.98931e-10
2.19708e-10
2.0302e-10
1.51991e-10
1.78409e-10
2.04005e-10
1.00713e-10
1.77875e-10
2.05113e-10
1.56192e-10
1.74225e-10
1.62549e-10
1.9394e-10
2.09004e-10
2.01984e-10
1.80707e-10
1.74716e-10
1.81323e-10
1.83789e-10
1.85392e-10
1.9985e-10
2.0761e-10
2.09257e-10
2.27823e-10
2.26441e-10
1.8358e-10
2.0452e-10
2.1377e-10
2.07434e-10
2.10122e-10
1.70894e-10
2.03584e-10
2.15851e-10
2.27265e-10
2.06998e-10
1.81234e-10
2.01996e-10
1.41478e-10
1.87656e-10
2.13535e-10
1.76424e-10
1.9981e-10
1.29496e-10
1.52419e-10
1.9268e-10
1.93955e-10
1.9297e-10
2.33546e-10
2.14014e-10
2.05186e-10
2.07233e-10
2.1524e-10
1.99388e-10
1.99042e-10
1.24119e-10
1.59959e-10
2.21002e-10
1.72384e-10
1.52984e-10
1.36142e-10
2.03468e-10
1.98708e-10
1.54056e-10
1.94149e-10
1.94548e-10
1.89388e-10
1.64975e-10
1.67443e-10
1.80853e-10
2.24671e-10
1.53501e-10
2.33907e-10
1.74141e-10
1.93664e-10
1.97296e-10
1.82267e-10
2.10195e-10
2.01851e-10
1.87741e-10
2.17628e-10
1.7979e-10
1.90852e-10
1.26565e-10
1.97397e-10
2.01412e-10
1.67482e-10
2.25071e-10
2.46399e-10
2.01961e-10
2.08571e-10
2.20333e-10
2.00023e-10
2.11226e-10
2.05386e-10
2.01035e-10
2.15448e-10
1.38e-10
1.89012e-10
2.10759e-10
1.89475e-10
1.91488e-10
2.12531e-10
2.2245e-10
2.24519e-10
1.92725e-10
1.9668e-10
1.47856e-10
1.29984e-10
2.02475e-10
2.16468e-10
2.16187e-10
1.92946e-10
2.12048e-10
1.74657e-10
2.28743e-10
1.89647e-10
9.47684e-11
2.17606e-10
2.06325e-10
2.15342e-10
2.24575e-10
2.17192e-10
1.54846e-10
2.04374e-10
1.72993e-10
1.87837e-10
2.18182e-10
2.3716e-10
2.22257e-10
1.57811e-10
1.87042e-10
2.11034e-10
1.73915e-10
2.14918e-10
1.91537e-10
2.11109e-10
1.5024e-10
2.0644e-10
2.16626e-10
1.88675e-10
1.75456e-10
1.88063e-10
2.04457e-10
2.41363e-10
1.94158e-10
2.17781e-10
1.94742e-10
1.02461e-10
2.0526e-10
2.0203e-10
1.83853e-10
2.1667e-10
2.29951e-10
2.21391e-10
1.96596e-10
1.78228e-10
1.87849e-10
2.0867e-10
2.1272e-10
1.73916e-10
2.1191e-10
1.93727e-10
2.25465e-10
1.97025e-10
2.11515e-10
1.80412e-10
1.42857e-10
2.33829e-10
1.60951e-10
1.89326e-10
1.89241e-10
1.64591e-10
1.77793e-10
2.01854e-10
2.05347e-10
1.56212e-10
2.21955e-10
2.04918e-10
2.1387e-10
2.07764e-10
2.13141e-10
1.585e-10
2.03061e-10
2.00689e-10
2.09074e-10
2.08988e-10
1.84574e-10
1.98208e-10
1.70982e-10
2.19805e-10
2.11904e-10
2.10352e-10
1.63365e-10
2.12187e-10
2.03496e-10
2.14958e-10
2.10007e-10
7.67059e-11
1.79928e-10
2.33871e-10
1.94771e-10
1.43104e-10
1.94993e-10
1.64272e-10
1.8728e-10
1.8334e-10
1.92357e-10
1.60462e-10
2.09088e-10
1.95735e-10
1.18341e-10
2.2051e-10
1.7599e-10
1.0274e-10
1.94993e-10
2.10307e-10
2.01831e-10
1.38485e-10
1.77232e-10
2.00779e-10
1.77375e-10
1.62261e-10
1.87616e-10
1.88308e-10
1.9144e-10
2.21642e-10
1.85161e-10
1.28314e-10
2.05554e-10
1.96433e-10
1.89909e-10
2.20499e-10
1.77345e-10
2.08096e-10
1.65781e-10
1.89038e-10
1.76198e-10
1.52582e-10
1.88295e-10
1.73253e-10
2.09691e-10
1.86013e-10
1.90663e-10
2.02562e-10
1.91298e-10
2.23885e-10
1.83666e-10
2.01137e-10
1.60139e-10
2.17204e-10
2.06415e-10
1.94143e-10
1.92594e-10
1.78903e-10
2.27876e-10
2.10066e-10
1.83475e-10
1.82851e-11
1.42703e-10
1.45157e-10
1.91886e-10
2.11024e-10
2.12834e-10
2.22433e-10
1.99651e-10
1.85527e-10
2.02516e-10
1.66748e-10
1.72263e-10
2.11854e-10
1.84187e-10
1.44781e-10
2.27089e-10
1.87049e-10
1.63107e-10
1.86273e-10
2.00665e-10
1.29177e-10
1.7096e-10
1.78931e-10
1.71759e-10
2.26749e-10
1.95914e-10
2.22603e-10
1.78733e-10
1.87681e-10
1.18111e-10
2.26087e-10
1.6487e-10
1.30692e-10
1.50913e-10
1.62013e-10
1.40179e-10
2.23321e-10
1.73606e-10
2.2083e-10
2.02532e-10
1.53222e-10
2.1039e-10
2.00677e-10
1.85075e-10
2.21105e-10
1.63071e-10
2.31742e-10
1.99183e-10
1.23476e-10
1.82302e-10
1.80732e-10
1.55237e-10
2.2354e-10
1.89762e-10
2.27342e-10
1.5972e-10
1.52304e-10
1.80328e-10
8.06387e-11
2.14382e-10
1.86657e-10
2.08596e-10
2.26669e-10
1.70021e-10
1.70649e-10
1.67175e-10
2.14133e-10
1.94218e-10
2.04033e-10
2.11981e-10
1.52994e-10
1.98234e-10
1.68155e-10
1.78106e-10
1.94051e-10
1.42958e-10
2.00097e-10
2.12295e-10
2.01482e-10
2.37795e-10
2.05297e-10
1.60807e-10
2.00229e-10
1.35983e-10
2.11535e-10
1.71035e-10
2.22986e-10
1.92796e-10
1.59749e-10
1.63877e-10
1.97296e-10
2.03236e-10
1.75509e-10
1.27689e-10
2.02645e-10
2.13585e-10
2.25747e-10
1.9655e-10
1.94413e-10
1.75917e-10
1.98832e-10
1.8766e-10
1.92145e-10
1.53476e-10
2.23006e-10
1.11274e-10
1.94954e-10
2.04451e-10
2.05036e-10
1.95548e-10
1.92912e-10
2.12035e-10
2.25346e-10
1.64719e-10
1.71345e-10
2.13991e-10
2.13045e-10
2.02917e-10
2.03577e-10
2.04468e-10
2.04466e-10
2.02582e-10
1.85278e-10
1.60548e-10
1.99356e-10
1.86345e-10
2.21528e-10
2.10425e-10
1.79974e-10
5.92976e-11
2.07558e-10
1.55134e-10
1.91932e-10
1.9398e-10
2.36513e-10
2.1139e-10
1.98991e-10
1.70053e-10
2.1394e-10
1.93717e-10
2.23363e-10
2.1034e-10
2.06299e-10
2.03741e-10
1.53098e-10
2.06008e-10
2.09648e-10
1.73915e-10
2.16483e-10
2.11447e-10
2.29324e-10
1.97754e-10
1.86567e-10
1.92813e-10
1.75389e-10
1.93211e-10
2.1918e-10
1.1351e-10
2.24157e-10
1.87227e-10
1.92873e-10
1.70324e-10
1.51586e-10
1.94427e-10
1.55368e-10
2.18552e-10
2.27367e-10
1.92001e-10
1.77002e-10
1.62351e-10
1.66829e-10
1.88658e-10
2.23968e-10
1.89051e-10
1.83826e-10
2.15942e-10
1.79921e-10
1.6266e-10
1.18271e-10
2.01434e-10
2.25666e-10
1.51269e-10
2.28611e-10
2.15628e-10
1.93225e-10
1.72988e-10
1.8826e-10
1.80815e-10
2.07991e-10
2.12588e-10
1.96258e-10
2.09492e-10
1.80726e-10
2.12926e-10
2.12282e-10
1.6258e-10
1.42051e-10
1.81221e-10
2.05212e-10
1.90663e-10
2.2777e-10
2.21531e-10
1.65034e-10
1.88765e-10
1.94957e-10
1.94029e-10
1.94747e-10
2.13274e-10
1.73666e-10
1.80738e-10
1.97852e-10
2.01858e-10
2.06958e-10
1.7168e-10
2.45627e-10
1.80492e-10
2.20164e-10
2.10643e-10
2.19159e-10
1.83128e-10
1.88453e-10
1.79934e-10
2.31359e-10
1.77508e-10
1.76881e-10
2.02368e-10
1.91225e-10
1.84186e-10
2.02514e-10
2.19436e-10
2.13793e-10
1.91248e-10
1.52679e-10
1.40479e-10
2.05004e-10
1.81252e-10
2.12788e-10
1.78152e-10
2.11626e-10
1.88608e-10
1.99521e-10
1.90268e-10
2.07717e-10
1.68509e-10
2.10544e-10
1.94428e-10
2.05745e-10
2.04032e-10
2.25234e-10
1.95084e-10
1.56682e-10
1.84311e-10
1.98138e-10
2.19404e-10
1.95908e-10
2.0869e-10
2.0865e-10
1.82083e-10
1.68885e-10
1.43254e-10
1.7544e-10
1.99494e-10
1.96946e-10
1.96526e-10
2.01734e-10
2.04908e-10
2.19766e-10
2.08718e-10
1.61089e-10
2.116e-10
2.36752e-10
1.80074e-10
1.92243e-10
1.67801e-10
1.97518e-10
1.56897e-10
2.18011e-10
1.94429e-10
1.88417e-10
1.6487e-10
2.02237e-10
1.87555e-10
2.08755e-10
1.57747e-10
2.24055e-10
2.16231e-10
1.98968e-10
2.20005e-10
2.04004e-10
2.00323e-10
2.14696e-10
1.11699e-10
2.08688e-10
1.45398e-10
2.22048e-10
1.89727e-10
2.13117e-10
1.866e-10
2.03501e-10
1.94566e-10
2.1207e-10
1.69222e-10
1.95425e-10
1.78301e-10
2.11969e-10
2.02427e-10
1.38425e-10
1.72682e-10
1.46341e-10
2.04641e-10
1.62521e-10
1.56735e-10
1.53817e-10
2.05677e-10
2.16882e-10
1.90288e-10
2.0868e-10
2.11097e-10
2.29606e-10
2.00624e-10
2.13105e-10
1.95501e-10
1.50512e-10
2.27871e-10
1.9293e-10
2.02903e-10
1.62825e-10
1.87417e-10
1.96413e-10
1.97901e-10
1.19162e-10
1.56112e-10
1.8332e-10
2.23683e-10
2.08268e-10
2.2007e-10
2.21311e-10
1.93877e-10
1.84773e-10
2.14966e-10
1.95272e-10
2.00894e-10
1.98767e-10
1.70021e-10
2.00726e-10
1.98213e-10
1.80221e-10
1.62218e-10
1.92441e-10
2.32314e-10
1.94665e-10
1.92439e-10
2.0072e-10
1.99552e-10
2.09705e-10
1.65637e-10
1.74009e-10
1.9759e-10
1.84573e-10
2.12898e-10
1.74129e-10
2.03859e-10
1.6889e-10
1.88051e-10
1.64811e-10
1.97868e-10
2.37572e-10
2.06066e-10
1.85843e-10
1.40462e-10
1.89744e-10
1.97091e-10
2.1226e-10
2.23686e-10
1.9236e-10
2.1011e-10
1.96879e-10
2.19e-10
2.1269e-10
1.31583e-10
2.28053e-10
2.18577e-10
2.10035e-10
2.06356e-10
1.86843e-10
1.32494e-10
2.08689e-10
2.04343e-10
2.221e-10
1.71382e-10
2.05864e-10
8.25e-11
1.78458e-10
1.92739e-10
1.95348e-10
1.92061e-10
1.68184e-10
2.08403e-10
2.19258e-10
1.79356e-10
1.92259e-10
1.5087e-10
1.66333e-10
1.52865e-10
1.8361e-10
1.80409e-10
2.18622e-10
1.415e-10
2.21981e-10
2.05819e-10
1.48794e-10
1.75251e-10
2.24436e-10
1.97928e-10
1.83993e-10
2.03347e-10
2.07097e-10
2.28349e-10
1.95188e-10
1.7851e-10
1.44693e-10
1.87308e-10
2.26348e-10
2.02821e-10
2.14942e-10
2.13903e-10
1.2137e-10
2.02605e-10
2.07491e-10
1.43545e-10
1.87738e-10
1.85208e-10
2.09124e-10
1.90465e-10
1.97541e-10
1.65917e-10
1.10353e-10
2.18799e-10
2.35586e-10
2.09635e-10
2.13202e-10
2.15264e-10
1.52612e-10
1.96227e-10
1.27347e-10
1.91936e-10
1.97919e-10
2.17824e-10
1.80339e-10
6.64048e-11
1.65564e-10
2.05962e-10
2.03042e-10
1.96886e-10
1.93691e-10
2.12647e-10
2.14035e-10
1.87551e-10
1.99768e-10
1.3389e-10
2.24619e-10
1.91517e-10
1.89392e-10
2.14758e-10
2.14018e-10
1.91305e-10
2.17615e-10
1.66637e-10
1.9643e-10
2.055e-10
1.40746e-10
1.77264e-10
1.7704e-10
1.87775e-10
1.7077e-10
1.94003e-10
2.01743e-10
2.19449e-10
2.3588e-10
1.81367e-10
1.99154e-10
1.79688e-10
1.80091e-10
2.17295e-10
2.123e-10
1.83927e-10
2.04207e-10
1.4e-10
1.94257e-10
2.07894e-10
1.63383e-10
1.25687e-10
1.768e-10
2.12627e-10
2.03306e-10
1.52563e-10
2.094e-10
1.69837e-10
1.31447e-10
2.02602e-10
1.79588e-10
1.91235e-10
2.48848e-10
1.44963e-10
1.91969e-10
1.90079e-10
2.01706e-10
1.09902e-10
1.74438e-10
2.06723e-10
2.29694e-10
1.93793e-10
1.81172e-10
1.86352e-10
1.8668e-10
2.22193e-10
2.3301e-10
1.55509e-10
2.01673e-10
2.07232e-10
1.7579e-10
1.69595e-10
1.62443e-10
1.42159e-10
1.99364e-10
2.06262e-10
1.61046e-10
1.84939e-10
1.7943e-10
2.03381e-10
1.80172e-10
1.53983e-10
1.31447e-10
2.42136e-10
1.92659e-10
2.06508e-10
2.04066e-10
1.22322e-10
2.05282e-10
1.90488e-10
2.17654e-10
1.97133e-10
2.04118e-10
2.09846e-10
1.71457e-10
1.96071e-10
1.96801e-10
2.07996e-10
1.91005e-10
1.99649e-10
2.30099e-10
2.14715e-10
1.90214e-10
2.21786e-10
1.81269e-10
1.55186e-10
1.78278e-10
2.20256e-10
2.22381e-10
2.10827e-10
1.98074e-10
1.623e-10
2.11263e-10
1.83107e-10
1.95974e-10
2.19905e-10
1.96445e-10
1.97345e-10
1.84238e-10
1.85105e-10
1.70963e-10
1.97115e-10
1.41572e-10
2.15318e-10
2.17736e-10
2.25102e-10
1.95371e-10
1.15599e-10
1.58327e-10
1.92068e-10
2.05056e-10
2.0324e-10
2.36741e-10
1.97067e-10
1.48496e-10
1.91265e-10
1.89263e-10
1.96264e-10
2.03366e-10
2.1632e-10
2.20077e-10
1.94321e-10
1.66191e-10
1.7419e-10
1.65792e-10
2.22675e-10
1.8921e-10
1.94777e-10
2.15069e-10
2.2771e-10
2.14904e-10
1.83778e-10
2.1197e-10
2.00465e-10
2.17494e-10
2.02977e-10
2.02202e-10
1.78836e-10
2.20021e-10
1.88946e-10
1.9415e-10
1.92414e-10
1.82578e-10
2.31025e-10
1.9325e-10
2.07409e-10
2.2215e-10
1.80248e-10
2.06944e-10
2.0008e-10
1.99314e-10
2.25765e-10
2.42305e-10
1.52248e-10
1.86857e-10
1.975e-10
1.87459e-10
1.78703e-10
1.95234e-10
1.90367e-10
2.04931e-10
2.31587e-10
2.0986e-10
1.98072e-10
1.96529e-10
1.62384e-10
1.71612e-10
2.34322e-10
1.99961e-10
1.85047e-10
1.96512e-10
1.78261e-10
1.19111e-10
1.99228e-10
1.10857e-10
2.08638e-10
2.09523e-10
2.22792e-10
1.92875e-10
1.65866e-10
2.08578e-10
1.77074e-10
1.54181e-10
2.02941e-10
2.21495e-10
1.68634e-10
1.45442e-10
1.82475e-10
1.45875e-10
1.97937e-10
1.77796e-10
2.00649e-10
2.40315e-10
1.70142e-10
1.95934e-10
1.30629e-10
1.40398e-10
1.94888e-10
2.21536e-10
1.89891e-10
2.18296e-10
1.75901e-10
2.18355e-10
1.2459e-10
1.63435e-10
1.57653e-10
1.75083e-10
2.19199e-10
2.26327e-10
1.96813e-10
2.05845e-10
1.88851e-10
2.06416e-10
1.85316e-10
1.67684e-10
2.01826e-10
2.3691e-10
1.55973e-10
2.06865e-10
1.70681e-10
2.19144e-10
1.81946e-10
1.61897e-10
1.22927e-10
2.24036e-10
2.11091e-10
1.70466e-10
2.11504e-10
1.976e-10
1.77245e-10
2.13857e-10
1.57545e-10
2.17188e-10
1.97564e-10
2.16259e-10
1.36452e-10
1.97115e-10
1.83882e-10
1.63546e-10
1.37672e-10
2.19032e-10
2.09117e-10
2.14859e-10
1.49554e-10
2.12698e-10
1.69683e-10
2.07084e-10
2.13046e-10
1.6658e-10
2.18951e-10
1.85713e-10
2.08781e-10
1.96767e-10
2.05173e-10
2.05081e-10
1.83943e-10
2.19342e-10
2.18175e-10
1.73726e-10
2.1447e-10
1.94111e-10
2.26998e-10
1.80887e-10
2.19994e-10
1.85496e-10
1.93625e-10
1.88045e-10
1.61497e-10
5.92397e-11
1.55131e-10
1.93716e-10
1.46672e-10
2.09925e-10
1.94191e-10
2.11934e-10
1.95863e-10
1.99255e-10
2.03066e-10
2.15119e-10
1.8504e-10
2.08594e-10
2.03307e-10
1.84665e-10
1.95174e-10
2.07848e-10
1.7321e-10
1.8383e-10
2.06091e-10
2.29371e-10
2.246e-10
1.06366e-10
2.07633e-10
1.59815e-10
1.53532e-10
2.17761e-10
1.86455e-10
2.34428e-10
1.98521e-10
1.82333e-10
2.14927e-10
1.83436e-10
2.09964e-10
1.10631e-10
2.26459e-10
2.11232e-10
2.18693e-10
1.6228e-10
2.07569e-10
1.61203e-10
1.83324e-10
2.08304e-10
1.70024e-10
2.30835e-10
2.21305e-10
1.99369e-10
2.29162e-10
1.98855e-10
2.02603e-10
2.03985e-10
1.45578e-10
2.12427e-10
1.91741e-10
2.07863e-10
1.50107e-10
1.7364e-10
2.01135e-10
1.97963e-10
2.01859e-10
2.22383e-10
1.93523e-10
1.90011e-10
1.6732e-10
2.06525e-10
2.01022e-10
1.70082e-10
1.9708e-10
1.74786e-10
2.23426e-10
2.2966e-10
1.867e-10
1.14376e-10
2.1151e-10
1.46874e-10
1.46914e-10
1.9049e-10
2.04412e-10
2.00532e-10
1.91234e-10
6.04144e-11
1.359e-10
2.07528e-10
1.96373e-10
2.30163e-10
8.2e-11
2.02508e-10
1.66844e-10
1.85584e-10
1.63953e-10
1.1709e-10
1.75782e-10
2.19929e-10
1.5406e-10
2.04247e-10
2.11588e-10
2.09437e-10
1.62769e-10
1.66107e-10
2.27727e-10
2.16883e-10
1.6503e-10
2.11715e-10
1.62216e-10
2.10484e-10
2.19046e-10
2.06981e-10
2.10355e-10
2.29147e-10
1.92547e-10
2.11911e-10
1.55569e-10
2.1633e-10
1.8234e-10
1.92673e-10
2.12476e-10
1.90699e-10
2.00808e-10
1.98825e-10
1.91453e-10
1.63232e-10
1.66577e-10
1.75349e-10
1.80391e-10
2.355e-10
1.4632e-10
2.1909e-10
1.95962e-10
2.15364e-10
1.96171e-10
1.69985e-10
1.13012e-10
2.26932e-10
1.80423e-10
1.9502e-10
1.91958e-10
1.81855e-10
8.45207e-11
1.82729e-10
1.48626e-10
2.19772e-10
1.52248e-10
1.90236e-10
1.85344e-10
1.65814e-10
1.98334e-10
1.74814e-10
2.14446e-10
2.03548e-10
2.09592e-10
2.28389e-10
2.04721e-10
2.09932e-10
2.04377e-10
1.89554e-10
2.03419e-10
1.50746e-10
1.98469e-10
1.63014e-10
1.54892e-10
1.86313e-10
1.78881e-10
1.95622e-10
2.09845e-10
1.7796e-10
1.81035e-10
1.77385e-10
1.75308e-10
2.3178e-10
2.31888e-10
2.38398e-10
2.06814e-10
1.67041e-10
1.73649e-10
1.97376e-10
1.83014e-10
1.96199e-10
2.08474e-10
1.84538e-10
2.09941e-10
2.00718e-10
1.5024e-10
1.56893e-10
1.74304e-10
1.54936e-10
1.5621e-10
1.54306e-10
2.08731e-10
2.32805e-10
1.90543e-10
1.70726e-10
2.01969e-10
1.84878e-10
1.46499e-10
2.00028e-10
2.15352e-10
2.24383e-10
1.97754e-10
1.4192e-10
1.66052e-10
1.28576e-10
1.44683e-10
1.1937e-10
1.75441e-10
2.17606e-10
1.92258e-10
2.07877e-10
1.68345e-10
1.97058e-10
2.17102e-10
1.4239e-10
2.04151e-10
2.19242e-10
1.89559e-10
1.8972e-10
2.11794e-10
1.61878e-10
2.01386e-10
2.02611e-10
2.15981e-10
2.35995e-10
2.10357e-10
7.70907e-11
1.82316e-10
2.13197e-10
1.58847e-10
1.70563e-10
1.97252e-10
1.84326e-10
2.05962e-10
1.92689e-10
1.05963e-10
2.06055e-10
1.93345e-10
2.10565e-10
2.17087e-10
2.09839e-10
1.957e-10
1.69861e-10
1.58928e-10
1.95441e-10
1.90735e-10
2.1386e-10
1.88295e-10
2.07431e-10
1.51271e-10
2.18909e-10
2.1598e-10
2.01942e-10
1.94707e-10
1.93484e-10
2.00961e-10
2.06482e-10
1.75089e-10
2.11218e-10
2.07315e-10
2.06407e-10
1.75208e-10
1.89847e-10
2.00073e-10
1.9944e-10
1.9591e-10
1.93887e-10
2.11804e-10
1.06278e-10
1.95633e-10
1.39506e-10
1.77427e-10
2.31742e-10
1.84776e-10
2.18805e-10
2.08235e-10
1.90644e-10
1.48735e-10
2.10382e-10
1.86425e-10
2.06528e-10
1.81821e-10
2.07361e-10
1.70329e-10
2.1518e-10
1.76707e-10
1.29889e-10
1.52686e-10
1.86419e-10
2.0407e-10
2.07575e-10
2.07832e-10
1.91889e-10
1.96185e-10
2.26059e-10
1.69797e-10
2.24292e-10
1.7979e-10
2.06211e-10
1.92389e-10
2.07889e-10
1.9455e-10
2.25085e-10
2.23184e-10
1.51245e-10
1.86889e-10
2.09706e-10
2.10515e-10
1.82426e-10
1.59192e-10
2.12957e-10
2.08862e-10
2.10258e-10
2.16042e-10
1.35178e-10
1.81245e-10
1.73495e-10
9.95413e-11
1.84212e-10
2.1577e-10
1.67889e-10
2.18857e-10
1.77967e-10
1.32637e-10
1.56561e-10
2.15446e-10
1.95126e-10
2.16944e-10
2.06412e-10
1.79502e-10
1.99656e-10
1.3228e-10
1.76764e-10
1.87076e-10
1.90013e-10
1.88238e-10
1.21908e-10
1.94026e-10
2.01629e-10
2.17894e-10
1.30884e-10
1.58575e-10
1.92962e-10
2.13761e-10
1.56699e-10
1.97916e-10
1.99033e-10
2.0506e-10
1.85242e-10
1.5581e-10
2.09593e-10
2.23209e-10
2.26358e-10
2.26395e-10
2.03218e-10
2.06888e-10
1.84139e-10
1.3948e-10
1.301e-10
1.91624e-10
2.32195e-10
2.27905e-10
1.88488e-10
1.88403e-10
2.04847e-10
1.76327e-10
1.81736e-10
1.95803e-10
2.17898e-10
1.75089e-10
1.85971e-10
1.91978e-10
1.74562e-10
2.13279e-10
1.91878e-10
2.12415e-10
1.9625e-10
1.96784e-10
2.01602e-10
1.90491e-10
1.95252e-10
1.62288e-10
1.85459e-10
2.07191e-10
2.26412e-10
