3.08286e-10
3.05215e-10
2.86276e-10
2.91603e-10
2.68159e-10
3.17436e-10
1.95635e-10
3.09752e-10
2.9773e-10
2.82441e-10
2.7527e-10
2.80104e-10
2.81496e-10
3.13446e-10
2.4499e-10
3.08248e-10
2.73639e-10
2.95474e-10
2.85056e-10
2.79802e-10
2.28793e-10
2.55312e-10
3.20014e-10
2.03079e-10
2.92514e-10
3.00765e-10
2.86678e-10
2.9187e-10
2.75686e-10
3.01401e-10
2.90761e-10
2.9883e-10
2.63747e-10
2.73842e-10
2.72095e-10
3.03043e-10
2.99748e-10
3.13214e-10
2.59809e-10
3.21733e-10
2.77705e-10
2.90946e-10
2.854e-10
2.91324e-10
3.08741e-10
2.74606e-10
2.96922e-10
2.87998e-10
2.69541e-10
2.69846e-10
2.66057e-10
2.5276e-10
2.88183e-10
2.76927e-10
2.52364e-10
2.92181e-10
2.89885e-10
2.67795e-10
2.98148e-10
2.53626e-10
2.82046e-10
2.92082e-10
2.75971e-10
2.98068e-10
3.15367e-10
2.69082e-10
2.77256e-10
2.95843e-10
2.96528e-10
3.1534e-10
2.63759e-10
2.90183e-10
2.64837e-10
2.82365e-10
2.55805e-10
2.70043e-10
2.31515e-10
2.53417e-10
3.17639e-10
2.83825e-10
2.58406e-10
2.80635e-10
2.95686e-10
2.95861e-10
2.82727e-10
3.05718e-10
2.78362e-10
3.24553e-10
3.02984e-10
2.91326e-10
2.77812e-10
2.50996e-10
2.69726e-10
2.34832e-10
2.90487e-10
3.0932e-10
2.82846e-10
2.51946e-10
2.66081e-10
2.24172e-10
2.71805e-10
2.64268e-10
2.69625e-10
2.96917e-10
2.97718e-10
2.54521e-10
2.62386e-10
2.57225e-10
2.97511e-10
3.14738e-10
2.69019e-10
2.85642e-10
3.02268e-10
2.94355e-10
2.46687e-10
2.92169e-10
2.95624e-10
3.04901e-10
3.04216e-10
2.85812e-10
3.08551e-10
3.07285e-10
2.64303e-10
3.09845e-10
2.31359e-10
2.93923e-10
2.49577e-10
3.29243e-10
2.86407e-10
2.16863e-10
2.80908e-10
3.04436e-10
2.97038e-10
3.02479e-10
2.8134e-10
3.08703e-10
2.65255e-10
2.7585e-10
2.97017e-10
2.8453e-10
2.90524e-10
2.75404e-10
3.32798e-10
3.04025e-10
2.8612e-10
2.57748e-10
2.86079e-10
2.33255e-10
2.92023e-10
2.84398e-10
2.76413e-10
3.22997e-10
2.87345e-10
2.43532e-10
2.68138e-10
2.49769e-10
2.71316e-10
2.51342e-10
3.29454e-10
2.89194e-10
2.22229e-10
2.11025e-10
2.5851e-10
2.3539e-10
2.53083e-10
2.60071e-10
2.73617e-10
3.30225e-10
2.65186e-10
2.63727e-10
2.65888e-10
2.84197e-10
2.65071e-10
2.61464e-10
2.86053e-10
3.23737e-10
2.69432e-10
3.20167e-10
2.89934e-10
2.59692e-10
2.41178e-10
2.77573e-10
3.05903e-10
3.3996e-10
3.13289e-10
2.48812e-10
3.03504e-10
2.97078e-10
2.47316e-10
2.82138e-10
2.91657e-10
2.60373e-10
2.76435e-10
2.79154e-10
3.11716e-10
2.99425e-10
2.8998e-10
2.7753e-10
2.5107e-10
2.95344e-10
2.74199e-10
2.72129e-10
2.86172e-10
2.71662e-10
2.85925e-10
2.46288e-10
2.80022e-10
3.22223e-10
2.86775e-10
2.80197e-10
3.05659e-10
3.08189e-10
2.96818e-10
2.95519e-10
2.94638e-10
3.1653e-10
2.99542e-10
2.59522e-10
2.50518e-10
2.84235e-10
3.01027e-10
3.10594e-10
3.0643e-10
2.8612e-10
2.79123e-10
3.00242e-10
2.67337e-10
3.23455e-10
2.83441e-10
2.98956e-10
3.00723e-10
2.82011e-10
2.8464e-10
2.69118e-10
2.92495e-10
2.68282e-10
2.43901e-10
2.91579e-10
2.85789e-10
2.95902e-10
2.84568e-10
2.45292e-10
2.79032e-10
3.05207e-10
3.01902e-10
2.94098e-10
2.88841e-10
2.97677e-10
3.09543e-10
2.90686e-10
2.96766e-10
3.17462e-10
3.01851e-10
2.89066e-10
2.99922e-10
3.1598e-10
3.22795e-10
2.65067e-10
2.53432e-10
2.7937e-10
2.71138e-10
2.96698e-10
2.79604e-10
3.45162e-10
3.07166e-10
2.81209e-10
2.32782e-10
2.82984e-10
2.63302e-10
2.58251e-10
3.06831e-10
3.44116e-10
3.03222e-10
2.7673e-10
2.86716e-10
2.97439e-10
2.68121e-10
3.0097e-10
2.39884e-10
2.97599e-10
3.00594e-10
2.71146e-10
2.69455e-10
2.87904e-10
2.77163e-10
2.89928e-10
2.96982e-10
3.13427e-10
2.80318e-10
2.66434e-10
2.85367e-10
2.92169e-10
2.53934e-10
2.97713e-10
2.77761e-10
2.98718e-10
2.61608e-10
2.90391e-10
2.56035e-10
2.96055e-10
2.54991e-10
2.85614e-10
2.95758e-10
2.15788e-10
2.84879e-10
2.38119e-10
3.21747e-10
2.87233e-10
1.88084e-10
2.87472e-10
3.19527e-10
2.94498e-10
2.46468e-10
2.85899e-10
2.90971e-10
3.09861e-10
2.92865e-10
2.94572e-10
3.14082e-10
2.88159e-10
2.59754e-10
2.94948e-10
2.97254e-10
2.98515e-10
2.69665e-10
2.9371e-10
2.95092e-10
3.23427e-10
2.84543e-10
2.94982e-10
1.45469e-10
2.72336e-10
2.40861e-10
2.78409e-10
3.1386e-10
3.1219e-10
2.96583e-10
2.45179e-10
2.93353e-10
3.05355e-10
2.76574e-10
2.46103e-10
2.9475e-10
2.84053e-10
2.7998e-10
2.79781e-10
3.09336e-10
2.79298e-10
2.36778e-10
2.8587e-10
3.09227e-10
3.12026e-10
2.54774e-10
2.50541e-10
2.70215e-10
2.66295e-10
2.91307e-10
3.00765e-10
2.96192e-10
2.93477e-10
3.16731e-10
2.66927e-10
1.88704e-10
2.66844e-10
2.56228e-10
2.39029e-10
2.92784e-10
3.1105e-10
2.82872e-10
2.76008e-10
2.78593e-10
2.7834e-10
2.19603e-10
2.89829e-10
3.05323e-10
3.00227e-10
2.24841e-10
2.85435e-10
3.12111e-10
2.58909e-10
3.05949e-10
3.0632e-10
1.98856e-10
3.30576e-10
2.42199e-10
2.7835e-10
2.67951e-10
2.90785e-10
2.97724e-10
2.81049e-10
2.89051e-10
3.16595e-10
2.55372e-10
2.8701e-10
2.68507e-10
2.29879e-10
2.98732e-10
3.06865e-10
2.93639e-10
3.21425e-10
3.08179e-10
2.60824e-10
2.90953e-10
2.88543e-10
2.87031e-10
2.99777e-10
2.6009e-10
2.70637e-10
3.01133e-10
2.77758e-10
2.49698e-10
2.60771e-10
2.276e-10
3.05367e-10
3.07575e-10
2.87693e-10
2.41713e-10
2.91106e-10
2.61855e-10
2.88596e-10
2.80717e-10
2.86737e-10
3.0299e-10
2.68359e-10
2.61524e-10
2.76449e-10
2.65846e-10
2.38078e-10
2.9359e-10
2.54308e-10
2.79461e-10
3.21217e-10
2.71459e-10
3.10596e-10
2.63703e-10
2.87741e-10
2.3823e-10
2.71291e-10
2.64547e-10
2.8419e-10
2.73857e-10
2.95919e-10
2.48079e-10
2.91673e-10
2.86023e-10
2.97612e-10
3.01233e-10
2.93376e-10
2.99435e-10
2.58826e-10
2.81933e-10
2.74536e-10
3.11634e-10
2.69519e-10
2.90755e-10
2.94225e-10
2.51158e-10
1.96228e-10
1.87765e-10
2.94858e-10
2.95275e-10
2.71785e-10
2.60004e-10
3.27983e-10
2.87654e-10
2.88656e-10
2.92144e-10
2.67684e-10
2.79628e-10
2.91901e-10
3.05668e-10
2.80812e-10
2.48794e-10
2.64201e-10
1.69733e-10
2.86445e-10
2.95799e-10
2.89782e-10
2.80989e-10
3.22692e-10
2.91162e-10
2.41878e-10
2.91703e-10
2.01776e-10
2.943e-10
2.59202e-10
2.94366e-10
2.86573e-10
2.33475e-10
2.71486e-10
2.93195e-10
2.52531e-10
2.2858e-10
3.08932e-10
2.5767e-10
3.22321e-10
2.21516e-10
2.55929e-10
2.78013e-10
2.65323e-10
2.58243e-10
3.09822e-10
2.99944e-10
2.81552e-10
2.48109e-10
3.00024e-10
2.56186e-10
2.69774e-10
2.96752e-10
2.96797e-10
3.08254e-10
3.0861e-10
3.03249e-10
2.82217e-10
2.85546e-10
3.06382e-10
3.11231e-10
2.65915e-10
2.8957e-10
3.21184e-10
2.91263e-10
2.79505e-10
2.73327e-10
2.76149e-10
2.89746e-10
3.09994e-10
2.86623e-10
3.14568e-10
2.8671e-10
2.21669e-10
2.63892e-10
3.0019e-10
2.90488e-10
2.33535e-10
2.92017e-10
3.25458e-10
2.7515e-10
3.01606e-10
2.56681e-10
2.63751e-10
2.40195e-10
2.87855e-10
2.72477e-10
3.04647e-10
2.82578e-10
2.68258e-10
2.61908e-10
2.71553e-10
2.86966e-10
2.89806e-10
3.00765e-10
2.58043e-10
2.72697e-10
2.70232e-10
2.88731e-10
2.85896e-10
2.36305e-10
2.91904e-10
2.55005e-10
3.29677e-10
3.14273e-10
3.03276e-10
2.67517e-10
2.60208e-10
2.90331e-10
2.84189e-10
3.18821e-10
2.93324e-10
2.95942e-10
2.74197e-10
2.7059e-10
2.87488e-10
2.92928e-10
3.14636e-10
2.85833e-10
2.98663e-10
2.49776e-10
2.45405e-10
2.63946e-10
2.93925e-10
2.54504e-10
2.76533e-10
3.24145e-10
3.04261e-10
2.94379e-10
2.50883e-10
2.95084e-10
2.58073e-10
2.70008e-10
2.90423e-10
2.76614e-10
2.92723e-10
2.836e-10
2.9537e-10
2.68487e-10
2.99835e-10
2.71496e-10
2.37943e-10
3.20504e-10
2.61844e-10
2.67765e-10
2.78763e-10
2.46152e-10
2.68214e-10
2.97433e-10
3.05485e-10
3.08882e-10
3.0893e-10
2.99064e-10
3.06652e-10
2.86514e-10
2.95854e-10
2.99334e-10
3.02361e-10
3.07243e-10
3.24738e-10
2.74989e-10
2.82264e-10
2.85995e-10
2.72634e-10
2.60255e-10
2.75856e-10
3.33179e-10
2.94522e-10
2.60924e-10
2.75546e-10
2.84173e-10
2.48149e-10
2.70528e-10
2.76201e-10
2.88541e-10
3.14668e-10
3.07538e-10
2.87408e-10
3.10006e-10
2.54163e-10
2.8121e-10
2.85101e-10
2.95811e-10
3.00636e-10
3.17986e-10
2.59234e-10
2.48881e-10
2.61682e-10
3.01062e-10
2.94642e-10
3.09163e-10
2.6434e-10
2.63896e-10
2.66378e-10
2.33744e-10
3.07598e-10
2.44523e-10
2.62191e-10
2.79818e-10
3.11771e-10
2.90332e-10
2.95428e-10
2.59057e-10
2.62275e-10
2.67462e-10
2.75702e-10
2.88807e-10
2.80918e-10
3.08346e-10
3.0386e-10
2.51071e-10
2.94186e-10
2.58272e-10
2.9961e-10
3.10762e-10
3.00098e-10
2.61355e-10
3.03684e-10
2.56924e-10
3.03281e-10
2.85874e-10
3.12129e-10
2.96177e-10
3.40474e-10
2.70859e-10
2.45729e-10
2.92565e-10
2.8523e-10
2.84608e-10
2.75708e-10
2.99362e-10
2.71948e-10
2.96981e-10
2.5305e-10
2.76475e-10
2.71781e-10
2.81398e-10
2.73784e-10
2.92274e-10
3.14512e-10
2.95507e-10
3.00792e-10
2.90623e-10
2.69842e-10
2.62496e-10
2.75811e-10
3.14555e-10
3.1446e-10
2.87797e-10
2.69568e-10
2.53392e-10
2.60751e-10
2.81435e-10
2.77288e-10
2.45331e-10
2.51203e-10
2.78596e-10
2.84004e-10
2.8291e-10
2.63326e-10
2.89221e-10
2.85018e-10
3.17079e-10
2.79866e-10
2.31872e-10
2.9752e-10
3.04773e-10
2.49186e-10
3.0204e-10
2.50304e-10
3.20707e-10
3.09903e-10
2.8671e-10
2.38206e-10
2.85175e-10
2.92376e-10
2.68489e-10
2.94535e-10
2.85117e-10
2.64297e-10
2.98506e-10
3.06817e-10
2.65436e-10
2.45961e-10
3.15978e-10
2.54021e-10
2.9959e-10
2.75319e-10
3.0586e-10
2.91826e-10
2.77292e-10
3.11702e-10
3.03508e-10
2.88928e-10
2.94796e-10
2.97551e-10
2.11406e-10
3.0584e-10
2.51262e-10
2.88052e-10
2.90683e-10
2.57719e-10
2.94042e-10
3.08046e-10
2.39903e-10
2.74975e-10
2.41226e-10
2.83856e-10
2.63153e-10
2.98259e-10
2.95051e-10
3.2179e-10
2.35647e-10
2.35744e-10
2.6872e-10
2.7521e-10
2.38499e-10
3.07627e-10
3.125e-10
3.1054e-10
2.91629e-10
2.40001e-10
2.89519e-10
2.86647e-10
2.84744e-10
3.00724e-10
2.80265e-10
3.12898e-10
2.81781e-10
3.01001e-10
2.75187e-10
2.97935e-10
2.77231e-10
2.81575e-10
2.95338e-10
3.11269e-10
2.58506e-10
2.97924e-10
2.91009e-10
2.64478e-10
2.24902e-10
3.18087e-10
2.80418e-10
3.21083e-10
2.58002e-10
2.62249e-10
2.95212e-10
2.93788e-10
2.89301e-10
2.92124e-10
2.91694e-10
2.85781e-10
2.64624e-10
2.66374e-10
2.94954e-10
2.84644e-10
2.97275e-10
2.94544e-10
2.1939e-10
3.16224e-10
2.64481e-10
2.88211e-10
2.8026e-10
2.57077e-10
2.77726e-10
2.66779e-10
2.89267e-10
3.19739e-10
2.67339e-10
3.02387e-10
2.63935e-10
2.83503e-10
2.68671e-10
2.84345e-10
2.90249e-10
2.78752e-10
2.86098e-10
2.71481e-10
2.63449e-10
2.91848e-10
2.95826e-10
3.22014e-10
2.49157e-10
2.05558e-10
2.74452e-10
2.82322e-10
2.81907e-10
2.5161e-10
2.99602e-10
3.15069e-10
2.89095e-10
3.00057e-10
3.09178e-10
2.5646e-10
2.57846e-10
3.02037e-10
2.96311e-10
2.57598e-10
2.94182e-10
3.08578e-10
2.93948e-10
3.12161e-10
2.74673e-10
2.67487e-10
2.80334e-10
2.83105e-10
3.01528e-10
2.99647e-10
3.02697e-10
2.84719e-10
2.48674e-10
2.18893e-10
2.53572e-10
2.6054e-10
2.91886e-10
2.98478e-10
3.00896e-10
2.81551e-10
2.70809e-10
2.61814e-10
2.80858e-10
3.00624e-10
2.8736e-10
2.96696e-10
3.12265e-10
2.51261e-10
3.05812e-10
3.00238e-10
2.92893e-10
2.94572e-10
3.05916e-10
2.65045e-10
2.33475e-10
2.83997e-10
3.00187e-10
2.2673e-10
2.65321e-10
2.28116e-10
2.87949e-10
2.99734e-10
2.67704e-10
3.05647e-10
2.63648e-10
2.97264e-10
3.02438e-10
2.83673e-10
3.02863e-10
3.10156e-10
2.76397e-10
2.14137e-10
2.37192e-10
2.48487e-10
2.15983e-10
2.89227e-10
3.11251e-10
3.28607e-10
2.79541e-10
2.91108e-10
2.95605e-10
2.48694e-10
2.87335e-10
2.88293e-10
3.03039e-10
3.20187e-10
2.86319e-10
2.77405e-10
2.69312e-10
2.68479e-10
2.68111e-10
2.3367e-10
3.37837e-10
3.19179e-10
2.99681e-10
2.9074e-10
2.10807e-10
2.60157e-10
2.87242e-10
2.92445e-10
2.86701e-10
3.10342e-10
3.04004e-10
2.5792e-10
2.12248e-10
2.863e-10
3.05902e-10
2.63138e-10
3.22705e-10
3.09275e-10
2.40959e-10
2.928e-10
2.61303e-10
3.04475e-10
2.58086e-10
2.89341e-10
3.19151e-10
3.25415e-10
2.87469e-10
2.99888e-10
2.85024e-10
2.86941e-10
2.67575e-10
2.35599e-10
2.78629e-10
2.93581e-10
2.87009e-10
2.92866e-10
2.70897e-10
2.99778e-10
2.22934e-10
2.66475e-10
3.10573e-10
3.13896e-10
2.65731e-10
2.71921e-10
2.83293e-10
2.72694e-10
2.90393e-10
2.65894e-10
3.23718e-10
2.83848e-10
3.1294e-10
2.65277e-10
2.36605e-10
2.71257e-10
2.98939e-10
2.61753e-10
2.67976e-10
2.42488e-10
3.06139e-10
2.8687e-10
2.90096e-10
2.85137e-10
2.88328e-10
3.11847e-10
3.09166e-10
2.88595e-10
2.81865e-10
2.05692e-10
2.81708e-10
2.92267e-10
2.84031e-10
2.85061e-10
3.03602e-10
2.8618e-10
2.79949e-10
2.84451e-10
2.39619e-10
2.46758e-10
2.65115e-10
2.81614e-10
2.95112e-10
3.21437e-10
2.95838e-10
2.86866e-10
3.06022e-10
2.71466e-10
2.4109e-10
2.70774e-10
2.76664e-10
3.27074e-10
3.20893e-10
3.06604e-10
2.73224e-10
2.81306e-10
2.75854e-10
2.85329e-10
2.96764e-10
2.98782e-10
2.70654e-10
2.92825e-10
2.7981e-10
2.78034e-10
2.64401e-10
2.72036e-10
2.73681e-10
2.70095e-10
2.94435e-10
2.98671e-10
2.7949e-10
3.03624e-10
2.92272e-10
2.85545e-10
2.88715e-10
2.72332e-10
2.90314e-10
2.74343e-10
2.91471e-10
2.82522e-10
2.84288e-10
3.07791e-10
2.92498e-10
3.14438e-10
2.92623e-10
2.94232e-10
2.98286e-10
2.64082e-10
3.07472e-10
3.03323e-10
3.02507e-10
2.51053e-10
2.6259e-10
2.89254e-10
3.20971e-10
2.82845e-10
2.63437e-10
2.70107e-10
2.57157e-10
2.81936e-10
2.97468e-10
2.93572e-10
2.68816e-10
2.92185e-10
2.79194e-10
2.58116e-10
2.85351e-10
2.55797e-10
2.89408e-10
3.30154e-10
2.69845e-10
2.87397e-10
2.48818e-10
2.8921e-10
3.10899e-10
2.882e-10
2.64118e-10
2.91082e-10
3.12275e-10
2.86868e-10
2.89405e-10
2.69893e-10
2.83318e-10
3.11135e-10
2.80858e-10
2.93306e-10
2.83638e-10
2.0414e-10
2.68631e-10
2.71792e-10
2.91689e-10
3.33293e-10
2.99861e-10
2.47563e-10
2.94556e-10
2.77556e-10
2.14631e-10
2.86868e-10
1.61613e-10
3.31985e-10
2.46083e-10
2.64498e-10
2.93969e-10
3.03909e-10
2.88234e-10
2.87388e-10
3.129e-10
3.1838e-10
3.09424e-10
2.7264e-10
2.33455e-10
2.86147e-10
3.19358e-10
2.88404e-10
3.17187e-10
3.18178e-10
2.54529e-10
2.83001e-10
3.00613e-10
2.3008e-10
2.75593e-10
2.44327e-10
2.31497e-10
3.12455e-10
2.61692e-10
2.77681e-10
2.82838e-10
2.74792e-10
3.04077e-10
3.06012e-10
2.70309e-10
2.55772e-10
2.75706e-10
3.14789e-10
2.96911e-10
2.79634e-10
2.80779e-10
2.28176e-10
2.55973e-10
3.20981e-10
2.6251e-10
3.10381e-10
2.44803e-10
2.89392e-10
2.2732e-10
2.21236e-10
3.10283e-10
1.99868e-10
2.40438e-10
2.94633e-10
2.82247e-10
2.6054e-10
2.71737e-10
2.89208e-10
2.95578e-10
3.19725e-10
2.60924e-10
2.89982e-10
1.62101e-10
2.67691e-10
2.93395e-10
2.90136e-10
2.9754e-10
2.79092e-10
2.81724e-10
2.86727e-10
2.47599e-10
2.73853e-10
2.86231e-10
2.84797e-10
2.64142e-10
3.2937e-10
2.99521e-10
2.80456e-10
2.77036e-10
2.8451e-10
2.5941e-10
2.20396e-10
2.65007e-10
3.17137e-10
2.46468e-10
2.67169e-10
3.20574e-10
2.85116e-10
2.06913e-10
2.49459e-10
2.50991e-10
2.85686e-10
3.03362e-10
2.81133e-10
2.9504e-10
3.14057e-10
2.70962e-10
2.69486e-10
2.70027e-10
2.8649e-10
2.89648e-10
1.9683e-10
2.68116e-10
2.9228e-10
2.77011e-10
2.45595e-10
2.8363e-10
2.95955e-10
2.54155e-10
2.99091e-10
2.47261e-10
2.72213e-10
3.0413e-10
2.91486e-10
2.98174e-10
3.38293e-10
2.5174e-10
2.78537e-10
2.48542e-10
2.91649e-10
3.01655e-10
2.87625e-10
2.93176e-10
3.24466e-10
2.82952e-10
2.58993e-10
2.6707e-10
3.05601e-10
2.75792e-10
2.74711e-10
2.98196e-10
3.03546e-10
2.8206e-10
2.70885e-10
2.50926e-10
2.60943e-10
3.01639e-10
3.19463e-10
2.74113e-10
2.94649e-10
2.95413e-10
2.49555e-10
2.81993e-10
2.83633e-10
2.60955e-10
2.85917e-10
2.83773e-10
2.87565e-10
2.83727e-10
2.91972e-10
2.63141e-10
2.43472e-10
3.05578e-10
3.0144e-10
2.88587e-10
3.0919e-10
2.51305e-10
2.7458e-10
2.81061e-10
2.78197e-10
2.8172e-10
3.12378e-10
1.62556e-10
2.96378e-10
2.61859e-10
2.98727e-10
2.15307e-10
2.89479e-10
2.97393e-10
2.92104e-10
2.53964e-10
3.25554e-10
2.63293e-10
3.12703e-10
2.83017e-10
2.95775e-10
3.07022e-10
2.61352e-10
3.14237e-10
3.26704e-10
2.85395e-10
2.3929e-10
2.66947e-10
2.56331e-10
2.43317e-10
2.73006e-10
2.72664e-10
2.47125e-10
2.72184e-10
2.60426e-10
2.47276e-10
2.92208e-10
2.93025e-10
2.78966e-10
2.97258e-10
2.79166e-10
2.73419e-10
2.78185e-10
2.80206e-10
2.91419e-10
3.00721e-10
2.8e-10
3.2149e-10
3.09399e-10
2.85716e-10
3.12235e-10
2.86344e-10
3.0082e-10
2.84062e-10
2.50762e-10
3.11491e-10
3.27847e-10
2.56403e-10
2.30848e-10
2.78172e-10
2.21953e-10
2.87178e-10
3.1591e-10
2.81957e-10
3.03175e-10
2.95968e-10
2.91466e-10
2.93028e-10
2.82951e-10
3.04527e-10
2.77227e-10
3.00087e-10
2.73824e-10
2.69099e-10
2.93815e-10
2.73766e-10
2.65914e-10
1.93648e-10
2.97746e-10
2.51569e-10
3.06855e-10
2.70808e-10
2.84878e-10
2.51077e-10
3.14059e-10
2.9481e-10
2.17964e-10
3.06851e-10
3.12481e-10
2.41958e-10
2.73011e-10
3.06695e-10
2.95208e-10
2.88489e-10
2.19716e-10
2.88919e-10
3.01307e-10
2.89089e-10
2.816e-10
3.04596e-10
2.77854e-10
2.80898e-10
3.1331e-10
2.84977e-10
2.85632e-10
2.89921e-10
2.76043e-10
2.53959e-10
2.81119e-10
2.77641e-10
2.69147e-10
2.7119e-10
2.93031e-10
2.33475e-10
2.88942e-10
2.99299e-10
2.62741e-10
2.79573e-10
2.86906e-10
2.90386e-10
2.6843e-10
2.51883e-10
2.60754e-10
2.66488e-10
2.7937e-10
2.40384e-10
2.89909e-10
3.26697e-10
3.10218e-10
3.05217e-10
2.98867e-10
3.18744e-10
1.62954e-10
3.02514e-10
2.90485e-10
2.98495e-10
3.21237e-10
2.80287e-10
2.60849e-10
2.54459e-10
3.01524e-10
2.48245e-10
3.12532e-10
3.24499e-10
2.89559e-10
3.06004e-10
2.74985e-10
2.47544e-10
2.88734e-10
3.12114e-10
2.94454e-10
2.99223e-10
3.25462e-10
2.67339e-10
2.65929e-10
2.76917e-10
2.76165e-10
2.91033e-10
2.89244e-10
3.10919e-10
2.98132e-10
2.93252e-10
2.95009e-10
2.70251e-10
2.62348e-10
2.80728e-10
2.66768e-10
2.78461e-10
3.06544e-10
2.79155e-10
2.86261e-10
2.8553e-10
2.86369e-10
1.71826e-10
3.03942e-10
2.84808e-10
2.95751e-10
2.84373e-10
2.91064e-10
2.54274e-10
2.55982e-10
2.73617e-10
3.0127e-10
2.87765e-10
2.03104e-10
2.74157e-10
2.48052e-10
3.10522e-10
2.78764e-10
2.89443e-10
3.1157e-10
2.80004e-10
3.50233e-10
2.89993e-10
3.08459e-10
2.3228e-10
2.76513e-10
2.73213e-10
3.08723e-10
2.96533e-10
3.00903e-10
2.87511e-10
2.7405e-10
3.21703e-10
2.72381e-10
2.96568e-10
2.87194e-10
3.10646e-10
3.26822e-10
2.9863e-10
2.25119e-10
3.01712e-10
3.11615e-10
2.46202e-10
2.96482e-10
2.88341e-10
3.08651e-10
2.57796e-10
2.69054e-10
2.30127e-10
2.65792e-10
2.33633e-10
2.69196e-10
2.72902e-10
2.697e-10
2.88356e-10
2.56496e-10
2.88e-10
3.07244e-10
2.62803e-10
2.8882e-10
2.03362e-10
3.19743e-10
2.46277e-10
2.60428e-10
3.05645e-10
2.82451e-10
2.6355e-10
2.50327e-10
3.08758e-10
2.71673e-10
2.9951e-10
2.52234e-10
2.93689e-10
2.72727e-10
2.52131e-10
2.81962e-10
2.68764e-10
3.29325e-10
3.03501e-10
2.76607e-10
2.87603e-10
2.79409e-10
2.67729e-10
2.96612e-10
2.96205e-10
3.07973e-10
3.06568e-10
2.60897e-10
2.83661e-10
2.61401e-10
2.5276e-10
2.99909e-10
3.05076e-10
3.32974e-10
3.07279e-10
2.87055e-10
2.57281e-10
2.96555e-10
2.87046e-10
2.47166e-10
2.88344e-10
2.98522e-10
2.6893e-10
3.06778e-10
2.76373e-10
2.77125e-10
2.01603e-10
2.80317e-10
2.36223e-10
2.73063e-10
2.45288e-10
2.72266e-10
2.60756e-10
3.1411e-10
2.82709e-10
2.79008e-10
3.2612e-10
2.45825e-10
2.63522e-10
3.171e-10
2.7193e-10
2.40156e-10
2.63731e-10
2.56211e-10
2.40668e-10
2.90703e-10
2.97765e-10
2.94052e-10
2.73811e-10
2.69549e-10
2.92427e-10
2.9451e-10
2.9106e-10
2.79097e-10
2.79636e-10
2.35718e-10
2.74692e-10
2.99428e-10
2.58144e-10
2.68776e-10
2.67114e-10
3.31626e-10
2.60213e-10
2.61569e-10
2.92133e-10
2.12039e-10
3.05716e-10
2.52569e-10
2.65226e-10
3.00593e-10
2.91546e-10
2.98484e-10
2.93944e-10
2.18307e-10
2.88942e-10
2.59967e-10
3.1076e-10
2.93604e-10
2.77279e-10
2.63281e-10
2.4254e-10
2.24339e-10
2.77185e-10
2.90622e-10
2.86175e-10
3.07806e-10
2.92639e-10
2.35901e-10
3.08254e-10
2.8931e-10
2.7693e-10
3.20354e-10
2.8325e-10
2.74074e-10
2.94407e-10
2.31043e-10
2.73494e-10
2.81861e-10
2.75992e-10
3.20819e-10
3.19019e-10
2.97656e-10
2.59379e-10
3.18964e-10
2.73442e-10
2.65718e-10
2.41405e-10
3.11671e-10
2.30842e-10
2.45842e-10
2.55254e-10
2.26879e-10
2.80284e-10
2.94385e-10
2.63629e-10
2.6166e-10
3.29493e-10
3.25869e-10
2.70706e-10
3.11973e-10
3.06496e-10
2.94406e-10
3.005e-10
3.1179e-10
2.98914e-10
3.13806e-10
2.8671e-10
3.03388e-10
2.71986e-10
2.82053e-10
2.48211e-10
2.79013e-10
3.07089e-10
3.22923e-10
3.04247e-10
2.55204e-10
2.7753e-10
2.9597e-10
2.63024e-10
3.10286e-10
2.94893e-10
3.01626e-10
3.02091e-10
2.24299e-10
2.96498e-10
2.42904e-10
2.92997e-10
2.9497e-10
3.2133e-10
2.83498e-10
2.83549e-10
2.62581e-10
2.85734e-10
3.05765e-10
2.7469e-10
2.86821e-10
2.3767e-10
3.10024e-10
3.07131e-10
1.58152e-10
1.94125e-10
2.85228e-10
2.97932e-10
2.15675e-10
3.22392e-10
3.13872e-10
2.63293e-10
2.91562e-10
2.51114e-10
2.75587e-10
2.83791e-10
2.84183e-10
3.02996e-10
3.07473e-10
2.55372e-10
1.79844e-10
2.78331e-10
2.71199e-10
2.93748e-10
2.87584e-10
2.8858e-10
3.09867e-10
2.49616e-10
2.56943e-10
2.53583e-10
2.9782e-10
2.79261e-10
3.08897e-10
3.11636e-10
2.94121e-10
2.25441e-10
2.88351e-10
2.85911e-10
2.50836e-10
2.70889e-10
2.73957e-10
3.08982e-10
3.1877e-10
3.00675e-10
3.01414e-10
3.01695e-10
3.0364e-10
2.71595e-10
2.82e-10
3.33059e-10
2.48095e-10
3.05019e-10
1.93922e-10
2.50357e-10
2.4406e-10
2.53533e-10
2.84363e-10
2.86114e-10
2.74701e-10
2.94121e-10
2.28919e-10
2.75347e-10
3.00152e-10
2.65751e-10
2.34003e-10
3.34149e-10
2.64673e-10
2.80917e-10
2.83981e-10
2.50736e-10
3.08189e-10
2.91955e-10
3.08921e-10
2.32044e-10
3.0607e-10
2.62024e-10
2.98371e-10
2.71821e-10
2.55819e-10
2.80193e-10
2.70993e-10
2.82784e-10
2.78672e-10
2.7091e-10
2.89125e-10
2.8092e-10
2.0302e-10
2.74551e-10
2.83738e-10
2.35787e-10
3.42717e-10
2.73419e-10
2.84443e-10
3.03082e-10
2.21081e-10
3.12882e-10
2.7267e-10
2.70902e-10
3.19254e-10
2.12969e-10
2.78756e-10
2.95327e-10
2.5253e-10
2.52448e-10
3.04172e-10
2.68492e-10
2.82858e-10
2.65664e-10
2.87814e-10
2.94931e-10
2.73264e-10
2.92593e-10
2.13742e-10
2.98045e-10
2.85432e-10
2.53902e-10
2.78064e-10
3.15626e-10
2.29615e-10
2.76593e-10
2.67733e-10
2.85926e-10
2.36727e-10
2.99987e-10
2.85015e-10
2.73537e-10
1.98085e-10
2.96529e-10
3.04417e-10
2.94896e-10
2.93925e-10
2.90924e-10
2.16165e-10
2.89348e-10
2.1939e-10
2.96707e-10
2.86684e-10
2.54629e-10
3.11268e-10
2.85919e-10
2.33879e-10
2.79018e-10
2.64643e-10
1.60446e-10
2.96864e-10
2.69025e-10
3.17529e-10
2.63672e-10
2.68617e-10
2.41814e-10
3.03752e-10
2.91245e-10
2.86481e-10
2.41666e-10
3.39411e-10
3.02769e-10
2.64324e-10
2.38657e-10
2.57768e-10
3.0562e-10
3.02017e-10
3.00691e-10
2.9228e-10
3.0317e-10
2.75183e-10
2.89127e-10
2.88255e-10
2.75138e-10
2.68149e-10
2.99632e-10
3.13313e-10
2.72419e-10
2.66718e-10
3.01415e-10
3.06459e-10
2.9242e-10
2.85244e-10
3.13621e-10
3.11765e-10
2.83395e-10
2.8964e-10
2.08287e-10
3.00611e-10
2.71821e-10
2.75735e-10
2.21029e-10
3.08871e-10
2.56624e-10
2.5501e-10
2.79061e-10
2.77438e-10
2.94584e-10
2.90598e-10
2.86496e-10
2.87202e-10
2.46083e-10
2.69461e-10
2.83841e-10
2.8214e-10
2.99115e-10
2.60022e-10
2.93592e-10
2.97847e-10
2.74114e-10
2.87922e-10
2.4774e-10
2.93464e-10
2.57815e-10
2.71313e-10
2.99989e-10
2.56465e-10
2.39069e-10
2.76939e-10
2.83592e-10
2.8305e-10
2.59085e-10
3.04808e-10
2.72337e-10
3.21231e-10
2.67704e-10
2.68882e-10
2.91971e-10
2.91312e-10
2.67445e-10
2.69697e-10
2.57961e-10
3.21843e-10
2.95157e-10
2.73925e-10
2.70399e-10
2.90662e-10
2.94091e-10
3.27583e-10
3.12971e-10
3.11106e-10
3.1764e-10
2.95502e-10
2.88185e-10
3.05197e-10
2.76934e-10
2.1012e-10
3.06193e-10
2.28126e-10
2.37896e-10
2.69394e-10
2.77072e-10
2.48469e-10
2.61947e-10
3.0703e-10
2.86412e-10
2.59363e-10
2.82551e-10
2.94233e-10
2.38397e-10
2.79184e-10
2.9384e-10
2.76139e-10
2.86264e-10
2.83568e-10
2.91744e-10
2.40499e-10
2.90069e-10
2.61332e-10
2.95997e-10
2.2494e-10
2.93602e-10
2.80281e-10
2.87407e-10
2.59729e-10
3.00115e-10
2.85868e-10
2.80507e-10
2.57161e-10
2.35132e-10
2.83305e-10
2.63896e-10
2.55144e-10
2.77053e-10
2.80815e-10
2.91927e-10
2.66482e-10
2.93954e-10
2.52733e-10
2.53253e-10
2.57938e-10
2.85223e-10
2.56199e-10
2.76613e-10
2.77781e-10
2.70119e-10
3.02656e-10
2.95427e-10
2.28779e-10
2.72748e-10
2.74428e-10
2.79838e-10
2.88873e-10
3.07089e-10
2.99946e-10
2.73152e-10
2.81302e-10
2.85777e-10
2.72708e-10
2.96638e-10
3.16666e-10
2.83095e-10
2.6418e-10
2.72089e-10
2.7807e-10
2.93268e-10
2.67143e-10
3.02607e-10
2.67762e-10
3.07256e-10
3.03239e-10
1.44219e-10
2.94285e-10
2.59633e-10
3.02558e-10
2.63685e-10
3.09642e-10
3.03053e-10
3.2405e-10
2.4549e-10
2.56921e-10
3.17221e-10
2.73641e-10
2.92857e-10
2.9641e-10
3.15467e-10
2.73861e-10
2.98185e-10
2.51517e-10
3.03377e-10
2.65376e-10
2.07327e-10
2.84659e-10
2.76843e-10
3.12785e-10
2.81639e-10
2.8797e-10
2.6714e-10
2.71821e-10
2.80755e-10
2.94638e-10
2.90923e-10
3.06259e-10
2.71752e-10
2.84817e-10
3.00561e-10
2.7712e-10
2.60175e-10
2.97735e-10
3.21588e-10
2.75885e-10
2.65529e-10
2.71646e-10
2.94005e-10
2.43779e-10
3.18021e-10
3.02201e-10
3.10958e-10
2.93339e-10
3.09499e-10
2.48386e-10
2.6819e-10
2.58705e-10
3.11249e-10
3.14376e-10
2.41182e-10
3.0452e-10
2.81893e-10
2.59725e-10
2.91246e-10
2.85525e-10
2.57455e-10
2.82334e-10
2.80683e-10
1.83585e-10
3.06131e-10
2.86552e-10
3.07416e-10
2.92283e-10
3.16312e-10
2.74063e-10
3.01131e-10
2.7226e-10
2.86689e-10
2.93902e-10
3.04089e-10
2.24237e-10
2.66461e-10
2.93724e-10
2.92682e-10
2.99154e-10
2.71945e-10
2.37982e-10
2.96177e-10
2.88285e-10
3.05724e-10
2.80257e-10
2.22189e-10
3.12493e-10
2.86297e-10
2.7616e-10
3.12225e-10
2.19509e-10
2.44565e-10
2.94886e-10
3.10404e-10
3.30082e-10
2.51883e-10
2.51885e-10
2.84541e-10
2.96199e-10
2.97105e-10
2.49455e-10
3.03027e-10
3.35128e-10
3.13923e-10
2.83801e-10
2.6357e-10
2.73892e-10
2.9513e-10
2.44687e-10
3.05274e-10
2.54917e-10
2.91513e-10
2.8264e-10
2.53555e-10
2.95195e-10
2.90301e-10
2.73744e-10
2.78206e-10
2.7721e-10
2.89032e-10
2.81754e-10
2.61897e-10
2.90245e-10
2.66025e-10
3.1154e-10
2.74944e-10
3.06825e-10
2.87857e-10
3.01901e-10
2.73893e-10
2.58921e-10
2.84388e-10
2.7565e-10
2.30401e-10
3.39752e-10
2.71704e-10
3.10058e-10
3.07945e-10
2.63751e-10
2.75152e-10
2.78749e-10
3.0538e-10
3.03717e-10
2.85256e-10
3.04581e-10
2.39359e-10
2.54956e-10
2.97058e-10
2.83319e-10
2.69363e-10
3.08054e-10
2.81122e-10
2.71375e-10
2.85031e-10
2.86175e-10
2.4922e-10
2.71887e-10
3.22837e-10
3.29255e-10
2.95292e-10
2.88953e-10
2.95621e-10
2.81655e-10
2.94107e-10
2.86363e-10
3.11469e-10
3.0389e-10
3.08623e-10
2.7997e-10
3.0213e-10
2.92255e-10
2.75033e-10
2.86175e-10
2.83908e-10
3.47751e-10
3.04787e-10
2.87776e-10
2.90651e-10
2.23982e-10
2.76252e-10
2.79305e-10
3.09865e-10
3.02763e-10
2.84519e-10
2.88584e-10
2.70969e-10
3.0583e-10
2.97551e-10
2.91302e-10
2.94453e-10
2.85856e-10
3.05943e-10
2.71453e-10
2.94855e-10
3.00256e-10
2.86654e-10
2.90127e-10
2.94484e-10
2.85857e-10
3.0351e-10
2.80896e-10
1.25647e-10
2.83002e-10
2.70695e-10
2.74873e-10
2.99847e-10
3.1426e-10
2.83878e-10
2.95375e-10
2.58638e-10
3.01049e-10
2.65292e-10
2.84389e-10
2.59475e-10
3.23391e-10
2.74157e-10
2.82512e-10
2.75237e-10
2.59445e-10
2.96129e-10
2.87756e-10
2.80656e-10
3.06585e-10
2.81382e-10
2.4067e-10
2.56481e-10
2.56865e-10
2.98614e-10
2.39201e-10
3.12031e-10
3.05138e-10
2.64336e-10
2.97972e-10
2.93991e-10
2.64655e-10
3.02376e-10
2.99291e-10
2.41144e-10
2.97008e-10
2.98664e-10
2.84583e-10
2.78912e-10
2.70121e-10
2.81885e-10
2.93669e-10
2.22581e-10
2.966e-10
2.97323e-10
2.94794e-10
2.25385e-10
2.86524e-10
3.04734e-10
2.59169e-10
2.88757e-10
3.2089e-10
2.66776e-10
2.65886e-10
2.29917e-10
2.37189e-10
2.35436e-10
2.30258e-10
2.44624e-10
2.23592e-10
2.16875e-10
2.4269e-10
3.0198e-10
2.62912e-10
2.78672e-10
2.89322e-10
3.14056e-10
2.53745e-10
2.6876e-10
2.76007e-10
2.93163e-10
2.40863e-10
3.01e-10
2.78166e-10
2.79602e-10
3.23181e-10
2.93432e-10
2.44257e-10
2.76729e-10
2.44778e-10
2.95297e-10
2.41898e-10
3.13957e-10
3.38672e-10
2.68063e-10
1.79933e-10
1.93319e-10
2.67753e-10
2.45481e-10
3.03715e-10
2.97812e-10
2.83708e-10
3.05661e-10
2.84313e-10
3.04941e-10
2.99628e-10
3.02627e-10
2.93554e-10
2.45003e-10
2.81133e-10
2.64191e-10
2.64946e-10
2.77685e-10
1.67482e-10
1.96786e-10
2.6871e-10
3.10609e-10
3.14353e-10
2.34592e-10
3.04531e-10
2.94958e-10
2.83521e-10
2.7032e-10
2.63859e-10
2.18302e-10
2.5617e-10
2.79636e-10
2.75361e-10
2.92062e-10
3.09879e-10
2.50312e-10
2.43905e-10
2.74014e-10
3.07921e-10
3.00756e-10
2.8473e-10
2.87796e-10
2.81065e-10
2.87515e-10
2.74367e-10
3.15911e-10
2.96439e-10
3.11961e-10
3.00366e-10
2.76995e-10
2.92214e-10
2.92235e-10
2.22319e-10
1.8883e-10
3.12036e-10
3.02461e-10
2.81989e-10
2.53825e-10
2.6268e-10
2.91748e-10
2.65719e-10
2.97471e-10
2.98452e-10
2.52581e-10
2.60267e-10
2.90712e-10
2.96124e-10
3.1004e-10
3.02499e-10
2.8557e-10
2.90904e-10
2.83188e-10
3.0608e-10
3.09329e-10
2.47165e-10
2.91262e-10
2.85975e-10
2.72416e-10
2.65236e-10
2.87511e-10
2.37423e-10
2.55347e-10
3.02433e-10
1.99087e-10
2.43839e-10
3.08012e-10
2.86458e-10
2.86009e-10
2.90828e-10
2.85084e-10
2.969e-10
3.02771e-10
2.32766e-10
3.12166e-10
2.77302e-10
2.91645e-10
2.78412e-10
2.70964e-10
2.7754e-10
2.31331e-10
2.6273e-10
2.65711e-10
2.8709e-10
2.674e-10
2.66866e-10
2.82218e-10
2.84329e-10
2.74477e-10
2.87173e-10
2.885e-10
2.96027e-10
2.61776e-10
2.43794e-10
3.06608e-10
2.78534e-10
2.62022e-10
3.1062e-10
2.48504e-10
2.84276e-10
2.41465e-10
2.74449e-10
2.59731e-10
2.17642e-10
2.9936e-10
2.6877e-10
2.95234e-10
3.24646e-10
2.88649e-10
3.00301e-10
2.90379e-10
2.60902e-10
2.50567e-10
2.77498e-10
2.95273e-10
2.56882e-10
3.10934e-10
2.95282e-10
2.90791e-10
2.78966e-10
2.83058e-10
3.09794e-10
2.91603e-10
3.00879e-10
2.90297e-10
3.09942e-10
2.37733e-10
2.48993e-10
2.92145e-10
3.11478e-10
3.12181e-10
3.18323e-10
2.89464e-10
2.79496e-10
3.0022e-10
2.40121e-10
2.93069e-10
2.40925e-10
3.05041e-10
3.27178e-10
2.86253e-10
3.06786e-10
3.09802e-10
2.52456e-10
2.99681e-10
3.01156e-10
2.70109e-10
2.9194e-10
2.98116e-10
2.82403e-10
2.91159e-10
3.16871e-10
2.13627e-10
2.52354e-10
2.77582e-10
2.76309e-10
2.97801e-10
2.97751e-10
3.04541e-10
3.0051e-10
2.50603e-10
3.01049e-10
3.04401e-10
2.84861e-10
3.02128e-10
2.7603e-10
2.80909e-10
2.62649e-10
2.5449e-10
2.97307e-10
2.66588e-10
3.08452e-10
2.89648e-10
2.78852e-10
2.19026e-10
2.61001e-10
2.61138e-10
2.85869e-10
2.30173e-10
3.09372e-10
3.15394e-10
2.82776e-10
2.53236e-10
2.34738e-10
2.90115e-10
3.0426e-10
2.82953e-10
2.94046e-10
2.4549e-10
2.35574e-10
2.79145e-10
2.88283e-10
2.79346e-10
2.52324e-10
2.78933e-10
3.06154e-10
2.93596e-10
2.94577e-10
2.92022e-10
2.73554e-10
3.08889e-10
2.50173e-10
3.21094e-10
2.89145e-10
3.00442e-10
2.84611e-10
2.88913e-10
2.90593e-10
2.85064e-10
2.88249e-10
3.11079e-10
2.51927e-10
2.80073e-10
2.93856e-10
2.76959e-10
2.95665e-10
2.77709e-10
2.60248e-10
2.25242e-10
3.03487e-10
2.96994e-10
2.81367e-10
2.97022e-10
2.37282e-10
2.82895e-10
3.06683e-10
2.94402e-10
2.86381e-10
2.91662e-10
2.92751e-10
2.69797e-10
2.87454e-10
3.10317e-10
2.98492e-10
2.89185e-10
2.79242e-10
2.83162e-10
2.68508e-10
2.94261e-10
2.65648e-10
2.57607e-10
2.97505e-10
2.75761e-10
3.06188e-10
2.86428e-10
2.70912e-10
2.33641e-10
2.61036e-10
2.72e-10
2.77575e-10
2.99556e-10
2.81444e-10
2.895e-10
2.44624e-10
2.93224e-10
3.13914e-10
2.89949e-10
2.59993e-10
2.88918e-10
3.13244e-10
2.87675e-10
2.98622e-10
2.61198e-10
2.60504e-10
2.80239e-10
2.88438e-10
2.39744e-10
3.05736e-10
3.05272e-10
2.7827e-10
2.90642e-10
2.69698e-10
2.92769e-10
2.78244e-10
3.21692e-10
2.86834e-10
2.84519e-10
2.27494e-10
2.07645e-10
2.88584e-10
2.64587e-10
3.01394e-10
2.75907e-10
2.72446e-10
2.43362e-10
3.0529e-10
3.00365e-10
2.87741e-10
2.61961e-10
2.75641e-10
2.21888e-10
2.9438e-10
2.54029e-10
3.0573e-10
2.1148e-10
2.78627e-10
2.4443e-10
2.84547e-10
2.52122e-10
2.52319e-10
2.66326e-10
2.65791e-10
2.77768e-10
3.00076e-10
2.96417e-10
3.12339e-10
3.22816e-10
3.06129e-10
2.68531e-10
2.8677e-10
2.60649e-10
2.64203e-10
2.99203e-10
2.75758e-10
1.49693e-10
2.10674e-10
2.99977e-10
2.71559e-10
2.93912e-10
2.97009e-10
2.54197e-10
2.91546e-10
2.60034e-10
3.17336e-10
3.12043e-10
2.51483e-10
2.4445e-10
2.39617e-10
2.46791e-10
3.02015e-10
2.98645e-10
3.09485e-10
3.13023e-10
3.02916e-10
2.56869e-10
2.81197e-10
3.02997e-10
2.8896e-10
2.84701e-10
2.95463e-10
2.64044e-10
2.80141e-10
2.80995e-10
2.93377e-10
3.10047e-10
2.79823e-10
2.61163e-10
3.00421e-10
2.85302e-10
2.5925e-10
2.98074e-10
2.48737e-10
3.00315e-10
2.20028e-10
2.80072e-10
2.98469e-10
2.59284e-10
2.49535e-10
2.58477e-10
2.76539e-10
2.33053e-10
2.34541e-10
3.05349e-10
2.73936e-10
2.90889e-10
2.96289e-10
3.04691e-10
2.27228e-10
3.03107e-10
2.1204e-10
2.66103e-10
3.13123e-10
2.65255e-10
2.99306e-10
2.61745e-10
2.38551e-10
2.87871e-10
2.88262e-10
3.10703e-10
2.91312e-10
3.06722e-10
2.73117e-10
2.95047e-10
2.64528e-10
2.85621e-10
2.8723e-10
3.01755e-10
3.26752e-10
2.82142e-10
2.79515e-10
2.7985e-10
2.85593e-10
2.73218e-10
3.06595e-10
3.04133e-10
3.14681e-10
2.86341e-10
2.87577e-10
2.72424e-10
2.81126e-10
2.76189e-10
2.14436e-10
3.19299e-10
2.8698e-10
3.07052e-10
2.66329e-10
2.39497e-10
2.78679e-10
2.60829e-10
3.08434e-10
2.73196e-10
2.58966e-10
2.96201e-10
2.0365e-10
2.84625e-10
2.67408e-10
2.40944e-10
2.93282e-10
3.0248e-10
2.89892e-10
2.739e-10
3.01823e-10
2.90093e-10
2.39111e-10
2.74318e-10
2.78628e-10
2.88687e-10
3.19485e-10
2.75191e-10
2.81265e-10
2.78864e-10
2.85909e-10
2.86663e-10
2.68528e-10
2.97399e-10
3.14603e-10
2.74368e-10
3.06029e-10
2.83013e-10
2.90485e-10
3.02367e-10
3.16166e-10
2.52935e-10
3.0466e-10
2.579e-10
2.64434e-10
2.32622e-10
2.87501e-10
3.08872e-10
3.08235e-10
2.72519e-10
2.76621e-10
2.65998e-10
2.87691e-10
2.82502e-10
2.73789e-10
3.0727e-10
2.84618e-10
3.09428e-10
3.09021e-10
2.87837e-10
2.46859e-10
2.59045e-10
2.79708e-10
2.88628e-10
2.79332e-10
3.25837e-10
3.3371e-10
2.77135e-10
2.64339e-10
2.67675e-10
3.03915e-10
2.96029e-10
2.74443e-10
3.00104e-10
1.96307e-10
2.6259e-10
2.98516e-10
2.55288e-10
2.71658e-10
3.02171e-10
2.84959e-10
3.06377e-10
2.89886e-10
2.77351e-10
2.77292e-10
3.0866e-10
2.72177e-10
2.22095e-10
1.76418e-10
3.00409e-10
2.82867e-10
2.7091e-10
2.63613e-10
2.47961e-10
3.00775e-10
2.63692e-10
2.82988e-10
3.23309e-10
3.43113e-10
2.98023e-10
3.03587e-10
2.6254e-10
3.04548e-10
2.85255e-10
3.17233e-10
2.66241e-10
3.0136e-10
3.01979e-10
3.08721e-10
2.98332e-10
2.95005e-10
3.21608e-10
2.8039e-10
3.02696e-10
2.623e-10
3.04478e-10
3.04168e-10
2.80166e-10
2.74167e-10
2.97705e-10
3.26162e-10
3.03512e-10
2.92948e-10
2.74536e-10
2.80596e-10
2.84976e-10
2.72343e-10
2.94205e-10
2.87272e-10
3.15462e-10
3.21187e-10
2.65255e-10
2.63666e-10
2.77653e-10
3.08921e-10
2.83464e-10
2.6546e-10
3.26568e-10
3.36029e-10
2.64766e-10
3.06891e-10
2.31194e-10
2.97492e-10
2.92329e-10
2.80462e-10
3.16397e-10
3.03664e-10
2.93417e-10
2.84411e-10
2.84395e-10
3.0602e-10
3.14606e-10
2.50792e-10
2.82408e-10
3.22294e-10
2.7551e-10
2.85711e-10
2.57002e-10
2.67789e-10
2.58229e-10
3.21677e-10
3.06435e-10
2.51019e-10
2.98528e-10
2.87455e-10
3.08211e-10
2.71685e-10
2.87228e-10
3.13604e-10
2.97312e-10
2.82368e-10
2.88395e-10
3.0064e-10
2.52797e-10
2.87838e-10
3.12566e-10
2.66913e-10
2.73151e-10
3.18094e-10
2.46658e-10
2.78767e-10
2.75829e-10
2.84394e-10
3.00055e-10
2.79297e-10
3.14453e-10
3.19595e-10
3.10876e-10
2.88917e-10
2.74666e-10
2.67103e-10
3.00397e-10
2.59874e-10
3.00179e-10
3.09668e-10
2.85349e-10
2.72225e-10
2.53297e-10
2.79829e-10
2.6861e-10
2.5307e-10
2.75961e-10
2.99013e-10
2.97706e-10
2.95496e-10
3.02683e-10
2.9417e-10
2.55098e-10
3.02009e-10
3.03292e-10
3.31545e-10
2.95746e-10
2.91676e-10
2.6928e-10
2.99229e-10
2.98479e-10
2.64645e-10
3.22778e-10
3.36861e-10
2.80887e-10
2.94768e-10
2.8515e-10
2.81788e-10
2.48787e-10
2.73405e-10
2.51069e-10
2.7081e-10
2.49935e-10
2.96779e-10
2.6203e-10
2.73439e-10
3.04512e-10
3.12524e-10
2.8088e-10
3.02477e-10
2.53902e-10
2.43981e-10
2.7592e-10
2.24456e-10
2.62268e-10
2.22552e-10
2.02908e-10
2.66737e-10
2.92639e-10
2.82051e-10
2.90846e-10
2.93648e-10
2.65815e-10
2.9482e-10
2.69874e-10
3.20755e-10
2.77208e-10
2.80716e-10
2.86269e-10
3.11294e-10
2.97016e-10
2.70936e-10
2.78416e-10
2.89082e-10
2.70654e-10
2.76368e-10
2.9692e-10
2.84029e-10
2.88959e-10
3.18497e-10
3.00253e-10
2.84066e-10
2.98472e-10
3.18689e-10
2.59793e-10
2.92618e-10
3.1302e-10
2.72943e-10
2.57802e-10
2.97259e-10
2.89051e-10
2.92761e-10
2.60705e-10
2.53071e-10
2.58767e-10
2.64646e-10
2.73554e-10
2.81249e-10
2.88707e-10
3.03114e-10
2.49704e-10
2.94649e-10
2.97701e-10
1.72267e-10
2.70525e-10
3.26624e-10
2.64977e-10
3.00838e-10
2.65455e-10
2.68335e-10
2.65012e-10
2.71692e-10
3.00015e-10
3.01712e-10
3.00288e-10
2.71353e-10
2.76702e-10
2.61865e-10
2.5843e-10
2.84703e-10
2.82121e-10
2.90342e-10
2.46468e-10
3.0207e-10
2.9463e-10
2.71529e-10
2.73316e-10
2.72673e-10
2.14964e-10
2.98712e-10
2.72231e-10
2.26236e-10
3.01086e-10
2.63926e-10
2.96742e-10
2.09517e-10
3.14994e-10
3.08733e-10
2.60924e-10
2.94449e-10
2.7911e-10
2.65144e-10
2.89376e-10
2.75844e-10
3.00784e-10
1.9438e-10
3.01733e-10
2.568e-10
2.71977e-10
3.0181e-10
2.72208e-10
2.7971e-10
2.64894e-10
3.05759e-10
2.895e-10
3.21149e-10
2.79103e-10
2.57706e-10
2.8617e-10
3.08047e-10
2.95074e-10
3.30819e-10
2.33475e-10
1.73267e-10
2.79459e-10
2.91672e-10
2.35819e-10
3.02591e-10
2.97885e-10
2.47495e-10
2.50248e-10
2.71627e-10
2.58477e-10
2.48292e-10
3.00801e-10
2.70972e-10
3.14033e-10
3.00932e-10
2.91413e-10
2.92947e-10
2.9578e-10
1.92758e-10
2.75784e-10
2.72088e-10
3.12549e-10
3.23533e-10
2.86494e-10
3.10691e-10
2.82455e-10
2.91011e-10
2.97689e-10
3.0878e-10
2.94306e-10
3.05771e-10
2.75231e-10
2.62464e-10
2.62762e-10
2.62604e-10
2.71945e-10
2.74125e-10
2.6214e-10
3.04555e-10
2.94883e-10
2.77174e-10
2.70106e-10
3.05616e-10
2.75167e-10
2.86603e-10
2.82814e-10
2.9346e-10
2.73639e-10
2.82371e-10
2.64201e-10
1.31375e-10
2.52711e-10
2.83823e-10
3.07674e-10
3.23225e-10
2.47031e-10
2.97173e-10
2.96618e-10
2.92536e-10
2.33623e-10
2.98068e-10
2.91752e-10
3.14568e-10
2.75706e-10
2.98942e-10
2.63239e-10
2.89174e-10
2.97326e-10
2.44839e-10
2.93572e-10
2.87232e-10
2.7141e-10
2.88208e-10
3.01237e-10
1.98238e-10
2.88629e-10
2.83705e-10
2.81013e-10
2.85351e-10
2.97659e-10
2.83002e-10
2.55061e-10
3.09038e-10
2.34475e-10
2.68694e-10
3.15472e-10
2.74466e-10
2.86275e-10
2.81506e-10
2.83122e-10
2.36209e-10
3.19849e-10
2.93543e-10
1.94767e-10
2.60315e-10
3.00554e-10
2.76272e-10
2.27294e-10
2.20642e-10
2.62505e-10
2.71896e-10
3.26289e-10
2.9529e-10
2.92069e-10
2.14723e-10
2.74877e-10
2.39903e-10
2.67823e-10
3.06283e-10
2.77177e-10
2.76704e-10
2.75391e-10
2.68719e-10
2.63629e-10
2.75534e-10
1.84254e-10
2.6556e-10
2.56848e-10
2.95012e-10
2.77775e-10
2.71894e-10
2.57717e-10
2.76445e-10
2.46691e-10
2.99995e-10
2.77438e-10
2.75968e-10
2.24841e-10
2.34378e-10
2.91505e-10
2.93974e-10
1.93868e-10
2.62075e-10
3.00879e-10
3.07124e-10
2.91296e-10
2.9103e-10
3.0356e-10
2.81004e-10
1.87042e-10
2.58654e-10
3.21106e-10
3.25488e-10
2.85602e-10
2.52383e-10
2.68759e-10
2.77438e-10
2.84834e-10
2.56134e-10
3.10658e-10
2.90798e-10
3.04535e-10
2.50207e-10
2.81325e-10
2.85665e-10
3.08179e-10
3.13718e-10
2.36135e-10
2.95326e-10
3.06924e-10
2.55353e-10
2.97245e-10
2.98254e-10
2.88694e-10
2.69715e-10
2.77935e-10
3.16956e-10
