2.24707e-10
2.23211e-10
2.45205e-10
2.3274e-10
2.30566e-10
2.36193e-10
2.77269e-10
2.75577e-10
2.06585e-10
1.91435e-10
2.38823e-10
1.95769e-10
2.49751e-10
2.01841e-10
2.30531e-10
2.66105e-10
2.29704e-10
2.21097e-10
2.46352e-10
2.10448e-10
2.51804e-10
2.45697e-10
2.08692e-10
2.44575e-10
2.38561e-10
2.18287e-10
2.213e-10
2.6666e-10
2.36868e-10
2.39875e-10
1.92254e-10
2.61105e-10
1.96414e-10
2.32039e-10
2.08025e-10
2.19787e-10
2.45264e-10
2.26554e-10
2.64128e-10
9.65763e-11
2.5961e-10
2.21407e-10
2.50146e-10
1.36731e-10
2.13354e-10
2.54502e-10
2.08468e-10
2.81654e-10
2.57015e-10
2.29516e-10
2.27023e-10
2.53025e-10
2.22954e-10
2.66905e-10
2.47666e-10
2.37059e-10
2.35907e-10
2.6402e-10
2.71287e-10
2.19564e-10
2.41834e-10
1.85153e-10
2.23708e-10
2.2712e-10
2.52133e-10
2.07804e-10
2.66457e-10
2.44452e-10
2.60767e-10
2.49163e-10
1.88579e-10
2.63587e-10
2.44324e-10
1.06953e-10
2.62626e-10
2.41223e-10
2.66053e-10
2.61179e-10
2.36687e-10
2.40131e-10
2.42517e-10
2.45489e-10
2.26128e-10
2.4734e-10
2.67115e-10
2.62757e-10
2.60827e-10
2.73818e-10
2.29609e-10
1.42286e-10
2.49841e-10
2.12737e-10
2.29432e-10
2.68117e-10
2.5482e-10
2.61061e-10
2.56951e-10
2.0996e-10
1.88483e-10
2.32134e-10
1.99353e-10
2.17203e-10
2.19189e-10
2.77507e-10
2.19142e-10
1.96169e-10
2.34658e-10
2.40758e-10
2.17326e-10
2.5523e-10
2.73303e-10
2.65044e-10
2.40828e-10
2.1864e-10
2.23832e-10
2.09009e-10
2.42775e-10
1.86316e-10
2.6895e-10
2.48406e-10
2.26938e-10
2.28547e-10
2.53571e-10
2.01288e-10
2.49603e-10
2.51455e-10
2.44342e-10
2.54132e-10
2.58409e-10
2.10318e-10
2.31951e-10
2.58721e-10
2.2245e-10
2.56008e-10
2.68006e-10
2.59059e-10
2.54997e-10
2.30335e-10
2.31908e-10
2.65324e-10
2.37858e-10
2.44358e-10
2.36927e-10
2.85426e-10
2.49698e-10
2.38197e-10
1.88622e-10
2.51298e-10
2.33556e-10
2.2485e-10
2.38663e-10
2.55593e-10
2.46589e-10
2.58734e-10
2.59256e-10
2.66692e-10
2.43721e-10
2.52057e-10
2.57648e-10
1.86968e-10
2.05202e-10
2.30425e-10
2.36168e-10
2.49372e-10
2.34261e-10
2.08504e-10
2.58878e-10
2.33592e-10
2.11137e-10
2.5763e-10
2.33073e-10
2.50628e-10
2.09899e-10
1.94076e-10
2.23323e-10
2.16523e-10
2.39839e-10
2.42608e-10
2.31567e-10
2.07583e-10
2.14482e-10
2.34691e-10
2.32972e-10
2.6492e-10
2.26204e-10
1.74946e-10
2.46079e-10
2.5571e-10
2.32153e-10
2.32399e-10
2.41297e-10
2.44963e-10
2.49226e-10
2.34779e-10
2.23436e-10
2.38757e-10
2.48453e-10
2.68059e-10
2.66737e-10
2.67369e-10
2.25973e-10
2.15588e-10
2.10732e-10
2.2935e-10
2.48225e-10
2.50516e-10
2.39363e-10
2.5876e-10
2.54778e-10
2.32234e-10
2.66448e-10
1.82203e-10
2.14811e-10
2.36591e-10
2.16368e-10
2.83836e-10
1.8633e-10
2.09484e-10
2.39615e-10
1.96689e-10
2.65014e-10
2.79679e-10
2.41476e-10
2.75807e-10
1.98588e-10
2.45418e-10
2.10515e-10
2.27489e-10
1.80189e-10
2.42439e-10
2.69657e-10
2.40548e-10
2.39451e-10
2.43875e-10
2.48199e-10
2.2796e-10
2.44451e-10
2.54986e-10
2.00597e-10
2.52365e-10
2.55937e-10
2.30753e-10
2.0921e-10
2.55308e-10
2.31451e-10
2.30197e-10
2.72015e-10
2.80633e-10
2.21588e-10
2.37497e-10
2.09442e-10
2.23115e-10
2.41301e-10
2.52612e-10
2.26202e-10
2.62357e-10
2.58318e-10
2.52989e-10
2.54342e-10
1.62467e-10
2.65723e-10
2.35536e-10
2.45394e-10
2.40532e-10
2.29561e-10
2.2807e-10
1.96224e-10
2.23086e-10
2.48381e-10
2.54553e-10
2.52419e-10
2.58647e-10
2.64218e-10
2.16138e-10
2.34189e-10
2.3944e-10
2.62505e-10
2.75684e-10
2.64588e-10
2.77407e-10
2.35873e-10
2.48258e-10
2.29763e-10
2.68458e-10
2.13587e-10
2.52429e-10
2.33963e-10
2.71803e-10
2.32026e-10
2.21151e-10
2.5606e-10
2.66715e-10
2.21547e-10
2.59568e-10
2.76699e-10
2.72681e-10
2.21735e-10
2.26394e-10
2.44362e-10
2.13989e-10
2.26336e-10
2.37286e-10
2.68707e-10
2.57284e-10
2.66052e-10
2.41635e-10
2.3539e-10
2.51705e-10
2.66015e-10
2.22526e-10
2.36834e-10
2.60139e-10
2.61651e-10
2.50565e-10
2.24726e-10
2.0355e-10
2.50637e-10
2.0556e-10
2.57237e-10
2.17628e-10
2.63594e-10
1.49836e-10
2.10973e-10
2.61746e-10
2.36396e-10
2.54299e-10
2.74619e-10
2.65469e-10
2.43009e-10
2.38599e-10
2.39096e-10
2.33158e-10
2.20649e-10
2.66607e-10
2.58301e-10
2.61244e-10
2.29513e-10
2.42726e-10
2.2107e-10
2.29548e-10
2.23612e-10
2.43045e-10
1.86012e-10
2.54865e-10
2.37532e-10
2.35857e-10
2.40097e-10
1.87631e-10
1.93065e-10
1.82834e-10
2.32364e-10
2.50526e-10
2.24519e-10
2.08794e-10
1.92569e-10
1.483e-10
1.48231e-10
2.35818e-10
2.25591e-10
2.83639e-10
2.46722e-10
2.30623e-10
2.53661e-10
2.18058e-10
2.34328e-10
1.99064e-10
2.79401e-10
2.70421e-10
2.26433e-10
2.63334e-10
2.49383e-10
2.42318e-10
2.46408e-10
2.25479e-10
2.38851e-10
2.50108e-10
2.60677e-10
2.46089e-10
1.78633e-10
2.36094e-10
2.29843e-10
2.54325e-10
2.52714e-10
2.28703e-10
2.65011e-10
2.62331e-10
1.93493e-10
2.66683e-10
2.36981e-10
2.00401e-10
2.74529e-10
2.44261e-10
2.19642e-10
1.95551e-10
2.3352e-10
2.26701e-10
2.30533e-10
2.7371e-10
2.31607e-10
2.58835e-10
2.59174e-10
2.35117e-10
2.54618e-10
2.4361e-10
2.31493e-10
2.36325e-10
1.53052e-10
2.71863e-10
2.10202e-10
2.52793e-10
2.51393e-10
2.45669e-10
2.64454e-10
2.14181e-10
1.7556e-10
2.06109e-10
2.44938e-10
2.43336e-10
2.03074e-10
2.24166e-10
2.17608e-10
1.92279e-10
2.2581e-10
2.72921e-10
2.64807e-10
2.51877e-10
2.48319e-10
2.15639e-10
1.72499e-10
2.08386e-10
2.53025e-10
2.93263e-10
2.31942e-10
2.4696e-10
2.50818e-10
2.45829e-10
2.35394e-10
2.21291e-10
2.3708e-10
2.30864e-10
2.24329e-10
2.42723e-10
2.35478e-10
2.63602e-10
2.47699e-10
2.66651e-10
2.34198e-10
2.54988e-10
2.2144e-10
2.29865e-10
1.9912e-10
2.56433e-10
2.51508e-10
2.40598e-10
2.57546e-10
2.89183e-10
2.81313e-10
1.67951e-10
2.31314e-10
2.47876e-10
2.42406e-10
2.39008e-10
2.30018e-10
2.8111e-10
2.36244e-10
2.76294e-10
2.53848e-10
2.58909e-10
2.30137e-10
2.25255e-10
1.76426e-10
1.56234e-10
2.3173e-10
2.30153e-10
2.66983e-10
1.75738e-10
2.39424e-10
2.54993e-10
2.76299e-10
2.59485e-10
2.21215e-10
2.0103e-10
2.60337e-10
2.55082e-10
2.42794e-10
1.8858e-10
2.72588e-10
2.87982e-10
2.56445e-10
2.07081e-10
2.04631e-10
2.40636e-10
2.35241e-10
2.18599e-10
2.56857e-10
2.62364e-10
2.39646e-10
1.95299e-10
2.11267e-10
2.07938e-10
2.78703e-10
2.61076e-10
2.03729e-10
2.81939e-10
2.33282e-10
2.50311e-10
2.16196e-10
2.60476e-10
2.16861e-10
2.36221e-10
2.75012e-10
2.25019e-10
2.03708e-10
2.59405e-10
2.43053e-10
2.49667e-10
2.40449e-10
2.68782e-10
1.89891e-10
2.82515e-10
2.75233e-10
1.85483e-10
2.4795e-10
2.12629e-10
2.2708e-10
1.94844e-10
2.416e-10
1.93032e-10
2.23747e-10
2.42425e-10
2.18734e-10
2.47839e-10
2.60588e-10
2.63849e-10
2.3227e-10
2.43622e-10
2.39618e-10
2.40401e-10
2.07891e-10
2.44566e-10
2.48832e-10
2.58232e-10
1.99835e-10
2.07518e-10
2.48227e-10
2.28932e-10
2.18847e-10
2.56624e-10
2.26372e-10
1.9875e-10
2.57091e-10
2.78005e-10
2.65427e-10
2.28319e-10
2.63257e-10
2.05557e-10
2.20838e-10
2.42416e-10
2.46966e-10
2.51345e-10
2.04093e-10
1.96867e-10
2.34445e-10
2.3789e-10
2.56467e-10
2.41693e-10
2.3609e-10
2.91101e-10
2.26546e-10
2.46988e-10
1.81415e-10
2.37619e-10
2.29971e-10
2.45427e-10
2.54998e-10
2.42396e-10
2.39225e-10
1.39148e-10
1.70746e-10
1.89706e-10
2.13405e-10
2.24029e-10
2.58625e-10
2.43041e-10
2.60606e-10
2.42056e-10
2.35289e-10
2.38077e-10
2.67442e-10
2.35621e-10
2.61839e-10
2.42538e-10
2.45989e-10
2.45678e-10
2.44227e-10
2.4146e-10
2.03839e-10
2.28954e-10
2.59008e-10
2.14288e-10
2.57337e-10
2.40358e-10
2.42026e-10
2.43775e-10
2.27456e-10
2.63385e-10
2.21833e-10
2.05761e-10
2.63404e-10
2.05928e-10
2.48517e-10
2.68878e-10
2.51334e-10
2.52729e-10
2.08155e-10
2.63573e-10
2.4317e-10
2.31276e-10
2.26489e-10
2.26932e-10
2.6066e-10
2.54722e-10
2.07026e-10
2.52465e-10
2.37749e-10
2.38312e-10
2.02583e-10
2.54469e-10
2.33097e-10
1.91302e-10
2.33745e-10
2.69922e-10
2.36996e-10
2.34599e-10
2.47219e-10
1.89306e-10
2.66764e-10
2.45458e-10
2.51909e-10
2.78286e-10
2.32563e-10
1.9789e-10
2.33633e-10
2.41544e-10
2.45162e-10
2.57559e-10
2.55759e-10
1.66121e-10
2.53516e-10
2.56088e-10
2.77912e-10
2.22874e-10
2.30215e-10
2.6588e-10
2.24468e-10
2.29412e-10
2.46107e-10
2.15164e-10
2.48662e-10
2.60356e-10
2.27836e-10
2.53076e-10
2.56892e-10
2.23547e-10
2.54545e-10
2.19419e-10
2.46735e-10
2.35e-10
2.60521e-10
2.14251e-10
1.63256e-10
2.45314e-10
2.14786e-10
2.43766e-10
2.30767e-10
2.31626e-10
2.3014e-10
2.46892e-10
2.48211e-10
2.5632e-10
2.01214e-10
2.59278e-10
2.42512e-10
2.5138e-10
2.23666e-10
2.45299e-10
2.44517e-10
2.20642e-10
2.34786e-10
2.38406e-10
2.31029e-10
2.37759e-10
2.64937e-10
2.629e-10
1.52256e-10
2.29909e-10
2.25679e-10
2.50296e-10
2.35419e-10
2.58019e-10
2.35489e-10
2.2004e-10
2.39476e-10
2.24515e-10
2.68442e-10
1.71773e-10
1.55802e-10
2.53239e-10
2.44252e-10
2.3995e-10
2.58491e-10
2.68062e-10
2.09218e-10
1.88231e-10
2.55386e-10
2.24862e-10
2.34665e-10
2.22632e-10
2.50912e-10
2.71198e-10
2.20523e-10
2.05608e-10
2.34231e-10
2.47831e-10
2.57456e-10
2.3404e-10
2.55055e-10
1.90646e-10
2.52441e-10
2.68453e-10
2.34126e-10
1.09959e-10
2.23145e-10
2.59131e-10
2.18833e-10
2.708e-10
2.35144e-10
2.35233e-10
2.21828e-10
1.81001e-10
2.55852e-10
2.30867e-10
2.52335e-10
2.53314e-10
2.02083e-10
1.82729e-10
2.60089e-10
1.78211e-10
2.44678e-10
2.37728e-10
2.57234e-10
2.49428e-10
2.23482e-10
2.38837e-10
2.49102e-10
1.83049e-10
1.44072e-10
1.95913e-10
2.09434e-10
2.34337e-10
2.44021e-10
2.22118e-10
2.13185e-10
2.20319e-10
2.63462e-10
2.46502e-10
2.3845e-10
2.71139e-10
2.54396e-10
2.51619e-10
2.01476e-10
2.15958e-10
2.61106e-10
2.51797e-10
2.38011e-10
2.61801e-10
2.29799e-10
2.35133e-10
2.03993e-10
2.24983e-10
2.30633e-10
2.32423e-10
2.73967e-10
2.77568e-10
2.34568e-10
2.51155e-10
2.13071e-10
2.14967e-10
2.19808e-10
2.60188e-10
2.03075e-10
2.72824e-10
2.25856e-10
2.61309e-10
2.4605e-10
2.28714e-10
2.43136e-10
2.34434e-10
2.4809e-10
2.5377e-10
2.49193e-10
2.14496e-10
2.03387e-10
1.97694e-10
2.28066e-10
2.20795e-10
2.43378e-10
2.50279e-10
2.39083e-10
2.61669e-10
1.66961e-10
2.23925e-10
2.49266e-10
2.20595e-10
2.73805e-10
2.67425e-10
2.57684e-10
2.52948e-10
1.98982e-10
2.23087e-10
2.12865e-10
2.39446e-10
2.76528e-10
2.79663e-10
2.71219e-10
2.3606e-10
2.57941e-10
2.15257e-10
2.61699e-10
2.55247e-10
2.76844e-10
2.64804e-10
2.21735e-10
2.51139e-10
2.38841e-10
2.36892e-10
2.19328e-10
2.06492e-10
2.77541e-10
2.57399e-10
2.20834e-10
2.61062e-10
2.40123e-10
2.46785e-10
2.47965e-10
2.33454e-10
2.64232e-10
2.19476e-10
2.4748e-10
2.2826e-10
2.27691e-10
2.29376e-10
2.40825e-10
1.98615e-10
2.48663e-10
2.61985e-10
2.33243e-10
2.34282e-10
2.16733e-10
2.10474e-10
2.52235e-10
2.71338e-10
2.57011e-10
2.45512e-10
2.50143e-10
2.16446e-10
2.34259e-10
2.40688e-10
2.43228e-10
2.48048e-10
2.20695e-10
2.83533e-10
2.4728e-10
2.21541e-10
2.67725e-10
2.48279e-10
2.5295e-10
2.52059e-10
2.59092e-10
2.46378e-10
2.3532e-10
2.31819e-10
2.04751e-10
2.11877e-10
2.51675e-10
2.53301e-10
2.18976e-10
2.94028e-10
2.66276e-10
2.63761e-10
2.39873e-10
2.08539e-10
2.18959e-10
2.60048e-10
1.74332e-10
2.66418e-10
2.61183e-10
2.4265e-10
2.15582e-10
2.51786e-10
1.9087e-10
1.80653e-10
2.74356e-10
2.85135e-10
2.56456e-10
2.57622e-10
2.6649e-10
2.30237e-10
2.22687e-10
2.10929e-10
1.78813e-10
2.43534e-10
2.37345e-10
2.48246e-10
2.05058e-10
2.33117e-10
2.26081e-10
2.21737e-10
2.27556e-10
2.80879e-10
2.30946e-10
2.29234e-10
2.10907e-10
2.61935e-10
1.88365e-10
2.09233e-10
2.58963e-10
2.67788e-10
2.1311e-10
2.63637e-10
2.3121e-10
2.56929e-10
2.20473e-10
2.64756e-10
2.27129e-10
2.85311e-10
2.58157e-10
2.00569e-10
2.2043e-10
2.24621e-10
2.47421e-10
2.49417e-10
2.33657e-10
2.63554e-10
2.52049e-10
2.42664e-10
2.61049e-10
2.53633e-10
2.49404e-10
2.46742e-10
2.3582e-10
2.31236e-10
2.45206e-10
2.19387e-10
2.32934e-10
2.27545e-10
2.5281e-10
2.6067e-10
2.22238e-10
2.74045e-10
2.4038e-10
2.28535e-10
1.72605e-10
2.33196e-10
2.56135e-10
2.21886e-10
2.30963e-10
2.59966e-10
2.57112e-10
2.56218e-10
2.0509e-10
1.96166e-10
1.67237e-10
2.40079e-10
2.72835e-10
2.59085e-10
2.15103e-10
2.4739e-10
2.46621e-10
2.60603e-10
2.47939e-10
2.52537e-10
2.64304e-10
2.52019e-10
2.23078e-10
2.44104e-10
2.70384e-10
2.17179e-10
1.84585e-10
2.33015e-10
2.35154e-10
2.7064e-10
2.4657e-10
2.61343e-10
2.36683e-10
2.2447e-10
1.46475e-10
2.45725e-10
2.63849e-10
2.76179e-10
2.11776e-10
2.4548e-10
2.4718e-10
2.22546e-10
2.11459e-10
2.37777e-10
2.73876e-10
2.90772e-10
2.52986e-10
2.28321e-10
2.14191e-10
2.42837e-10
1.76157e-10
2.57368e-10
2.55117e-10
2.81057e-10
2.20757e-10
2.438e-10
2.32117e-10
2.39592e-10
2.40734e-10
2.41464e-10
2.41661e-10
1.84746e-10
2.50896e-10
2.60416e-10
2.30847e-10
2.56046e-10
2.3662e-10
2.48657e-10
2.13548e-10
2.71384e-10
1.8125e-10
2.22255e-10
2.58298e-10
2.40151e-10
2.44579e-10
2.24731e-10
2.67419e-10
1.86597e-10
2.65759e-10
2.31353e-10
2.18754e-10
2.65969e-10
2.49014e-10
2.40346e-10
2.72005e-10
2.27419e-10
2.58805e-10
2.7771e-10
2.43532e-10
2.44586e-10
2.3141e-10
2.40182e-10
2.36517e-10
1.93701e-10
2.35633e-10
1.82587e-10
2.43935e-10
1.93178e-10
2.2241e-10
2.63575e-10
2.4186e-10
2.6649e-10
2.48069e-10
2.36759e-10
2.44991e-10
2.56398e-10
2.54296e-10
2.34758e-10
2.71246e-10
2.48905e-10
2.23482e-10
2.33804e-10
2.29982e-10
2.53433e-10
2.53752e-10
2.30335e-10
2.34775e-10
2.79849e-10
2.54545e-10
2.02365e-10
2.37962e-10
2.53062e-10
1.97664e-10
2.07629e-10
2.49021e-10
2.31765e-10
2.51706e-10
2.72485e-10
2.44129e-10
2.10605e-10
2.54749e-10
2.66615e-10
2.54161e-10
2.30142e-10
2.5277e-10
2.4644e-10
1.83267e-10
2.43546e-10
2.12985e-10
2.0747e-10
1.95599e-10
2.45109e-10
2.51807e-10
2.18768e-10
2.06928e-10
1.85121e-10
2.34948e-10
2.14797e-10
2.43417e-10
2.43566e-10
1.98068e-10
2.54618e-10
2.12764e-10
2.71861e-10
2.62741e-10
2.46039e-10
2.6513e-10
2.55445e-10
2.52797e-10
2.20998e-10
2.16863e-10
2.44214e-10
2.57449e-10
2.18074e-10
2.59478e-10
2.59775e-10
2.45552e-10
2.2806e-10
2.72564e-10
2.23337e-10
1.96366e-10
2.05801e-10
2.19788e-10
1.92264e-10
2.2129e-10
2.32735e-10
2.52677e-10
2.25306e-10
2.44294e-10
2.40314e-10
2.54834e-10
2.49696e-10
2.56545e-10
1.64892e-10
2.17715e-10
2.30394e-10
2.38706e-10
2.06679e-10
2.72577e-10
2.59259e-10
2.52288e-10
2.34511e-10
2.27338e-10
1.8089e-10
2.00098e-10
2.79008e-10
2.49003e-10
2.85044e-10
2.43999e-10
2.27048e-10
2.47461e-10
1.88172e-10
2.47472e-10
2.53576e-10
1.60819e-10
2.83721e-10
2.55129e-10
2.37545e-10
2.00874e-10
2.38545e-10
2.32713e-10
2.53684e-10
2.66612e-10
2.67605e-10
2.436e-10
2.20586e-10
2.50485e-10
2.62282e-10
2.61562e-10
2.6441e-10
2.20783e-10
2.18539e-10
2.58913e-10
2.37e-10
2.2496e-10
1.75698e-10
2.25752e-10
2.68222e-10
2.53343e-10
2.16955e-10
2.35839e-10
2.57785e-10
2.47176e-10
2.40261e-10
2.31655e-10
2.37701e-10
2.11928e-10
2.32585e-10
2.46107e-10
2.73168e-10
2.43261e-10
2.45698e-10
2.46864e-10
1.62678e-10
2.04701e-10
2.71064e-10
2.61918e-10
2.5081e-10
2.43543e-10
2.38525e-10
1.71522e-10
2.42826e-10
2.1593e-10
2.25686e-10
2.40166e-10
2.39144e-10
2.37331e-10
2.40296e-10
2.71309e-10
2.60824e-10
2.46865e-10
2.83398e-10
2.50638e-10
2.49296e-10
2.41587e-10
1.93525e-10
1.84681e-10
2.40486e-10
2.62743e-10
2.76133e-10
2.34678e-10
2.35463e-10
2.79469e-10
2.50888e-10
2.20245e-10
2.36702e-10
2.43478e-10
2.86873e-10
2.83547e-10
2.00994e-10
2.40164e-10
2.67769e-10
2.56699e-10
2.44619e-10
2.53687e-10
2.67523e-10
2.39111e-10
2.2157e-10
2.63242e-10
2.09279e-10
2.12231e-10
2.71851e-10
2.80413e-10
2.6676e-10
2.55343e-10
2.31673e-10
2.56698e-10
2.25889e-10
2.23614e-10
2.5764e-10
2.54225e-10
2.55109e-10
2.33477e-10
2.58331e-10
2.09831e-10
2.40412e-10
2.14128e-10
1.53513e-10
2.28851e-10
2.76369e-10
2.06585e-10
2.45548e-10
2.63704e-10
2.31733e-10
2.00544e-10
2.47795e-10
2.36505e-10
2.73666e-10
2.604e-10
2.64822e-10
2.56173e-10
2.52887e-10
2.58162e-10
2.56236e-10
2.21566e-10
2.68016e-10
2.49922e-10
2.22342e-10
2.23523e-10
2.60273e-10
2.62956e-10
2.6876e-10
2.60303e-10
2.65129e-10
2.28115e-10
2.07262e-10
1.40064e-10
2.30081e-10
2.51597e-10
2.75714e-10
2.04966e-10
2.57895e-10
2.16903e-10
2.48149e-10
2.2692e-10
2.48624e-10
2.41988e-10
2.56172e-10
2.53696e-10
2.54867e-10
2.11266e-10
1.96798e-10
2.04423e-10
2.21257e-10
2.11653e-10
2.20646e-10
2.61072e-10
2.58282e-10
2.31211e-10
2.30491e-10
2.18759e-10
2.31961e-10
2.54147e-10
2.51312e-10
2.57836e-10
2.31527e-10
2.07557e-10
2.44116e-10
2.51914e-10
2.57368e-10
2.18108e-10
1.78082e-10
2.50703e-10
2.96505e-10
2.40166e-10
2.29124e-10
2.72249e-10
2.20585e-10
2.35988e-10
2.13463e-10
2.24923e-10
2.63542e-10
2.5785e-10
2.55633e-10
2.58403e-10
2.28266e-10
2.21095e-10
1.95173e-10
2.41159e-10
2.23765e-10
2.52756e-10
2.31889e-10
2.34692e-10
2.45822e-10
2.3983e-10
1.99284e-10
2.55584e-10
2.68142e-10
2.31255e-10
2.44878e-10
2.17181e-10
1.9122e-10
2.65067e-10
2.4683e-10
2.4349e-10
2.47137e-10
2.43261e-10
2.18852e-10
2.37262e-10
2.72372e-10
2.59212e-10
2.41546e-10
2.77934e-10
2.65191e-10
2.45104e-10
2.47001e-10
2.53455e-10
1.03331e-10
2.13996e-10
2.44364e-10
2.64313e-10
2.48145e-10
2.37407e-10
2.48247e-10
2.36324e-10
1.90127e-10
2.16171e-10
2.59618e-10
2.62382e-10
2.68699e-10
2.42682e-10
2.54204e-10
2.14373e-10
2.61909e-10
2.73054e-10
2.3358e-10
2.6648e-10
2.57218e-10
2.60641e-10
2.48102e-10
2.40916e-10
2.26339e-10
2.34162e-10
2.51362e-10
2.63272e-10
2.4679e-10
2.10474e-10
1.76582e-10
2.49782e-10
2.25734e-10
2.35337e-10
1.8866e-10
2.607e-10
2.4161e-10
2.49308e-10
1.95714e-10
2.2034e-10
1.77225e-10
2.18049e-10
2.24439e-10
2.69522e-10
2.00452e-10
2.04093e-10
2.34403e-10
2.17395e-10
1.71263e-10
2.30143e-10
1.98433e-10
2.69838e-10
2.14387e-10
2.30313e-10
1.85522e-10
2.51142e-10
2.33277e-10
2.55371e-10
2.7301e-10
2.36557e-10
2.19521e-10
2.63026e-10
2.15468e-10
2.30722e-10
2.58159e-10
2.42121e-10
2.25314e-10
1.89548e-10
2.30861e-10
2.5926e-10
2.66986e-10
2.38823e-10
2.24637e-10
2.08145e-10
1.97635e-10
2.44601e-10
2.70856e-10
2.28777e-10
2.38463e-10
2.57224e-10
2.65841e-10
2.07621e-10
1.95056e-10
2.51627e-10
2.92825e-10
2.40828e-10
2.39133e-10
2.62226e-10
2.39599e-10
2.32462e-10
2.35703e-10
2.44159e-10
2.7626e-10
1.95224e-10
2.46611e-10
2.4629e-10
2.34524e-10
2.54529e-10
2.01681e-10
2.70111e-10
2.3922e-10
2.48758e-10
2.15348e-10
2.20022e-10
1.93894e-10
2.73282e-10
2.41171e-10
2.66459e-10
2.66436e-10
2.29124e-10
2.40183e-10
2.10159e-10
2.22498e-10
2.4376e-10
2.09251e-10
2.58076e-10
2.42949e-10
2.12149e-10
2.15672e-10
2.3548e-10
2.50623e-10
2.43403e-10
2.44516e-10
1.60248e-10
1.91788e-10
2.53814e-10
1.99327e-10
2.28035e-10
2.58214e-10
2.29717e-10
2.33587e-10
2.56506e-10
2.90551e-10
2.20523e-10
2.19958e-10
2.26302e-10
2.43712e-10
2.37934e-10
2.22361e-10
2.57462e-10
2.6879e-10
2.35941e-10
2.55283e-10
2.42549e-10
2.62074e-10
2.47221e-10
2.16051e-10
2.52186e-10
2.84887e-10
2.56096e-10
2.46668e-10
1.87962e-10
2.3931e-10
2.16782e-10
2.30376e-10
2.48307e-10
2.08892e-10
2.16998e-10
2.5872e-10
1.68738e-10
2.22696e-10
2.193e-10
2.5893e-10
2.73103e-10
2.13745e-10
2.56994e-10
2.6078e-10
1.94751e-10
2.26914e-10
2.39735e-10
2.27526e-10
2.10873e-10
2.10296e-10
2.16998e-10
2.43625e-10
2.68163e-10
2.0556e-10
2.61464e-10
2.88907e-10
2.46014e-10
2.37381e-10
2.44855e-10
2.30987e-10
2.49885e-10
2.32049e-10
2.55977e-10
2.69104e-10
2.48591e-10
1.4681e-10
2.46301e-10
2.26853e-10
2.21139e-10
2.62722e-10
2.62729e-10
2.51741e-10
2.32452e-10
2.22645e-10
2.66835e-10
2.68027e-10
2.31676e-10
2.43575e-10
2.11634e-10
1.91065e-10
2.76801e-10
2.51903e-10
2.50127e-10
2.44039e-10
2.27762e-10
1.6037e-10
2.50131e-10
2.35026e-10
2.28132e-10
2.76446e-10
2.18716e-10
2.13159e-10
2.14404e-10
2.54452e-10
2.15302e-10
2.20246e-10
2.51707e-10
2.61631e-10
2.49938e-10
2.15514e-10
1.78316e-10
2.23371e-10
2.29632e-10
2.68592e-10
2.76543e-10
2.80295e-10
1.2125e-10
2.25353e-10
2.61926e-10
2.28192e-10
2.36943e-10
2.11332e-10
1.91768e-10
2.90726e-10
2.40776e-10
2.54098e-10
2.23023e-10
2.39104e-10
2.69081e-10
2.38618e-10
1.6642e-10
2.67013e-10
1.9726e-10
1.72776e-10
2.6406e-10
2.51276e-10
2.605e-10
1.73914e-10
2.58714e-10
2.66069e-10
2.62948e-10
2.48176e-10
1.82372e-10
2.16089e-10
2.39541e-10
1.92783e-10
2.73475e-10
2.39252e-10
2.53451e-10
2.65717e-10
2.50019e-10
2.34298e-10
2.54016e-10
1.94136e-10
2.39868e-10
2.81802e-10
2.24955e-10
2.41355e-10
2.6115e-10
2.29855e-10
2.74936e-10
2.54932e-10
2.61275e-10
2.53919e-10
2.16615e-10
2.59592e-10
2.35095e-10
1.96695e-10
1.95054e-10
2.62454e-10
2.71437e-10
2.84968e-10
2.60879e-10
2.56487e-10
2.20057e-10
2.04082e-10
2.10769e-10
2.61827e-10
2.77578e-10
2.47066e-10
2.58268e-10
2.51259e-10
2.55401e-10
2.36216e-10
2.41558e-10
2.58636e-10
2.68507e-10
2.11467e-10
2.58055e-10
2.02161e-10
2.16735e-10
2.17617e-10
2.56985e-10
2.72157e-10
2.57712e-10
2.72032e-10
2.25561e-10
2.30077e-10
2.00214e-10
1.68947e-10
1.64083e-10
2.34674e-10
2.39394e-10
2.81781e-10
2.3862e-10
2.51701e-10
2.37461e-10
2.38598e-10
2.52568e-10
2.59225e-10
2.50444e-10
2.1468e-10
2.59317e-10
2.21202e-10
2.08853e-10
2.62332e-10
2.58679e-10
2.08455e-10
2.18642e-10
2.56757e-10
2.42446e-10
2.05963e-10
2.45459e-10
2.47213e-10
2.51761e-10
2.50067e-10
2.12896e-10
2.45548e-10
2.48606e-10
2.50747e-10
2.59392e-10
2.02761e-10
2.26108e-10
2.46251e-10
2.35281e-10
2.28362e-10
2.30034e-10
1.91927e-10
2.34427e-10
2.53195e-10
1.80657e-10
2.24753e-10
2.28399e-10
2.78721e-10
2.52524e-10
2.14646e-10
2.57391e-10
2.39893e-10
2.32819e-10
2.68119e-10
2.38038e-10
2.50713e-10
2.40566e-10
2.29262e-10
2.15173e-10
2.54542e-10
2.36096e-10
2.42376e-10
2.4124e-10
2.59918e-10
2.35975e-10
2.24212e-10
2.52583e-10
2.49627e-10
2.46505e-10
1.9531e-10
2.5018e-10
2.55873e-10
2.45672e-10
2.60139e-10
2.08401e-10
2.29248e-10
2.3192e-10
2.13168e-10
2.47624e-10
1.84614e-10
2.21215e-10
2.73246e-10
1.14384e-10
1.91381e-10
2.12711e-10
2.4004e-10
2.50442e-10
2.43617e-10
2.6e-10
2.61705e-10
2.47023e-10
2.56754e-10
2.32037e-10
2.5256e-10
2.01777e-10
2.68378e-10
2.32685e-10
2.65371e-10
2.00168e-10
2.01739e-10
2.05273e-10
2.57591e-10
2.16136e-10
2.37992e-10
2.37779e-10
2.45404e-10
2.47974e-10
2.44601e-10
2.64885e-10
2.71268e-10
1.8772e-10
2.88877e-10
2.40273e-10
2.04082e-10
2.38181e-10
2.40808e-10
2.56219e-10
2.31708e-10
2.20708e-10
2.60174e-10
2.2649e-10
2.60761e-10
1.57165e-10
2.56496e-10
2.13244e-10
2.36538e-10
2.15744e-10
2.59182e-10
1.91112e-10
1.85485e-10
2.32516e-10
2.45513e-10
2.25273e-10
2.31878e-10
2.00189e-10
2.64996e-10
1.84235e-10
2.39479e-10
2.32497e-10
2.53067e-10
2.66802e-10
2.65919e-10
2.67669e-10
2.23767e-10
1.99094e-10
2.46292e-10
2.49155e-10
1.35487e-10
2.40157e-10
2.60098e-10
2.06677e-10
2.85859e-10
2.20366e-10
1.99384e-10
2.29847e-10
2.66339e-10
2.62959e-10
2.3563e-10
2.26332e-10
2.35e-10
2.59629e-10
2.29966e-10
2.52597e-10
2.1491e-10
1.96572e-10
2.35951e-10
2.81053e-10
2.51987e-10
2.68884e-10
2.69214e-10
2.36444e-10
2.08622e-10
2.26163e-10
2.52192e-10
2.04906e-10
2.176e-10
2.70881e-10
1.94796e-10
2.44097e-10
2.73869e-10
2.44618e-10
2.23163e-10
2.31964e-10
2.1508e-10
2.14679e-10
2.536e-10
2.02726e-10
2.16177e-10
2.2277e-10
2.29001e-10
2.54836e-10
2.52344e-10
1.92937e-10
2.64204e-10
2.40413e-10
2.1863e-10
2.10922e-10
2.25622e-10
2.33408e-10
2.63918e-10
2.66171e-10
2.45469e-10
2.447e-10
2.35134e-10
2.42065e-10
2.06236e-10
1.19729e-10
2.71106e-10
2.43578e-10
2.39334e-10
2.65917e-10
2.37515e-10
2.41976e-10
2.33981e-10
2.62053e-10
2.41885e-10
2.61019e-10
2.51404e-10
2.47213e-10
2.63889e-10
2.61322e-10
2.44213e-10
1.87137e-10
2.66073e-10
2.29799e-10
2.54685e-10
2.33973e-10
1.95093e-10
2.1692e-10
2.41685e-10
2.49386e-10
2.19645e-10
2.45021e-10
2.37837e-10
2.34905e-10
2.37848e-10
1.42964e-10
2.74424e-10
2.54942e-10
2.63454e-10
2.75535e-10
2.34655e-10
2.2941e-10
2.38781e-10
1.97877e-10
2.35999e-10
2.31326e-10
2.46452e-10
2.44938e-10
1.77503e-10
2.23347e-10
2.34696e-10
1.95309e-10
2.23469e-10
1.97287e-10
2.65955e-10
1.9726e-10
2.5485e-10
2.43785e-10
2.4715e-10
2.29005e-10
2.48381e-10
2.2904e-10
2.43172e-10
2.49275e-10
2.72213e-10
2.41411e-10
2.26128e-10
2.38358e-10
1.90935e-10
2.49667e-10
2.50038e-10
2.48279e-10
2.23819e-10
2.3136e-10
2.62908e-10
2.07483e-10
2.47301e-10
1.89105e-10
2.47601e-10
2.53827e-10
2.16684e-10
2.4605e-10
2.54801e-10
2.50755e-10
2.59304e-10
2.55686e-10
2.48885e-10
2.2732e-10
1.78641e-10
2.23521e-10
1.67673e-10
2.12426e-10
2.3256e-10
2.48091e-10
2.31453e-10
1.98588e-10
2.37054e-10
2.27325e-10
2.10297e-10
2.63782e-10
2.73874e-10
2.36858e-10
2.07897e-10
2.42109e-10
2.13126e-10
2.00493e-10
2.30459e-10
2.40752e-10
2.3694e-10
2.63883e-10
2.77997e-10
2.43578e-10
2.41219e-10
2.3779e-10
2.46538e-10
2.67045e-10
2.33737e-10
2.50738e-10
2.83148e-10
2.62017e-10
1.7003e-10
2.24919e-10
2.61604e-10
2.43039e-10
2.3516e-10
2.36861e-10
2.2494e-10
2.4287e-10
2.45173e-10
2.44677e-10
2.33241e-10
2.23773e-10
2.05468e-10
1.90567e-10
2.11142e-10
2.05558e-10
2.16805e-10
2.3329e-10
2.24897e-10
2.25953e-10
2.06401e-10
2.22805e-10
2.54245e-10
2.47151e-10
2.46533e-10
2.48152e-10
2.42163e-10
2.01754e-10
2.47763e-10
2.74287e-10
2.57866e-10
2.46107e-10
2.64627e-10
2.46898e-10
2.56323e-10
2.38987e-10
2.58356e-10
1.9875e-10
2.73057e-10
2.69634e-10
1.95046e-10
2.53116e-10
2.48853e-10
2.49837e-10
2.42705e-10
2.69105e-10
2.78727e-10
2.17831e-10
2.52516e-10
1.87665e-10
2.55803e-10
2.16436e-10
2.22671e-10
2.26703e-10
2.63337e-10
2.26376e-10
2.47817e-10
2.45375e-10
2.49944e-10
2.35397e-10
2.47592e-10
2.53762e-10
1.61522e-10
2.12874e-10
2.5314e-10
2.40622e-10
2.39468e-10
2.33286e-10
2.48854e-10
2.64197e-10
2.81702e-10
2.33006e-10
2.34148e-10
1.80292e-10
2.04494e-10
2.48211e-10
2.05383e-10
2.23138e-10
2.33192e-10
2.41791e-10
2.06718e-10
2.50431e-10
2.37087e-10
1.97209e-10
2.60745e-10
2.78099e-10
2.42705e-10
2.29075e-10
2.72451e-10
2.16167e-10
1.83086e-10
2.4538e-10
2.52843e-10
1.74335e-10
2.72648e-10
2.67118e-10
2.65045e-10
2.0712e-10
2.59855e-10
2.54407e-10
1.53693e-10
2.20767e-10
2.2816e-10
2.68091e-10
2.48812e-10
2.47034e-10
2.46183e-10
2.5766e-10
2.04281e-10
1.92814e-10
2.77866e-10
2.55367e-10
2.41967e-10
2.10554e-10
2.14338e-10
2.19972e-10
2.45859e-10
2.17606e-10
2.94235e-10
2.80353e-10
2.42304e-10
2.52655e-10
2.61759e-10
2.4915e-10
2.0948e-10
2.68938e-10
2.48317e-10
2.48452e-10
2.37697e-10
2.31527e-10
2.50924e-10
2.29496e-10
2.50367e-10
2.27766e-10
2.78118e-10
2.35599e-10
2.42141e-10
2.45139e-10
1.87716e-10
2.4089e-10
2.46142e-10
2.87642e-10
2.31685e-10
2.58588e-10
2.50478e-10
2.35952e-10
2.12648e-10
2.07417e-10
2.37037e-10
2.41916e-10
2.40135e-10
2.05906e-10
2.69542e-10
2.59715e-10
2.05659e-10
2.47221e-10
2.57124e-10
2.20392e-10
2.55246e-10
2.33747e-10
2.36634e-10
2.60389e-10
2.32002e-10
2.47222e-10
2.08599e-10
2.47513e-10
2.73674e-10
2.31123e-10
2.52352e-10
2.28284e-10
2.60811e-10
2.59478e-10
1.99117e-10
2.46199e-10
2.59302e-10
2.28927e-10
2.4508e-10
2.32229e-10
2.37246e-10
2.31679e-10
2.64077e-10
2.22798e-10
2.60602e-10
2.24265e-10
2.13863e-10
2.63634e-10
2.32036e-10
2.50747e-10
2.46403e-10
2.47998e-10
2.74945e-10
2.62616e-10
2.2e-10
2.17505e-10
2.09504e-10
2.1225e-10
2.38113e-10
2.36376e-10
2.58184e-10
2.4657e-10
2.35716e-10
2.32033e-10
2.00321e-10
2.31013e-10
2.43261e-10
1.65714e-10
1.61046e-10
2.09505e-10
2.58267e-10
2.47772e-10
2.28479e-10
2.20473e-10
2.34166e-10
2.44592e-10
2.66186e-10
2.24582e-10
2.23319e-10
1.84984e-10
2.31502e-10
2.36708e-10
2.07143e-10
2.38896e-10
2.05232e-10
2.60544e-10
2.22311e-10
2.44141e-10
2.70822e-10
2.75342e-10
2.44896e-10
2.58343e-10
2.01901e-10
2.47946e-10
2.19119e-10
2.25477e-10
2.49821e-10
2.09723e-10
2.32814e-10
2.41065e-10
2.58223e-10
2.59356e-10
2.57588e-10
1.8957e-10
2.52115e-10
2.40018e-10
2.20503e-10
2.42226e-10
2.8319e-10
2.35839e-10
2.49825e-10
2.45874e-10
2.00983e-10
2.08825e-10
2.21736e-10
2.20327e-10
2.45004e-10
2.00301e-10
2.35751e-10
2.16328e-10
2.20086e-10
2.34125e-10
2.42994e-10
2.63139e-10
2.75772e-10
2.26376e-10
2.43673e-10
2.18283e-10
2.48204e-10
2.41631e-10
2.28486e-10
2.78809e-10
2.63516e-10
2.5552e-10
2.41386e-10
2.44677e-10
2.06708e-10
2.46037e-10
2.50385e-10
2.10982e-10
2.617e-10
2.57548e-10
2.17237e-10
2.62604e-10
2.03625e-10
2.65209e-10
2.49492e-10
2.08118e-10
2.60018e-10
2.41791e-10
2.31642e-10
2.56072e-10
1.82821e-10
2.29183e-10
2.36853e-10
2.16522e-10
2.81484e-10
2.67786e-10
2.30383e-10
2.2071e-10
2.39915e-10
2.05094e-10
2.68077e-10
2.39281e-10
2.61121e-10
2.41163e-10
2.20589e-10
2.47295e-10
2.63346e-10
2.38762e-10
2.34249e-10
2.70281e-10
2.17584e-10
2.46282e-10
2.35411e-10
1.96186e-10
2.50463e-10
2.20354e-10
1.90632e-10
2.04502e-10
2.60776e-10
2.5185e-10
2.4101e-10
2.16444e-10
2.54814e-10
2.67239e-10
2.47854e-10
2.60435e-10
1.40427e-10
2.6775e-10
2.41599e-10
2.47164e-10
2.34717e-10
2.50313e-10
2.59109e-10
2.37298e-10
2.56719e-10
2.03513e-10
2.75522e-10
2.45363e-10
2.52876e-10
2.4947e-10
2.29365e-10
2.24658e-10
2.462e-10
2.07077e-10
2.50476e-10
1.86641e-10
2.22432e-10
2.61077e-10
6.86249e-11
2.78616e-10
2.11827e-10
2.62197e-10
2.38197e-10
2.48358e-10
2.06992e-10
2.4497e-10
2.09901e-10
2.52726e-10
2.30298e-10
2.20128e-10
2.5278e-10
2.27766e-10
2.17861e-10
2.45975e-10
1.78653e-10
2.68257e-10
2.57526e-10
2.67726e-10
2.48688e-10
2.49747e-10
2.38428e-10
2.65491e-10
2.42318e-10
2.46963e-10
2.4504e-10
2.50775e-10
2.56005e-10
2.4962e-10
2.34019e-10
2.62465e-10
2.12953e-10
2.3978e-10
1.86982e-10
2.42916e-10
2.50114e-10
2.20815e-10
2.13934e-10
1.89959e-10
2.31265e-10
1.7367e-10
2.1326e-10
2.2144e-10
2.71983e-10
2.46386e-10
2.41427e-10
2.21914e-10
2.41133e-10
2.70653e-10
2.60724e-10
2.63189e-10
2.505e-10
2.22166e-10
2.40468e-10
2.61122e-10
1.67469e-10
2.24155e-10
2.63974e-10
2.42278e-10
2.40883e-10
2.03574e-10
2.45053e-10
2.51094e-10
2.29433e-10
2.68661e-10
2.7256e-10
2.77519e-10
2.54336e-10
2.65395e-10
2.58639e-10
2.27465e-10
2.60897e-10
2.54681e-10
2.53194e-10
2.5304e-10
2.61245e-10
2.12289e-10
2.05234e-10
2.29494e-10
2.23173e-10
2.46928e-10
2.69759e-10
2.65604e-10
2.65698e-10
2.15642e-10
2.19746e-10
2.00583e-10
2.30935e-10
2.65091e-10
2.72629e-10
2.20757e-10
2.33064e-10
2.2461e-10
2.05038e-10
2.57269e-10
2.07878e-10
2.83221e-10
2.63524e-10
2.60229e-10
2.17248e-10
2.43531e-10
2.5188e-10
2.13296e-10
1.98361e-10
2.44448e-10
2.28195e-10
2.17831e-10
2.19537e-10
2.39616e-10
2.10007e-10
2.66565e-10
2.53834e-10
2.61466e-10
1.97175e-10
2.6865e-10
2.39089e-10
2.6002e-10
2.38294e-10
1.71394e-10
2.09659e-10
2.09023e-10
2.82361e-10
1.9362e-10
2.16851e-10
1.88035e-10
2.19683e-10
2.23826e-10
2.52036e-10
2.75411e-10
2.65949e-10
2.34714e-10
1.97175e-10
2.15154e-10
2.59989e-10
2.39281e-10
2.55395e-10
2.52193e-10
2.58534e-10
2.51935e-10
2.40443e-10
2.27178e-10
2.40014e-10
2.12054e-10
1.90235e-10
2.12999e-10
1.66736e-10
2.4333e-10
2.58258e-10
2.33811e-10
2.41045e-10
2.44362e-10
1.92292e-10
2.66403e-10
2.90924e-10
2.30541e-10
1.83917e-10
2.37411e-10
2.44622e-10
1.88992e-10
2.4376e-10
2.45917e-10
2.17108e-10
2.31035e-10
2.60592e-10
2.17696e-10
2.46011e-10
2.36171e-10
2.22791e-10
2.63982e-10
2.66117e-10
2.56344e-10
2.68105e-10
2.12008e-10
2.42238e-10
2.10918e-10
2.19367e-10
2.74557e-10
2.64602e-10
2.71028e-10
2.1901e-10
2.2903e-10
2.01916e-10
2.07621e-10
2.35937e-10
2.3511e-10
2.65027e-10
2.51978e-10
2.55165e-10
1.70751e-10
2.10345e-10
2.42903e-10
2.41067e-10
2.59105e-10
2.53152e-10
2.67125e-10
2.47254e-10
2.61927e-10
2.56776e-10
2.43735e-10
2.47717e-10
2.5658e-10
2.24971e-10
2.4595e-10
2.22745e-10
2.39829e-10
1.7131e-10
2.64247e-10
2.65006e-10
2.72739e-10
2.65973e-10
2.45e-10
2.36003e-10
2.60666e-10
2.61023e-10
2.65485e-10
1.334e-10
2.53279e-10
2.38799e-10
2.46224e-10
2.66403e-10
2.53761e-10
2.06684e-10
2.64072e-10
2.57106e-10
2.67262e-10
2.67224e-10
2.7467e-10
2.21157e-10
2.33187e-10
2.31783e-10
2.77171e-10
2.12637e-10
2.65548e-10
2.58677e-10
2.45451e-10
2.20551e-10
2.1107e-10
2.54384e-10
2.55592e-10
2.32356e-10
1.9895e-10
2.64375e-10
2.21881e-10
2.63116e-10
2.50801e-10
2.47358e-10
2.54006e-10
2.55408e-10
2.61126e-10
3.02131e-10
2.49938e-10
2.48262e-10
2.69793e-10
2.11009e-10
2.37378e-10
2.51488e-10
2.77112e-10
2.4742e-10
2.60283e-10
2.71217e-10
2.23048e-10
2.41209e-10
2.29023e-10
1.93152e-10
2.65533e-10
2.39376e-10
2.14244e-10
2.49338e-10
2.50671e-10
2.53235e-10
2.64976e-10
2.61238e-10
2.71032e-10
2.56923e-10
2.34125e-10
2.42347e-10
2.43398e-10
2.60447e-10
2.51996e-10
2.40085e-10
2.65692e-10
2.83605e-10
2.19142e-10
2.36784e-10
1.96281e-10
1.83388e-10
2.17155e-10
2.30484e-10
2.51856e-10
1.78768e-10
2.59573e-10
2.45988e-10
2.20797e-10
1.66099e-10
2.34262e-10
2.36445e-10
1.85577e-10
2.75549e-10
2.28827e-10
2.42898e-10
2.26501e-10
1.9025e-10
2.52273e-10
1.48467e-10
2.7693e-10
2.57239e-10
2.48192e-10
2.55584e-10
2.14819e-10
2.14664e-10
2.34618e-10
2.03873e-10
2.04594e-10
2.70027e-10
2.2932e-10
2.39713e-10
1.88498e-10
2.43321e-10
2.7348e-10
2.68901e-10
2.23959e-10
2.59928e-10
2.65241e-10
2.3644e-10
2.08554e-10
2.48339e-10
1.99827e-10
2.38425e-10
2.52172e-10
2.90319e-10
2.54133e-10
2.25848e-10
2.29201e-10
2.51233e-10
2.49392e-10
2.55728e-10
1.73014e-10
2.45092e-10
2.35495e-10
2.53152e-10
2.32958e-10
2.53788e-10
1.59857e-10
1.36282e-10
2.50328e-10
2.7936e-10
2.56523e-10
2.32034e-10
2.18736e-10
2.41501e-10
2.15315e-10
2.70756e-10
2.72734e-10
2.36085e-10
2.23078e-10
2.28457e-10
2.15889e-10
2.50749e-10
2.09018e-10
2.37604e-10
2.24391e-10
2.56966e-10
2.09787e-10
1.53688e-10
2.35825e-10
1.78436e-10
2.39066e-10
2.42518e-10
2.73801e-10
2.80692e-10
2.23878e-10
2.21931e-10
2.3502e-10
2.50107e-10
2.55956e-10
2.54358e-10
2.58409e-10
2.67828e-10
2.33593e-10
2.3735e-10
1.9375e-10
1.8561e-10
2.16311e-10
2.16614e-10
2.17346e-10
2.87624e-10
2.4728e-10
2.19223e-10
2.69355e-10
2.67074e-10
2.4441e-10
2.33133e-10
2.57812e-10
2.56456e-10
2.70748e-10
2.4229e-10
2.17978e-10
2.45482e-10
2.3508e-10
2.53274e-10
1.74593e-10
2.05163e-10
1.96414e-10
2.50727e-10
2.41121e-10
2.27896e-10
2.46745e-10
2.49249e-10
2.55293e-10
2.60885e-10
2.03902e-10
2.09346e-10
2.047e-10
2.23252e-10
2.23384e-10
2.48991e-10
2.23004e-10
2.45387e-10
2.48192e-10
2.61392e-10
2.19428e-10
2.24391e-10
1.97974e-10
2.15984e-10
2.47242e-10
2.24053e-10
2.58238e-10
2.2365e-10
2.40228e-10
1.90004e-10
2.32387e-10
2.03171e-10
2.42054e-10
2.77471e-10
2.48537e-10
2.44838e-10
2.47093e-10
2.62102e-10
2.3552e-10
1.5563e-10
2.51419e-10
2.44666e-10
2.38054e-10
2.38978e-10
2.30514e-10
2.59993e-10
2.49504e-10
1.95218e-10
1.8946e-10
2.55717e-10
2.56108e-10
2.17225e-10
2.11688e-10
2.6479e-10
2.27713e-10
2.37037e-10
2.33208e-10
1.83657e-10
2.19559e-10
2.44391e-10
2.43081e-10
2.48819e-10
2.22192e-10
2.57945e-10
2.74934e-10
2.38789e-10
2.20366e-10
2.15802e-10
2.23361e-10
2.62361e-10
2.57116e-10
1.71242e-10
2.13888e-10
2.4402e-10
2.14134e-10
2.47505e-10
2.50129e-10
2.54182e-10
2.54668e-10
2.74952e-10
1.59838e-10
2.48905e-10
2.38561e-10
2.41418e-10
2.40423e-10
2.59577e-10
2.12423e-10
1.87179e-10
2.09918e-10
2.94331e-10
2.44064e-10
2.26721e-10
2.52405e-10
2.61293e-10
2.36242e-10
2.34829e-10
2.74145e-10
2.53798e-10
2.60119e-10
2.43279e-10
2.08009e-10
2.65479e-10
2.26348e-10
2.33541e-10
1.80754e-10
2.12334e-10
2.34714e-10
2.50258e-10
1.9938e-10
2.55869e-10
2.48779e-10
2.40642e-10
1.8291e-10
2.78533e-10
2.02294e-10
2.26898e-10
2.3684e-10
2.47812e-10
2.35011e-10
2.42226e-10
2.15978e-10
2.16891e-10
2.26089e-10
2.20521e-10
2.57177e-10
2.4987e-10
2.54111e-10
1.99204e-10
2.4018e-10
2.78293e-10
2.0099e-10
2.44968e-10
2.20309e-10
2.59302e-10
2.3156e-10
2.33846e-10
1.81596e-10
2.42331e-10
2.40539e-10
2.40302e-10
2.50691e-10
1.96315e-10
2.2005e-10
2.69891e-10
2.31405e-10
2.67934e-10
2.51076e-10
2.42191e-10
2.57413e-10
2.01667e-10
2.33507e-10
2.73361e-10
2.49048e-10
2.17424e-10
2.56743e-10
2.18908e-10
1.98421e-10
2.39305e-10
2.09604e-10
2.39553e-10
2.59054e-10
2.64676e-10
2.36143e-10
2.29073e-10
2.45244e-10
2.27421e-10
2.51951e-10
2.56379e-10
1.8767e-10
2.49827e-10
2.43667e-10
2.64454e-10
2.10169e-10
2.37036e-10
2.27354e-10
2.30837e-10
2.17423e-10
2.33268e-10
2.27536e-10
2.26472e-10
2.55931e-10
2.62406e-10
2.5166e-10
2.62234e-10
2.60125e-10
2.14335e-10
2.12636e-10
2.41815e-10
2.05492e-10
2.02919e-10
2.44601e-10
2.3388e-10
2.55262e-10
2.28077e-10
2.54693e-10
2.42667e-10
2.13954e-10
2.21068e-10
2.47323e-10
2.6371e-10
2.75494e-10
2.20145e-10
2.57112e-10
2.15577e-10
2.36167e-10
2.17203e-10
2.38006e-10
2.69423e-10
2.35014e-10
2.76221e-10
2.17186e-10
1.98877e-10
2.27512e-10
1.38417e-10
2.24587e-10
2.64465e-10
2.41088e-10
2.4218e-10
2.46665e-10
2.39829e-10
2.3649e-10
2.53324e-10
2.15148e-10
2.3062e-10
2.51983e-10
2.39196e-10
2.49762e-10
2.396e-10
2.39466e-10
2.37394e-10
2.44765e-10
2.58601e-10
2.65208e-10
2.77331e-10
2.60101e-10
2.36579e-10
2.28427e-10
2.28929e-10
2.23252e-10
2.42867e-10
2.64883e-10
2.34712e-10
2.45288e-10
2.50415e-10
2.41611e-10
2.56521e-10
2.17696e-10
2.52919e-10
2.61327e-10
2.81793e-10
2.53253e-10
2.51531e-10
2.49064e-10
2.34099e-10
2.64169e-10
2.30191e-10
2.59749e-10
2.80686e-10
2.38264e-10
2.45142e-10
2.3669e-10
2.60784e-10
1.66833e-10
2.30908e-10
2.33077e-10
2.54849e-10
2.34237e-10
2.24884e-10
2.4041e-10
2.08905e-10
2.12775e-10
2.04207e-10
2.63141e-10
2.40821e-10
2.23549e-10
2.54056e-10
2.00745e-10
2.06826e-10
2.59208e-10
1.96562e-10
2.57269e-10
2.69024e-10
2.43055e-10
2.66475e-10
2.21098e-10
1.54583e-10
2.40962e-10
2.40643e-10
1.87315e-10
1.8324e-10
2.50001e-10
2.36549e-10
2.07884e-10
2.07893e-10
2.1152e-10
2.64629e-10
2.5431e-10
2.49165e-10
2.50881e-10
2.19563e-10
2.06789e-10
2.50666e-10
2.40838e-10
2.40032e-10
2.37512e-10
2.68414e-10
2.64012e-10
2.44381e-10
2.48032e-10
2.26632e-10
2.44979e-10
2.48576e-10
2.47365e-10
2.60914e-10
2.552e-10
2.35475e-10
1.98564e-10
2.57108e-10
2.14449e-10
1.56141e-10
2.63021e-10
2.70901e-10
2.15208e-10
2.41183e-10
2.36501e-10
2.71242e-10
2.50962e-10
2.2661e-10
2.14772e-10
2.64812e-10
2.3173e-10
2.49681e-10
2.28006e-10
2.45697e-10
2.25128e-10
2.60904e-10
2.87771e-10
2.82997e-10
2.69888e-10
2.14455e-10
1.57204e-10
2.66137e-10
8.87446e-11
2.52307e-10
2.6408e-10
2.41894e-10
2.35073e-10
1.98522e-10
2.02835e-10
2.58753e-10
2.54988e-10
2.22504e-10
2.75993e-10
2.82648e-10
2.71363e-10
2.16524e-10
2.03991e-10
2.4511e-10
2.71881e-10
2.42549e-10
2.3417e-10
2.03865e-10
2.43216e-10
2.51811e-10
2.09965e-10
2.1455e-10
2.62993e-10
2.49788e-10
2.50148e-10
2.69478e-10
2.60668e-10
2.33696e-10
1.98021e-10
2.17732e-10
2.27864e-10
2.66119e-10
2.85652e-10
2.75308e-10
2.55787e-10
2.34662e-10
2.16165e-10
2.56221e-10
2.00692e-10
2.49764e-10
2.53194e-10
2.25713e-10
2.59145e-10
2.53362e-10
2.17666e-10
2.46704e-10
2.18958e-10
2.59615e-10
2.70894e-10
2.56241e-10
2.42254e-10
1.80246e-10
2.73842e-10
2.23841e-10
1.35206e-10
2.51005e-10
2.33738e-10
2.04832e-10
2.58608e-10
2.47112e-10
2.3333e-10
2.44217e-10
2.56724e-10
2.6643e-10
2.55528e-10
2.6242e-10
2.67786e-10
2.41094e-10
2.07743e-10
1.78331e-10
2.01052e-10
1.96844e-10
2.51016e-10
2.32875e-10
2.77135e-10
2.29479e-10
2.40102e-10
2.38423e-10
2.3869e-10
2.25308e-10
2.20814e-10
2.86649e-10
2.20128e-10
2.53126e-10
1.74954e-10
2.41393e-10
2.55276e-10
2.26207e-10
2.2294e-10
2.28126e-10
2.19058e-10
2.26144e-10
2.63564e-10
2.7005e-10
2.6831e-10
2.48721e-10
2.46028e-10
2.84091e-10
