1.25647e-10 1
1.26647e-10 0
1.27647e-10 0
1.28647e-10 0
1.29647e-10 0
1.30647e-10 1
1.31647e-10 0
1.32647e-10 0
1.33647e-10 0
1.34647e-10 0
1.35647e-10 0
1.36647e-10 0
1.37647e-10 0
1.38647e-10 0
1.39647e-10 0
1.40647e-10 0
1.41647e-10 0
1.42647e-10 0
1.43647e-10 1
1.44647e-10 1
1.45647e-10 0
1.46647e-10 0
1.47647e-10 0
1.48647e-10 0
1.49647e-10 1
1.50647e-10 0
1.51647e-10 0
1.52647e-10 0
1.53647e-10 0
1.54647e-10 0
1.55647e-10 0
1.56647e-10 0
1.57647e-10 1
1.58647e-10 0
1.59647e-10 1
1.60647e-10 1
1.61647e-10 2
1.62647e-10 1
1.63647e-10 0
1.64647e-10 0
1.65647e-10 0
1.66647e-10 1
1.67647e-10 0
1.68647e-10 0
1.69647e-10 1
1.70647e-10 0
1.71647e-10 2
1.72647e-10 1
1.73647e-10 0
1.74647e-10 0
1.75647e-10 1
1.76647e-10 0
1.77647e-10 0
1.78647e-10 0
1.79647e-10 2
1.80647e-10 0
1.81647e-10 0
1.82647e-10 1
1.83647e-10 1
1.84647e-10 0
1.85647e-10 0
1.86647e-10 1
1.87647e-10 2
1.88647e-10 2
1.89647e-10 0
1.90647e-10 0
1.91647e-10 0
1.92647e-10 2
1.93647e-10 5
1.94647e-10 2
1.95647e-10 2
1.96647e-10 2
1.97647e-10 2
1.98647e-10 2
1.99647e-10 1
2.00647e-10 1
2.01647e-10 1
2.02647e-10 5
2.03647e-10 2
2.04647e-10 1
2.05647e-10 1
2.06647e-10 3
2.07647e-10 1
2.08647e-10 1
2.09647e-10 1
2.10647e-10 5
2.11647e-10 3
2.12647e-10 2
2.13647e-10 4
2.14647e-10 3
2.15647e-10 4
2.16647e-10 3
2.17647e-10 3
2.18647e-10 6
2.19647e-10 4
2.20647e-10 4
2.21647e-10 9
2.22647e-10 2
2.23647e-10 6
2.24647e-10 8
2.25647e-10 1
2.26647e-10 7
2.27647e-10 4
2.28647e-10 4
2.29647e-10 7
2.30647e-10 8
2.31647e-10 4
2.32647e-10 13
2.33647e-10 8
2.34647e-10 7
2.35647e-10 11
2.36647e-10 6
2.37647e-10 12
2.38647e-10 10
2.39647e-10 11
2.40647e-10 14
2.41647e-10 9
2.42647e-10 6
2.43647e-10 15
2.44647e-10 15
2.45647e-10 14
2.46647e-10 17
2.47647e-10 15
2.48647e-10 18
2.49647e-10 16
2.50647e-10 25
2.51647e-10 20
2.52647e-10 21
2.53647e-10 20
2.54647e-10 17
2.55647e-10 21
2.56647e-10 18
2.57647e-10 31
2.58647e-10 23
2.59647e-10 29
2.60647e-10 30
2.61647e-10 36
2.62647e-10 25
2.63647e-10 47
2.64647e-10 30
2.65647e-10 34
2.66647e-10 26
2.67647e-10 40
2.68647e-10 34
2.69647e-10 32
2.70647e-10 45
2.71647e-10 52
2.72647e-10 37
2.73647e-10 44
2.74647e-10 36
2.75647e-10 54
2.76647e-10 48
2.77647e-10 40
2.78647e-10 55
2.79647e-10 42
2.80647e-10 54
2.81647e-10 48
2.82647e-10 48
2.83647e-10 60
2.84647e-10 57
2.85647e-10 71
2.86647e-10 62
2.87647e-10 57
2.88647e-10 61
2.89647e-10 47
2.90647e-10 58
2.91647e-10 63
2.92647e-10 50
2.93647e-10 69
2.94647e-10 61
2.95647e-10 50
2.96647e-10 54
2.97647e-10 57
2.98647e-10 40
2.99647e-10 58
3.00647e-10 46
3.01647e-10 42
3.02647e-10 44
3.03647e-10 37
3.04647e-10 31
3.05647e-10 49
3.06647e-10 35
3.07647e-10 28
3.08647e-10 38
3.09647e-10 34
3.10647e-10 28
3.11647e-10 34
3.12647e-10 19
3.13647e-10 29
3.14647e-10 13
3.15647e-10 10
3.16647e-10 16
3.17647e-10 8
3.18647e-10 15
3.19647e-10 10
3.20647e-10 22
3.21647e-10 12
3.22647e-10 15
3.23647e-10 8
3.24647e-10 6
3.25647e-10 7
3.26647e-10 7
3.27647e-10 3
3.28647e-10 6
3.29647e-10 5
3.30647e-10 3
3.31647e-10 1
3.32647e-10 5
3.33647e-10 2
3.34647e-10 1
3.35647e-10 1
3.36647e-10 1
3.37647e-10 2
3.38647e-10 2
3.39647e-10 3
3.40647e-10 0
3.41647e-10 0
3.42647e-10 2
3.43647e-10 1
3.44647e-10 1
3.45647e-10 0
3.46647e-10 0
3.47647e-10 1
3.48647e-10 0
3.49647e-10 1
