6.86249e-11 1
6.96249e-11 0
7.06249e-11 0
7.16249e-11 0
7.26249e-11 0
7.36249e-11 0
7.46249e-11 0
7.56249e-11 0
7.66249e-11 0
7.76249e-11 0
7.86249e-11 0
7.96249e-11 0
8.06249e-11 0
8.16249e-11 0
8.26249e-11 0
8.36249e-11 0
8.46249e-11 0
8.56249e-11 0
8.66249e-11 0
8.76249e-11 0
8.86249e-11 1
8.96249e-11 0
9.06249e-11 0
9.16249e-11 0
9.26249e-11 0
9.36249e-11 0
9.46249e-11 0
9.56249e-11 1
9.66249e-11 0
9.76249e-11 0
9.86249e-11 0
9.96249e-11 0
1.00625e-10 0
1.01625e-10 0
1.02625e-10 1
1.03625e-10 0
1.04625e-10 0
1.05625e-10 0
1.06625e-10 1
1.07625e-10 0
1.08625e-10 0
1.09625e-10 1
1.10625e-10 0
1.11625e-10 0
1.12625e-10 0
1.13625e-10 1
1.14625e-10 0
1.15625e-10 0
1.16625e-10 0
1.17625e-10 0
1.18625e-10 0
1.19625e-10 1
1.20625e-10 1
1.21625e-10 0
1.22625e-10 0
1.23625e-10 0
1.24625e-10 0
1.25625e-10 0
1.26625e-10 0
1.27625e-10 0
1.28625e-10 0
1.29625e-10 0
1.30625e-10 0
1.31625e-10 0
1.32625e-10 1
1.33625e-10 0
1.34625e-10 2
1.35625e-10 1
1.36625e-10 1
1.37625e-10 1
1.38625e-10 1
1.39625e-10 2
1.40625e-10 0
1.41625e-10 1
1.42625e-10 1
1.43625e-10 1
1.44625e-10 0
1.45625e-10 1
1.46625e-10 1
1.47625e-10 3
1.48625e-10 0
1.49625e-10 1
1.50625e-10 0
1.51625e-10 1
1.52625e-10 2
1.53625e-10 3
1.54625e-10 0
1.55625e-10 4
1.56625e-10 2
1.57625e-10 0
1.58625e-10 0
1.59625e-10 4
1.60625e-10 3
1.61625e-10 1
1.62625e-10 2
1.63625e-10 1
1.64625e-10 1
1.65625e-10 4
1.66625e-10 5
1.67625e-10 2
1.68625e-10 2
1.69625e-10 1
1.70625e-10 7
1.71625e-10 3
1.72625e-10 2
1.73625e-10 5
1.74625e-10 3
1.75625e-10 5
1.76625e-10 2
1.77625e-10 5
1.78625e-10 5
1.79625e-10 3
1.80625e-10 8
1.81625e-10 3
1.82625e-10 9
1.83625e-10 5
1.84625e-10 10
1.85625e-10 4
1.86625e-10 6
1.87625e-10 15
1.88625e-10 7
1.89625e-10 8
1.90625e-10 10
1.91625e-10 8
1.92625e-10 10
1.93625e-10 5
1.94625e-10 15
1.95625e-10 14
1.96625e-10 11
1.97625e-10 16
1.98625e-10 15
1.99625e-10 15
2.00625e-10 11
2.01625e-10 13
2.02625e-10 11
2.03625e-10 19
2.04625e-10 24
2.05625e-10 12
2.06625e-10 23
2.07625e-10 23
2.08625e-10 22
2.09625e-10 23
2.10625e-10 19
2.11625e-10 16
2.12625e-10 28
2.13625e-10 24
2.14625e-10 27
2.15625e-10 30
2.16625e-10 35
2.17625e-10 18
2.18625e-10 35
2.19625e-10 40
2.20625e-10 40
2.21625e-10 25
2.22625e-10 45
2.23625e-10 32
2.24625e-10 30
2.25625e-10 38
2.26625e-10 30
2.27625e-10 34
2.28625e-10 39
2.29625e-10 45
2.30625e-10 39
2.31625e-10 48
2.32625e-10 42
2.33625e-10 45
2.34625e-10 57
2.35625e-10 52
2.36625e-10 48
2.37625e-10 42
2.38625e-10 53
2.39625e-10 57
2.40625e-10 54
2.41625e-10 51
2.42625e-10 57
2.43625e-10 57
2.44625e-10 58
2.45625e-10 54
2.46625e-10 58
2.47625e-10 58
2.48625e-10 46
2.49625e-10 58
2.50625e-10 49
2.51625e-10 59
2.52625e-10 50
2.53625e-10 49
2.54625e-10 53
2.55625e-10 49
2.56625e-10 50
2.57625e-10 43
2.58625e-10 54
2.59625e-10 43
2.60625e-10 52
2.61625e-10 38
2.62625e-10 38
2.63625e-10 35
2.64625e-10 40
2.65625e-10 42
2.66625e-10 28
2.67625e-10 32
2.68625e-10 22
2.69625e-10 14
2.70625e-10 27
2.71625e-10 19
2.72625e-10 19
2.73625e-10 19
2.74625e-10 15
2.75625e-10 15
2.76625e-10 16
2.77625e-10 12
2.78625e-10 8
2.79625e-10 6
2.80625e-10 9
2.81625e-10 8
2.82625e-10 9
2.83625e-10 4
2.84625e-10 6
2.85625e-10 2
2.86625e-10 3
2.87625e-10 3
2.88625e-10 3
2.89625e-10 2
2.90625e-10 4
2.91625e-10 0
2.92625e-10 2
2.93625e-10 3
2.94625e-10 0
2.95625e-10 1
2.96625e-10 0
2.97625e-10 0
2.98625e-10 0
2.99625e-10 0
3.00625e-10 0
3.01625e-10 1
