1.62295e-10 1
1.63295e-10 0
1.64295e-10 0
1.65295e-10 0
1.66295e-10 0
1.67295e-10 0
1.68295e-10 0
1.69295e-10 0
1.70295e-10 0
1.71295e-10 0
1.72295e-10 0
1.73295e-10 0
1.74295e-10 0
1.75295e-10 0
1.76295e-10 0
1.77295e-10 1
1.78295e-10 0
1.79295e-10 0
1.80295e-10 0
1.81295e-10 0
1.82295e-10 0
1.83295e-10 0
1.84295e-10 0
1.85295e-10 0
1.86295e-10 0
1.87295e-10 0
1.88295e-10 0
1.89295e-10 0
1.90295e-10 0
1.91295e-10 0
1.92295e-10 1
1.93295e-10 0
1.94295e-10 0
1.95295e-10 0
1.96295e-10 0
1.97295e-10 1
1.98295e-10 0
1.99295e-10 0
2.00295e-10 0
2.01295e-10 0
2.02295e-10 0
2.03295e-10 0
2.04295e-10 0
2.05295e-10 0
2.06295e-10 1
2.07295e-10 1
2.08295e-10 0
2.09295e-10 1
2.10295e-10 0
2.11295e-10 0
2.12295e-10 0
2.13295e-10 0
2.14295e-10 1
2.15295e-10 1
2.16295e-10 0
2.17295e-10 0
2.18295e-10 0
2.19295e-10 0
2.20295e-10 1
2.21295e-10 0
2.22295e-10 1
2.23295e-10 0
2.24295e-10 0
2.25295e-10 2
2.26295e-10 2
2.27295e-10 0
2.28295e-10 3
2.29295e-10 0
2.30295e-10 0
2.31295e-10 1
2.32295e-10 1
2.33295e-10 1
2.34295e-10 1
2.35295e-10 2
2.36295e-10 1
2.37295e-10 1
2.38295e-10 4
2.39295e-10 1
2.40295e-10 2
2.41295e-10 0
2.42295e-10 0
2.43295e-10 1
2.44295e-10 1
2.45295e-10 3
2.46295e-10 1
2.47295e-10 2
2.48295e-10 1
2.49295e-10 2
2.50295e-10 3
2.51295e-10 1
2.52295e-10 4
2.53295e-10 2
2.54295e-10 0
2.55295e-10 3
2.56295e-10 3
2.57295e-10 8
2.58295e-10 1
2.59295e-10 3
2.60295e-10 3
2.61295e-10 5
2.62295e-10 4
2.63295e-10 2
2.64295e-10 3
2.65295e-10 5
2.66295e-10 2
2.67295e-10 8
2.68295e-10 4
2.69295e-10 7
2.70295e-10 7
2.71295e-10 5
2.72295e-10 11
2.73295e-10 6
2.74295e-10 5
2.75295e-10 11
2.76295e-10 9
2.77295e-10 10
2.78295e-10 8
2.79295e-10 9
2.80295e-10 4
2.81295e-10 10
2.82295e-10 10
2.83295e-10 14
2.84295e-10 15
2.85295e-10 20
2.86295e-10 10
2.87295e-10 9
2.88295e-10 12
2.89295e-10 16
2.90295e-10 18
2.91295e-10 18
2.92295e-10 14
2.93295e-10 18
2.94295e-10 19
2.95295e-10 19
2.96295e-10 21
2.97295e-10 23
2.98295e-10 23
2.99295e-10 21
3.00295e-10 30
3.01295e-10 20
3.02295e-10 18
3.03295e-10 22
3.04295e-10 25
3.05295e-10 37
3.06295e-10 36
3.07295e-10 41
3.08295e-10 28
3.09295e-10 24
3.10295e-10 25
3.11295e-10 34
3.12295e-10 42
3.13295e-10 41
3.14295e-10 26
3.15295e-10 40
3.16295e-10 45
3.17295e-10 41
3.18295e-10 49
3.19295e-10 43
3.20295e-10 46
3.21295e-10 45
3.22295e-10 55
3.23295e-10 38
3.24295e-10 44
3.25295e-10 48
3.26295e-10 60
3.27295e-10 56
3.28295e-10 52
3.29295e-10 57
3.30295e-10 52
3.31295e-10 51
3.32295e-10 67
3.33295e-10 57
3.34295e-10 54
3.35295e-10 50
3.36295e-10 49
3.37295e-10 57
3.38295e-10 56
3.39295e-10 60
3.40295e-10 51
3.41295e-10 53
3.42295e-10 62
3.43295e-10 59
3.44295e-10 51
3.45295e-10 50
3.46295e-10 47
3.47295e-10 44
3.48295e-10 41
3.49295e-10 33
3.50295e-10 45
3.51295e-10 37
3.52295e-10 28
3.53295e-10 32
3.54295e-10 37
3.55295e-10 29
3.56295e-10 30
3.57295e-10 26
3.58295e-10 23
3.59295e-10 17
3.60295e-10 17
3.61295e-10 16
3.62295e-10 13
3.63295e-10 13
3.64295e-10 11
3.65295e-10 16
3.66295e-10 13
3.67295e-10 12
3.68295e-10 9
3.69295e-10 5
3.70295e-10 7
3.71295e-10 4
3.72295e-10 5
3.73295e-10 4
3.74295e-10 6
3.75295e-10 2
3.76295e-10 1
3.77295e-10 3
3.78295e-10 3
3.79295e-10 1
3.80295e-10 0
3.81295e-10 1
3.82295e-10 3
3.83295e-10 3
3.84295e-10 0
3.85295e-10 2
3.86295e-10 1
3.87295e-10 1
3.88295e-10 0
3.89295e-10 0
3.90295e-10 0
3.91295e-10 0
3.92295e-10 0
3.93295e-10 0
3.94295e-10 1
3.95295e-10 0
3.96295e-10 1
