1.82851e-11 1
1.92851e-11 0
2.02851e-11 0
2.12851e-11 0
2.22851e-11 0
2.32851e-11 0
2.42851e-11 0
2.52851e-11 0
2.62851e-11 0
2.72851e-11 0
2.82851e-11 0
2.92851e-11 0
3.02851e-11 0
3.12851e-11 0
3.22851e-11 0
3.32851e-11 0
3.42851e-11 0
3.52851e-11 0
3.62851e-11 0
3.72851e-11 0
3.82851e-11 0
3.92851e-11 2
4.02851e-11 0
4.12851e-11 0
4.22851e-11 1
4.32851e-11 0
4.42851e-11 0
4.52851e-11 0
4.62851e-11 0
4.72851e-11 0
4.82851e-11 1
4.92851e-11 0
5.02851e-11 0
5.12851e-11 0
5.22851e-11 1
5.32851e-11 0
5.42851e-11 0
5.52851e-11 0
5.62851e-11 0
5.72851e-11 0
5.82851e-11 1
5.92851e-11 1
6.02851e-11 1
6.12851e-11 1
6.22851e-11 1
6.32851e-11 0
6.42851e-11 1
6.52851e-11 1
6.62851e-11 1
6.72851e-11 0
6.82851e-11 0
6.92851e-11 0
7.02851e-11 1
7.12851e-11 0
7.22851e-11 0
7.32851e-11 0
7.42851e-11 0
7.52851e-11 2
7.62851e-11 2
7.72851e-11 0
7.82851e-11 0
7.92851e-11 0
8.02851e-11 1
8.12851e-11 2
8.22851e-11 1
8.32851e-11 0
8.42851e-11 2
8.52851e-11 0
8.62851e-11 0
8.72851e-11 1
8.82851e-11 0
8.92851e-11 0
9.02851e-11 0
9.12851e-11 2
9.22851e-11 3
9.32851e-11 0
9.42851e-11 1
9.52851e-11 0
9.62851e-11 0
9.72851e-11 0
9.82851e-11 1
9.92851e-11 1
1.00285e-10 2
1.01285e-10 1
1.02285e-10 2
1.03285e-10 1
1.04285e-10 3
1.05285e-10 4
1.06285e-10 2
1.07285e-10 1
1.08285e-10 0
1.09285e-10 1
1.10285e-10 7
1.11285e-10 3
1.12285e-10 1
1.13285e-10 2
1.14285e-10 4
1.15285e-10 1
1.16285e-10 2
1.17285e-10 5
1.18285e-10 7
1.19285e-10 4
1.20285e-10 0
1.21285e-10 3
1.22285e-10 4
1.23285e-10 5
1.24285e-10 2
1.25285e-10 4
1.26285e-10 1
1.27285e-10 4
1.28285e-10 6
1.29285e-10 7
1.30285e-10 8
1.31285e-10 4
1.32285e-10 4
1.33285e-10 3
1.34285e-10 5
1.35285e-10 6
1.36285e-10 2
1.37285e-10 6
1.38285e-10 6
1.39285e-10 7
1.40285e-10 15
1.41285e-10 11
1.42285e-10 8
1.43285e-10 3
1.44285e-10 6
1.45285e-10 8
1.46285e-10 11
1.47285e-10 8
1.48285e-10 11
1.49285e-10 14
1.50285e-10 12
1.51285e-10 10
1.52285e-10 20
1.53285e-10 22
1.54285e-10 17
1.55285e-10 13
1.56285e-10 13
1.57285e-10 12
1.58285e-10 19
1.59285e-10 13
1.60285e-10 19
1.61285e-10 22
1.62285e-10 29
1.63285e-10 14
1.64285e-10 15
1.65285e-10 21
1.66285e-10 21
1.67285e-10 21
1.68285e-10 17
1.69285e-10 30
1.70285e-10 29
1.71285e-10 23
1.72285e-10 20
1.73285e-10 32
1.74285e-10 26
1.75285e-10 33
1.76285e-10 30
1.77285e-10 44
1.78285e-10 26
1.79285e-10 34
1.80285e-10 34
1.81285e-10 33
1.82285e-10 31
1.83285e-10 56
1.84285e-10 41
1.85285e-10 31
1.86285e-10 56
1.87285e-10 49
1.88285e-10 41
1.89285e-10 51
1.90285e-10 53
1.91285e-10 54
1.92285e-10 65
1.93285e-10 56
1.94285e-10 51
1.95285e-10 54
1.96285e-10 55
1.97285e-10 52
1.98285e-10 51
1.99285e-10 58
2.00285e-10 48
2.01285e-10 51
2.02285e-10 61
2.03285e-10 53
2.04285e-10 66
2.05285e-10 47
2.06285e-10 49
2.07285e-10 58
2.08285e-10 56
2.09285e-10 53
2.10285e-10 60
2.11285e-10 50
2.12285e-10 51
2.13285e-10 40
2.14285e-10 42
2.15285e-10 41
2.16285e-10 35
2.17285e-10 43
2.18285e-10 39
2.19285e-10 34
2.20285e-10 27
2.21285e-10 34
2.22285e-10 30
2.23285e-10 28
2.24285e-10 22
2.25285e-10 17
2.26285e-10 25
2.27285e-10 21
2.28285e-10 12
2.29285e-10 14
2.30285e-10 16
2.31285e-10 14
2.32285e-10 7
2.33285e-10 10
2.34285e-10 6
2.35285e-10 7
2.36285e-10 7
2.37285e-10 4
2.38285e-10 4
2.39285e-10 2
2.40285e-10 3
2.41285e-10 2
2.42285e-10 1
2.43285e-10 1
2.44285e-10 3
2.45285e-10 3
2.46285e-10 2
2.47285e-10 1
2.48285e-10 1
2.49285e-10 0
2.50285e-10 0
2.51285e-10 0
2.52285e-10 0
2.53285e-10 0
2.54285e-10 0
2.55285e-10 1
