4.54591e-71 3
1e-12 0
2e-12 0
3e-12 0
4e-12 0
5e-12 0
6e-12 0
7e-12 1
8e-12 0
9e-12 0
1e-11 0
1.1e-11 0
1.2e-11 0
1.3e-11 0
1.4e-11 0
1.5e-11 0
1.6e-11 0
1.7e-11 1
1.8e-11 0
1.9e-11 0
2e-11 0
2.1e-11 2
2.2e-11 0
2.3e-11 1
2.4e-11 3
2.5e-11 0
2.6e-11 0
2.7e-11 0
2.8e-11 2
2.9e-11 0
3e-11 0
3.1e-11 0
3.2e-11 0
3.3e-11 2
3.4e-11 1
3.5e-11 0
3.6e-11 2
3.7e-11 0
3.8e-11 2
3.9e-11 2
4e-11 0
4.1e-11 3
4.2e-11 2
4.3e-11 0
4.4e-11 1
4.5e-11 1
4.6e-11 2
4.7e-11 5
4.8e-11 2
4.9e-11 1
5e-11 3
5.1e-11 3
5.2e-11 1
5.3e-11 3
5.4e-11 1
5.5e-11 3
5.6e-11 9
5.7e-11 6
5.8e-11 1
5.9e-11 2
6e-11 0
6.1e-11 3
6.2e-11 3
6.3e-11 6
6.4e-11 1
6.5e-11 4
6.6e-11 2
6.7e-11 2
6.8e-11 5
6.9e-11 7
7e-11 5
7.1e-11 7
7.2e-11 5
7.3e-11 1
7.4e-11 5
7.5e-11 6
7.6e-11 6
7.7e-11 5
7.8e-11 3
7.9e-11 2
8e-11 2
8.1e-11 4
8.2e-11 8
8.3e-11 5
8.4e-11 6
8.5e-11 6
8.6e-11 6
8.7e-11 5
8.8e-11 11
8.9e-11 11
9e-11 5
9.1e-11 12
9.2e-11 7
9.3e-11 10
9.4e-11 6
9.5e-11 15
9.6e-11 6
9.7e-11 12
9.8e-11 6
9.9e-11 14
1e-10 9
1.01e-10 19
1.02e-10 12
1.03e-10 14
1.04e-10 12
1.05e-10 15
1.06e-10 14
1.07e-10 23
1.08e-10 14
1.09e-10 15
1.1e-10 14
1.11e-10 16
1.12e-10 20
1.13e-10 23
1.14e-10 17
1.15e-10 28
1.16e-10 24
1.17e-10 18
1.18e-10 23
1.19e-10 21
1.2e-10 18
1.21e-10 25
1.22e-10 22
1.23e-10 35
1.24e-10 26
1.25e-10 32
1.26e-10 26
1.27e-10 22
1.28e-10 36
1.29e-10 40
1.3e-10 36
1.31e-10 28
1.32e-10 34
1.33e-10 30
1.34e-10 43
1.35e-10 43
1.36e-10 43
1.37e-10 43
1.38e-10 44
1.39e-10 25
1.4e-10 52
1.41e-10 44
1.42e-10 57
1.43e-10 41
1.44e-10 46
1.45e-10 43
1.46e-10 44
1.47e-10 44
1.48e-10 48
1.49e-10 38
1.5e-10 50
1.51e-10 61
1.52e-10 61
1.53e-10 66
1.54e-10 53
1.55e-10 42
1.56e-10 56
1.57e-10 41
1.58e-10 48
1.59e-10 57
1.6e-10 54
1.61e-10 47
1.62e-10 54
1.63e-10 56
1.64e-10 48
1.65e-10 40
1.66e-10 42
1.67e-10 45
1.68e-10 34
1.69e-10 43
1.7e-10 46
1.71e-10 36
1.72e-10 39
1.73e-10 34
1.74e-10 26
1.75e-10 26
1.76e-10 21
1.77e-10 19
1.78e-10 25
1.79e-10 17
1.8e-10 13
1.81e-10 24
1.82e-10 13
1.83e-10 17
1.84e-10 6
1.85e-10 14
1.86e-10 11
1.87e-10 7
1.88e-10 4
1.89e-10 7
1.9e-10 5
1.91e-10 8
1.92e-10 3
1.93e-10 3
1.94e-10 0
1.95e-10 4
1.96e-10 1
1.97e-10 2
1.98e-10 2
1.99e-10 1
2e-10 0
2.01e-10 0
2.02e-10 1
2.03e-10 0
2.04e-10 1
2.05e-10 0
2.06e-10 1
