6.19218e-10
7.10781e-10
6.66807e-10
6.19538e-10
7.21629e-10
7.43861e-10
7.37739e-10
7.6523e-10
6.93511e-10
6.15248e-10
6.15477e-10
7.45302e-10
7.03824e-10
7.46163e-10
7.25352e-10
7.34725e-10
6.92495e-10
6.79395e-10
7.04849e-10
7.04414e-10
7.41534e-10
6.69775e-10
7.20523e-10
6.44843e-10
5.91954e-10
7.22909e-10
6.66679e-10
7.04346e-10
6.23325e-10
7.07781e-10
7.74313e-10
7.88298e-10
5.32695e-10
7.08286e-10
6.27812e-10
7.65863e-10
6.45407e-10
7.82306e-10
7.27061e-10
7.97415e-10
7.20984e-10
6.52254e-10
7.29414e-10
7.10906e-10
7.21123e-10
7.67351e-10
7.35754e-10
8.02175e-10
7.33497e-10
5.79672e-10
7.4013e-10
7.54001e-10
7.40587e-10
6.99405e-10
7.63306e-10
6.85661e-10
7.22705e-10
6.69404e-10
6.46883e-10
7.4213e-10
8.03812e-10
6.52241e-10
8.02151e-10
7.64825e-10
6.97217e-10
7.30513e-10
7.06185e-10
7.18325e-10
6.78088e-10
7.16423e-10
7.81151e-10
8.45103e-10
7.04488e-10
6.16276e-10
6.49022e-10
5.65228e-10
6.98026e-10
7.67953e-10
7.7164e-10
7.76555e-10
7.53587e-10
6.53278e-10
6.14677e-10
7.54872e-10
6.9219e-10
7.58765e-10
5.71465e-10
8.17829e-10
7.53335e-10
7.49438e-10
7.42617e-10
7.1091e-10
7.09793e-10
7.57214e-10
6.87242e-10
7.02935e-10
7.36847e-10
7.48395e-10
6.79135e-10
6.90214e-10
7.77062e-10
7.30059e-10
7.4245e-10
8.23917e-10
7.157e-10
6.82102e-10
7.00856e-10
7.24174e-10
6.98732e-10
7.90099e-10
5.89508e-10
7.78969e-10
7.01566e-10
7.77488e-10
7.30988e-10
6.26131e-10
7.13763e-10
6.30035e-10
7.70943e-10
7.45627e-10
7.0292e-10
7.32415e-10
6.92144e-10
7.55958e-10
6.64221e-10
7.30241e-10
6.94383e-10
7.6004e-10
7.18646e-10
6.75012e-10
6.39285e-10
7.74144e-10
7.71306e-10
7.35211e-10
5.54177e-10
8.34781e-10
5.96332e-10
6.95516e-10
7.58618e-10
6.50315e-10
7.68993e-10
7.19313e-10
6.46527e-10
8.25998e-10
6.93377e-10
7.00527e-10
7.48647e-10
7.35727e-10
7.70165e-10
6.7112e-10
5.7767e-10
7.86369e-10
6.85578e-10
6.63352e-10
7.6544e-10
7.7601e-10
7.15039e-10
8.05138e-10
7.54723e-10
7.92769e-10
7.55458e-10
5.71988e-10
7.18479e-10
7.35316e-10
7.54275e-10
7.93777e-10
7.88204e-10
7.3395e-10
6.93377e-10
7.03909e-10
6.83559e-10
6.97118e-10
6.87477e-10
6.36444e-10
7.08974e-10
7.58893e-10
6.89807e-10
7.28959e-10
7.50101e-10
7.36596e-10
6.55178e-10
6.65234e-10
7.14916e-10
8.36869e-10
7.42154e-10
6.38852e-10
7.02987e-10
7.03278e-10
7.25483e-10
7.60057e-10
6.33824e-10
7.64156e-10
7.37105e-10
6.75111e-10
7.38136e-10
6.18442e-10
7.25184e-10
7.12629e-10
7.24774e-10
7.46479e-10
7.15228e-10
6.97982e-10
6.12903e-10
6.94307e-10
6.67666e-10
7.08419e-10
7.80318e-10
6.79452e-10
7.55487e-10
6.69218e-10
6.98674e-10
7.49804e-10
7.12242e-10
7.1907e-10
7.57296e-10
7.67288e-10
7.21565e-10
7.21279e-10
7.25068e-10
7.66266e-10
7.52888e-10
7.16567e-10
7.92033e-10
7.17778e-10
7.11198e-10
6.29099e-10
6.3308e-10
6.60838e-10
7.22653e-10
6.52544e-10
5.99219e-10
8.23324e-10
6.62165e-10
6.86856e-10
7.39943e-10
7.03012e-10
7.41987e-10
7.15236e-10
7.38094e-10
7.06818e-10
7.51677e-10
7.32694e-10
7.72111e-10
7.46315e-10
6.89901e-10
7.09229e-10
7.28119e-10
7.16534e-10
7.17199e-10
7.10158e-10
7.20464e-10
7.35258e-10
7.71769e-10
7.7328e-10
7.59277e-10
7.09173e-10
7.57917e-10
6.83239e-10
7.37139e-10
6.65963e-10
6.52849e-10
6.8993e-10
8.23103e-10
6.84328e-10
6.11308e-10
6.61591e-10
7.17142e-10
7.27334e-10
7.25684e-10
7.11013e-10
6.37525e-10
7.0209e-10
6.88394e-10
7.01954e-10
7.02966e-10
7.28592e-10
6.20584e-10
7.59745e-10
7.20375e-10
7.90177e-10
6.90026e-10
7.47601e-10
7.49775e-10
7.71438e-10
7.72103e-10
7.8065e-10
7.17069e-10
8.36349e-10
6.11308e-10
7.51489e-10
6.43902e-10
6.89943e-10
6.90021e-10
7.05736e-10
7.78594e-10
8.49088e-10
6.33902e-10
6.95382e-10
7.25213e-10
7.05397e-10
5.4892e-10
7.16519e-10
7.66225e-10
6.67696e-10
7.17724e-10
6.51604e-10
7.08421e-10
6.78727e-10
7.77934e-10
7.45971e-10
7.40886e-10
7.95879e-10
6.83758e-10
7.20697e-10
7.17017e-10
7.28869e-10
6.99168e-10
6.60664e-10
7.85127e-10
7.92305e-10
7.28838e-10
7.28742e-10
7.11199e-10
7.82252e-10
7.00155e-10
7.58362e-10
7.68004e-10
7.78258e-10
7.45584e-10
6.59536e-10
6.90291e-10
7.0725e-10
6.47261e-10
8.07544e-10
7.61093e-10
7.97112e-10
6.78344e-10
7.36061e-10
6.99885e-10
7.50768e-10
7.57025e-10
7.19759e-10
7.47487e-10
7.73797e-10
6.46637e-10
7.40046e-10
7.22901e-10
7.41464e-10
7.63296e-10
6.13795e-10
6.9573e-10
6.64275e-10
7.17387e-10
7.61773e-10
6.35373e-10
6.96133e-10
7.02874e-10
6.65573e-10
6.62351e-10
7.49208e-10
7.3855e-10
6.59988e-10
6.81841e-10
7.40793e-10
7.5079e-10
7.52201e-10
7.95956e-10
7.06648e-10
5.95634e-10
6.98253e-10
5.91129e-10
6.85783e-10
7.63617e-10
6.61599e-10
6.63386e-10
7.8373e-10
5.86189e-10
7.66954e-10
6.94938e-10
7.18478e-10
7.48887e-10
7.61477e-10
6.39872e-10
6.9973e-10
6.95787e-10
7.52093e-10
7.77445e-10
7.14146e-10
7.41389e-10
7.22129e-10
6.98931e-10
7.99141e-10
6.79485e-10
7.54427e-10
7.29411e-10
6.75683e-10
7.77751e-10
7.71378e-10
7.27919e-10
8.20878e-10
7.06295e-10
6.96727e-10
7.81974e-10
7.56513e-10
7.08446e-10
7.0476e-10
7.39955e-10
7.90405e-10
7.53946e-10
7.4759e-10
7.4012e-10
7.15851e-10
8.00217e-10
7.62806e-10
7.3256e-10
7.92433e-10
7.25112e-10
7.28655e-10
6.87834e-10
7.10326e-10
7.21745e-10
6.64499e-10
7.77871e-10
7.86667e-10
7.44855e-10
7.2747e-10
7.34071e-10
7.00369e-10
7.22502e-10
6.65548e-10
6.56757e-10
7.68628e-10
7.10936e-10
6.7331e-10
6.67884e-10
7.08475e-10
7.49933e-10
7.49365e-10
7.54576e-10
7.69473e-10
7.38051e-10
7.10125e-10
6.32801e-10
7.10883e-10
6.29984e-10
7.93423e-10
6.31909e-10
7.77774e-10
7.4134e-10
6.43667e-10
6.18868e-10
6.54859e-10
6.95672e-10
7.11891e-10
7.43234e-10
8.15711e-10
7.34379e-10
6.73657e-10
6.26021e-10
6.33423e-10
7.46409e-10
5.71147e-10
7.65067e-10
7.85776e-10
7.42647e-10
6.67625e-10
7.53863e-10
7.09198e-10
7.52325e-10
7.68429e-10
7.4033e-10
7.90613e-10
6.87244e-10
7.04284e-10
7.62906e-10
6.96682e-10
7.30702e-10
5.99098e-10
7.69917e-10
8.26161e-10
7.00676e-10
7.05203e-10
7.23765e-10
7.78796e-10
7.50907e-10
7.16843e-10
7.44802e-10
7.5475e-10
6.35285e-10
6.41388e-10
7.68157e-10
7.43333e-10
6.1464e-10
7.67999e-10
7.90538e-10
8.27721e-10
5.7957e-10
7.65835e-10
6.2903e-10
7.3577e-10
6.71074e-10
6.95784e-10
7.59967e-10
7.52092e-10
6.25862e-10
7.76976e-10
7.1328e-10
6.58962e-10
7.60906e-10
7.72752e-10
6.01153e-10
7.93473e-10
6.93644e-10
7.45955e-10
7.3395e-10
6.99974e-10
6.76492e-10
7.31021e-10
6.67501e-10
6.95173e-10
6.08299e-10
6.75402e-10
6.15743e-10
6.56485e-10
7.08594e-10
7.01205e-10
7.43518e-10
7.30897e-10
6.66359e-10
6.58548e-10
6.66839e-10
7.45396e-10
7.75285e-10
7.55535e-10
7.33442e-10
7.48046e-10
6.86617e-10
7.73997e-10
7.31605e-10
6.6095e-10
6.98845e-10
7.04002e-10
7.82371e-10
6.88973e-10
7.35825e-10
7.74905e-10
7.06124e-10
7.21582e-10
7.60147e-10
7.83193e-10
7.24254e-10
8.41137e-10
7.25915e-10
7.38635e-10
6.36618e-10
7.61257e-10
7.40469e-10
7.89848e-10
7.89228e-10
8.40752e-10
6.4643e-10
5.89583e-10
6.1502e-10
7.53802e-10
7.1997e-10
7.98271e-10
7.67486e-10
7.96646e-10
7.6001e-10
7.26716e-10
7.40313e-10
6.30609e-10
7.48908e-10
6.98864e-10
7.32685e-10
7.17026e-10
7.72774e-10
7.06894e-10
7.25564e-10
7.79648e-10
7.12551e-10
7.30406e-10
7.21144e-10
8.07347e-10
7.41968e-10
6.44289e-10
4.38394e-10
7.0797e-10
7.5637e-10
7.70977e-10
7.63502e-10
7.45945e-10
6.76673e-10
7.60475e-10
6.44594e-10
6.94293e-10
7.12253e-10
7.85494e-10
8.21538e-10
7.58785e-10
6.863e-10
6.659e-10
4.04155e-10
7.33424e-10
7.06948e-10
7.24114e-10
7.22994e-10
6.59609e-10
6.22303e-10
6.70358e-10
7.45185e-10
6.891e-10
6.57902e-10
7.70514e-10
7.89631e-10
8.07379e-10
7.0937e-10
7.42513e-10
6.77733e-10
6.76991e-10
6.95377e-10
7.36475e-10
6.61452e-10
7.87473e-10
7.05501e-10
7.32631e-10
6.95007e-10
7.42317e-10
6.89576e-10
7.65487e-10
8.27833e-10
7.00618e-10
6.91805e-10
7.09771e-10
6.89914e-10
7.3595e-10
7.18851e-10
5.94217e-10
6.9878e-10
7.34165e-10
6.51329e-10
6.74245e-10
7.03772e-10
7.30085e-10
7.65137e-10
6.17552e-10
7.61177e-10
8.01151e-10
7.27476e-10
6.23975e-10
7.71866e-10
6.82319e-10
7.29697e-10
6.23662e-10
7.42222e-10
7.43496e-10
7.38279e-10
7.21283e-10
5.59314e-10
5.77386e-10
7.60241e-10
7.15142e-10
6.84367e-10
7.99311e-10
6.38928e-10
7.21486e-10
7.79911e-10
5.8865e-10
7.13246e-10
7.61479e-10
6.28959e-10
6.98107e-10
7.71113e-10
5.90832e-10
7.03097e-10
7.79755e-10
7.54877e-10
7.19195e-10
7.17685e-10
7.59139e-10
7.11804e-10
6.87336e-10
6.83758e-10
7.82818e-10
6.82474e-10
7.07167e-10
7.95234e-10
6.7626e-10
6.72673e-10
7.58979e-10
7.42624e-10
7.74926e-10
7.51812e-10
7.21227e-10
6.71597e-10
7.77975e-10
6.7075e-10
7.1568e-10
6.50185e-10
6.16167e-10
7.66762e-10
6.8808e-10
7.36904e-10
7.72689e-10
7.63978e-10
7.43496e-10
7.3028e-10
7.19339e-10
7.79059e-10
7.23217e-10
7.87974e-10
8.34942e-10
5.88757e-10
6.54217e-10
6.91654e-10
7.1183e-10
7.44915e-10
6.67397e-10
7.95991e-10
8.08345e-10
6.21172e-10
5.75472e-10
7.22343e-10
7.3853e-10
7.38819e-10
7.16359e-10
7.04573e-10
7.54077e-10
5.61016e-10
6.88531e-10
7.23181e-10
6.24814e-10
7.44965e-10
7.43379e-10
8.04415e-10
7.53363e-10
6.5188e-10
7.33084e-10
7.53583e-10
7.52973e-10
6.9744e-10
7.22905e-10
7.95267e-10
8.40302e-10
6.46221e-10
7.32924e-10
7.35832e-10
7.2352e-10
7.49487e-10
7.492e-10
6.94933e-10
7.15183e-10
5.64922e-10
7.38614e-10
6.87266e-10
7.00318e-10
7.58336e-10
7.38417e-10
7.66674e-10
7.31741e-10
7.57817e-10
6.81349e-10
5.52374e-10
7.70363e-10
5.03628e-10
7.6324e-10
7.06275e-10
7.55857e-10
7.59876e-10
7.46336e-10
5.61075e-10
5.88456e-10
7.47103e-10
7.15432e-10
6.61933e-10
7.32412e-10
6.9942e-10
5.72584e-10
7.21896e-10
6.75048e-10
7.23834e-10
7.17919e-10
7.73776e-10
7.76811e-10
7.41467e-10
7.42731e-10
7.33785e-10
7.15574e-10
7.59164e-10
5.16737e-10
7.49135e-10
6.90572e-10
6.6384e-10
7.13777e-10
7.21569e-10
6.80242e-10
6.87165e-10
7.64232e-10
7.4522e-10
7.65178e-10
6.40155e-10
7.43092e-10
7.0622e-10
6.69389e-10
6.26273e-10
7.58085e-10
7.32548e-10
7.0825e-10
6.56206e-10
7.40158e-10
6.72118e-10
6.58062e-10
7.31355e-10
6.89394e-10
6.14532e-10
7.41131e-10
6.50957e-10
7.45306e-10
7.06823e-10
6.01856e-10
7.86733e-10
7.85406e-10
7.93596e-10
7.51937e-10
5.94923e-10
6.22414e-10
5.92338e-10
6.69715e-10
7.03537e-10
6.88605e-10
5.71551e-10
8.24437e-10
6.84262e-10
6.6447e-10
7.34536e-10
7.37781e-10
6.81964e-10
7.35823e-10
7.28394e-10
7.08323e-10
7.51115e-10
7.27099e-10
7.23058e-10
7.08124e-10
7.18996e-10
7.27543e-10
7.44637e-10
7.9921e-10
7.4499e-10
6.47244e-10
6.9783e-10
7.16719e-10
7.42942e-10
5.19821e-10
7.6863e-10
7.72876e-10
7.23781e-10
6.55569e-10
6.03841e-10
7.3332e-10
7.03289e-10
7.19264e-10
7.64429e-10
8.00062e-10
6.73113e-10
6.81287e-10
6.79825e-10
7.74354e-10
6.75391e-10
7.61794e-10
7.01108e-10
8.01451e-10
7.36113e-10
6.26495e-10
7.75066e-10
7.76448e-10
7.81879e-10
7.14145e-10
7.55059e-10
7.32075e-10
6.84095e-10
7.06855e-10
6.7991e-10
7.70886e-10
7.17464e-10
7.42679e-10
7.37837e-10
7.77488e-10
6.44515e-10
7.4233e-10
6.96249e-10
7.66138e-10
6.55516e-10
6.11706e-10
8.24415e-10
6.87734e-10
5.56133e-10
6.92323e-10
6.75553e-10
6.5412e-10
7.31838e-10
7.72577e-10
7.71671e-10
7.78003e-10
7.22672e-10
7.63083e-10
6.79231e-10
7.58159e-10
7.40199e-10
5.83716e-10
6.28527e-10
8.12918e-10
6.80228e-10
5.50459e-10
7.09195e-10
7.32188e-10
7.76733e-10
6.19266e-10
7.50567e-10
7.57953e-10
7.40186e-10
7.05171e-10
5.63083e-10
6.85513e-10
7.69578e-10
7.30891e-10
7.86296e-10
8.21941e-10
6.58755e-10
7.00261e-10
7.07064e-10
7.04934e-10
7.67557e-10
7.04165e-10
7.01112e-10
6.91991e-10
6.91944e-10
6.66007e-10
6.32817e-10
7.56249e-10
8.08732e-10
7.45019e-10
7.25672e-10
7.54899e-10
7.43235e-10
7.2645e-10
7.38938e-10
7.31647e-10
7.58719e-10
6.95929e-10
7.38042e-10
7.89268e-10
6.60123e-10
6.75368e-10
6.62312e-10
4.91096e-10
7.48507e-10
6.8128e-10
5.64527e-10
8.24777e-10
6.12736e-10
7.02936e-10
7.17275e-10
7.51088e-10
7.21303e-10
7.84096e-10
7.11919e-10
8.30711e-10
7.22771e-10
6.85827e-10
6.07625e-10
6.90893e-10
7.30833e-10
7.13494e-10
6.67782e-10
7.2874e-10
6.7451e-10
7.18332e-10
7.30338e-10
6.61057e-10
7.74665e-10
7.43298e-10
8.09731e-10
7.9624e-10
6.85416e-10
6.88811e-10
6.40703e-10
7.28045e-10
7.59567e-10
6.67728e-10
5.25722e-10
7.55715e-10
6.98243e-10
5.652e-10
7.76947e-10
6.72996e-10
6.88767e-10
7.35509e-10
7.55881e-10
5.38308e-10
7.18243e-10
7.21632e-10
7.08371e-10
6.73414e-10
7.19738e-10
7.30127e-10
7.97114e-10
7.57201e-10
6.92905e-10
6.82072e-10
7.40533e-10
6.30709e-10
5.90975e-10
7.44813e-10
6.8244e-10
7.62613e-10
7.368e-10
7.11113e-10
7.12572e-10
5.95211e-10
6.94033e-10
7.88255e-10
7.1716e-10
8.04035e-10
6.73871e-10
6.95775e-10
7.1874e-10
7.45883e-10
6.40164e-10
6.62929e-10
7.90546e-10
8.06072e-10
6.79858e-10
7.33155e-10
7.28357e-10
6.7538e-10
7.21003e-10
7.59415e-10
5.57829e-10
7.28812e-10
5.99661e-10
6.60847e-10
7.05793e-10
6.86202e-10
7.57452e-10
6.90241e-10
7.40571e-10
7.95731e-10
6.45163e-10
7.52624e-10
7.2822e-10
7.44619e-10
7.06669e-10
7.69485e-10
7.64206e-10
7.9972e-10
7.1479e-10
7.25491e-10
7.27826e-10
6.9533e-10
7.15752e-10
7.87918e-10
7.26729e-10
8.01585e-10
7.568e-10
7.06086e-10
6.3334e-10
7.55815e-10
7.28437e-10
6.55397e-10
6.90732e-10
7.7514e-10
7.23001e-10
7.21992e-10
7.38187e-10
7.68465e-10
7.53423e-10
7.56821e-10
7.62736e-10
7.153e-10
6.75035e-10
6.72759e-10
7.12988e-10
6.68869e-10
7.36827e-10
7.03695e-10
6.7838e-10
7.00649e-10
6.1366e-10
7.41627e-10
6.60243e-10
7.12105e-10
7.41373e-10
6.74439e-10
7.38047e-10
6.99099e-10
6.78054e-10
7.30732e-10
6.56628e-10
6.9585e-10
6.42621e-10
7.91249e-10
7.16245e-10
8.09238e-10
7.28264e-10
7.12011e-10
7.23895e-10
7.19808e-10
6.69372e-10
7.21947e-10
7.9878e-10
8.01257e-10
6.99303e-10
6.91173e-10
6.94317e-10
7.27886e-10
8.07853e-10
7.09114e-10
6.78166e-10
7.77991e-10
6.55543e-10
6.58873e-10
6.73766e-10
6.58457e-10
6.84125e-10
7.03915e-10
7.40527e-10
7.4086e-10
7.28408e-10
6.99905e-10
6.05943e-10
7.20885e-10
7.66423e-10
7.33975e-10
7.56675e-10
7.96328e-10
7.33751e-10
6.42764e-10
7.13351e-10
7.69591e-10
7.2191e-10
7.37767e-10
7.2489e-10
7.57932e-10
6.67124e-10
6.96592e-10
7.38847e-10
6.60805e-10
7.36487e-10
7.66356e-10
7.60052e-10
7.19797e-10
7.70876e-10
6.90963e-10
6.12564e-10
6.56332e-10
7.49553e-10
6.83277e-10
6.71041e-10
6.10371e-10
6.40397e-10
7.20688e-10
5.6544e-10
7.28266e-10
7.00931e-10
6.99385e-10
6.74395e-10
7.76841e-10
6.28184e-10
6.15419e-10
5.02494e-10
7.55335e-10
7.64553e-10
5.90991e-10
6.99859e-10
8.09121e-10
7.42647e-10
6.52093e-10
7.06754e-10
7.0073e-10
6.9794e-10
5.99417e-10
7.69771e-10
7.96648e-10
7.41192e-10
6.90162e-10
6.48204e-10
7.60414e-10
7.3212e-10
6.78558e-10
6.42547e-10
6.67278e-10
5.81523e-10
5.9235e-10
6.88174e-10
6.64534e-10
7.08956e-10
7.10181e-10
7.94685e-10
7.99782e-10
6.75243e-10
7.20446e-10
6.82638e-10
6.44993e-10
7.37799e-10
7.68054e-10
7.48632e-10
7.52885e-10
6.62731e-10
6.22747e-10
6.45456e-10
6.83477e-10
7.61633e-10
7.52924e-10
8.06368e-10
8.2876e-10
6.98482e-10
7.24761e-10
7.66055e-10
7.37431e-10
6.76034e-10
7.75284e-10
7.77736e-10
7.98213e-10
7.29319e-10
7.22045e-10
6.95276e-10
7.12646e-10
6.33261e-10
7.70447e-10
6.56396e-10
7.18903e-10
6.38174e-10
6.5291e-10
6.87074e-10
6.9119e-10
6.96315e-10
7.30254e-10
7.58014e-10
7.98379e-10
7.56814e-10
7.18929e-10
7.489e-10
6.4745e-10
7.11194e-10
7.34523e-10
6.86163e-10
7.75549e-10
6.94956e-10
7.47837e-10
7.08391e-10
6.22003e-10
6.96026e-10
7.00635e-10
7.55645e-10
7.31136e-10
5.63945e-10
6.16291e-10
5.00833e-10
7.33002e-10
7.21101e-10
7.37046e-10
7.33044e-10
8.23016e-10
7.09187e-10
6.67459e-10
6.75059e-10
7.06888e-10
6.44146e-10
7.70011e-10
6.86484e-10
7.95491e-10
6.97461e-10
7.60277e-10
6.17228e-10
7.1528e-10
7.09376e-10
6.83162e-10
6.90657e-10
8.1112e-10
6.1841e-10
7.79378e-10
6.86991e-10
6.11762e-10
7.59117e-10
6.7253e-10
7.23376e-10
7.64899e-10
6.38678e-10
7.26194e-10
7.29325e-10
6.91801e-10
5.8497e-10
7.55127e-10
6.17264e-10
7.81364e-10
6.76673e-10
7.01186e-10
6.79342e-10
6.65036e-10
6.91235e-10
7.72336e-10
7.3761e-10
7.85714e-10
6.91031e-10
7.04884e-10
7.52292e-10
7.02945e-10
6.61645e-10
7.33875e-10
7.53301e-10
7.43397e-10
6.95976e-10
6.57922e-10
7.39773e-10
6.69924e-10
6.94276e-10
6.95755e-10
6.66458e-10
6.71275e-10
7.70669e-10
6.00195e-10
7.31423e-10
6.79277e-10
6.94737e-10
7.16763e-10
6.36598e-10
7.18814e-10
7.27329e-10
7.2857e-10
6.81155e-10
7.71556e-10
7.17632e-10
7.36342e-10
7.09827e-10
7.3521e-10
7.53899e-10
6.59619e-10
7.48253e-10
6.89646e-10
6.82228e-10
5.01559e-10
7.41954e-10
8.14147e-10
7.57888e-10
6.91472e-10
6.6482e-10
7.71262e-10
6.6532e-10
7.10099e-10
6.70686e-10
8.03754e-10
6.89661e-10
6.6596e-10
7.04203e-10
6.79256e-10
6.64328e-10
7.97548e-10
7.07874e-10
7.37812e-10
6.00296e-10
6.7381e-10
6.7614e-10
7.63145e-10
6.95967e-10
6.60345e-10
7.14368e-10
6.77258e-10
6.53313e-10
7.10432e-10
7.41419e-10
6.77525e-10
6.92156e-10
7.19616e-10
6.41862e-10
7.62992e-10
7.17612e-10
7.5441e-10
7.42503e-10
7.39414e-10
7.07884e-10
7.17443e-10
7.26627e-10
7.16521e-10
7.01179e-10
7.35496e-10
7.57765e-10
7.47865e-10
7.19274e-10
8.02601e-10
7.60084e-10
7.72785e-10
6.66871e-10
7.2579e-10
6.92537e-10
7.36762e-10
6.69819e-10
7.89849e-10
7.59005e-10
7.29029e-10
6.92358e-10
6.40177e-10
7.13947e-10
7.45611e-10
7.593e-10
7.36114e-10
7.63631e-10
7.69801e-10
6.40636e-10
7.40558e-10
7.40053e-10
7.0464e-10
7.12015e-10
6.90795e-10
7.65756e-10
7.18733e-10
5.89579e-10
6.92476e-10
7.20455e-10
7.40067e-10
7.22439e-10
7.56026e-10
7.845e-10
7.18174e-10
7.05601e-10
6.98505e-10
6.27956e-10
6.8133e-10
7.27024e-10
6.64944e-10
6.91753e-10
7.95168e-10
6.32762e-10
7.4416e-10
6.16039e-10
6.21596e-10
7.21384e-10
7.05827e-10
6.78337e-10
7.54e-10
7.42443e-10
7.42841e-10
6.39164e-10
6.93553e-10
7.06704e-10
7.58692e-10
7.36021e-10
7.78828e-10
7.51015e-10
7.15936e-10
6.03588e-10
7.60489e-10
6.97143e-10
7.70128e-10
6.16273e-10
7.31314e-10
6.97095e-10
5.73145e-10
7.27897e-10
6.61099e-10
7.18806e-10
6.03295e-10
8.03255e-10
7.71978e-10
7.03972e-10
6.62423e-10
6.7657e-10
4.59254e-10
7.15898e-10
7.15888e-10
7.62588e-10
6.89086e-10
7.19511e-10
7.75303e-10
6.53284e-10
6.60927e-10
7.17904e-10
7.01296e-10
8.14154e-10
8.50091e-10
6.30991e-10
6.50903e-10
7.40225e-10
5.69035e-10
7.52969e-10
7.39633e-10
7.98947e-10
7.52418e-10
5.67852e-10
7.01214e-10
7.28507e-10
7.43929e-10
7.27052e-10
8.14498e-10
7.79003e-10
7.87871e-10
6.92289e-10
7.51783e-10
7.46193e-10
7.47115e-10
7.32423e-10
7.74668e-10
8.22165e-10
8.28298e-10
6.26202e-10
7.44422e-10
7.5223e-10
7.46326e-10
7.41206e-10
6.97448e-10
7.24935e-10
7.66869e-10
7.26007e-10
7.38759e-10
6.24676e-10
6.43204e-10
8.03011e-10
8.06955e-10
7.03054e-10
8.0976e-10
7.55801e-10
7.30304e-10
6.02615e-10
6.88445e-10
7.35778e-10
7.4459e-10
5.98679e-10
7.74738e-10
6.23763e-10
6.87929e-10
7.12914e-10
7.73211e-10
7.30562e-10
7.11117e-10
7.33627e-10
7.75392e-10
6.47457e-10
6.95231e-10
7.24684e-10
6.88558e-10
6.94872e-10
7.34841e-10
7.07103e-10
7.97521e-10
6.78728e-10
6.95156e-10
5.94191e-10
5.9438e-10
6.33136e-10
7.57699e-10
7.52354e-10
7.24615e-10
6.56858e-10
5.55069e-10
7.30262e-10
7.30547e-10
6.47919e-10
6.27209e-10
7.41408e-10
7.91007e-10
6.38928e-10
6.47162e-10
7.17912e-10
6.43994e-10
6.62096e-10
6.48278e-10
7.33188e-10
7.83047e-10
6.41112e-10
7.03834e-10
7.03409e-10
7.34228e-10
7.06946e-10
7.68539e-10
7.32826e-10
8.0773e-10
7.13366e-10
6.09922e-10
5.90147e-10
7.09876e-10
7.09702e-10
7.30371e-10
7.09446e-10
7.33285e-10
6.69932e-10
6.73553e-10
7.14782e-10
6.44404e-10
6.93395e-10
7.06572e-10
6.7335e-10
6.67239e-10
5.27813e-10
6.20622e-10
5.88171e-10
6.88044e-10
7.06728e-10
7.6908e-10
6.14685e-10
8.47241e-10
7.43316e-10
6.70178e-10
6.44365e-10
7.12024e-10
8.12502e-10
6.33541e-10
7.30337e-10
7.28828e-10
5.88757e-10
6.77491e-10
7.63324e-10
6.89461e-10
6.89837e-10
7.93809e-10
7.55695e-10
7.55694e-10
7.4566e-10
7.09581e-10
6.37083e-10
7.43756e-10
6.86378e-10
7.09647e-10
7.64437e-10
7.47874e-10
7.18573e-10
7.09886e-10
7.48966e-10
7.15802e-10
7.69801e-10
7.20905e-10
8.07656e-10
7.70783e-10
6.83333e-10
7.36654e-10
7.36969e-10
7.49872e-10
6.56706e-10
7.01364e-10
7.05023e-10
7.38721e-10
6.15451e-10
6.59401e-10
7.37028e-10
6.82947e-10
6.35409e-10
7.67629e-10
7.63003e-10
7.48495e-10
7.4051e-10
7.13082e-10
6.87481e-10
6.90757e-10
7.00541e-10
7.63567e-10
7.73394e-10
6.92864e-10
6.80412e-10
6.52352e-10
6.64572e-10
7.28386e-10
7.22276e-10
7.7489e-10
7.87273e-10
8.45957e-10
7.22506e-10
6.53313e-10
6.99208e-10
7.3688e-10
7.74649e-10
7.35168e-10
7.48154e-10
8.28415e-10
6.65449e-10
7.43953e-10
6.91855e-10
6.76627e-10
7.48402e-10
7.42037e-10
7.08687e-10
8.06077e-10
5.29766e-10
6.84539e-10
6.97008e-10
6.88281e-10
6.70275e-10
7.88234e-10
6.17225e-10
7.65507e-10
7.22206e-10
6.06056e-10
7.27655e-10
7.65317e-10
7.23822e-10
7.36186e-10
7.43482e-10
7.62748e-10
5.15117e-10
7.25206e-10
6.64757e-10
6.56896e-10
7.6512e-10
7.51618e-10
6.85569e-10
7.30042e-10
7.31058e-10
7.37282e-10
7.0429e-10
6.39509e-10
6.86798e-10
7.67121e-10
6.7134e-10
8.37331e-10
6.95787e-10
6.90746e-10
6.36333e-10
7.31858e-10
7.17244e-10
7.27892e-10
7.60876e-10
8.08064e-10
7.14469e-10
6.42829e-10
6.57844e-10
7.69621e-10
6.53952e-10
7.6115e-10
6.30027e-10
8.19367e-10
7.69414e-10
6.7687e-10
7.26882e-10
7.74065e-10
6.25797e-10
6.83707e-10
7.50061e-10
7.51386e-10
7.076e-10
5.8735e-10
6.08721e-10
7.76269e-10
6.62291e-10
7.46964e-10
7.73078e-10
7.56928e-10
6.59672e-10
7.46165e-10
7.1548e-10
7.66663e-10
7.5365e-10
7.34134e-10
7.76747e-10
7.66117e-10
6.68491e-10
6.22701e-10
6.55375e-10
7.28752e-10
7.45554e-10
7.86496e-10
7.13776e-10
7.91925e-10
7.70513e-10
6.74909e-10
6.38082e-10
7.42603e-10
6.5194e-10
7.21908e-10
7.93906e-10
7.03034e-10
6.6188e-10
7.41287e-10
7.1447e-10
6.91235e-10
7.24746e-10
7.31659e-10
7.55339e-10
5.69845e-10
5.825e-10
6.77778e-10
6.62911e-10
6.8605e-10
7.40345e-10
5.92194e-10
8.00357e-10
7.34978e-10
5.62969e-10
6.7799e-10
6.56197e-10
6.88676e-10
6.41646e-10
7.21112e-10
7.78813e-10
8.0792e-10
7.02813e-10
7.90976e-10
7.27502e-10
6.2386e-10
7.12501e-10
7.1751e-10
7.90296e-10
7.4734e-10
7.11632e-10
7.32694e-10
7.1111e-10
6.93107e-10
7.61817e-10
6.77625e-10
8.09399e-10
8.28128e-10
6.14565e-10
7.97566e-10
7.54599e-10
7.02989e-10
7.01774e-10
6.32805e-10
5.96536e-10
7.85979e-10
6.39423e-10
6.76236e-10
7.19545e-10
7.07546e-10
6.99936e-10
7.30119e-10
8.05455e-10
7.93207e-10
7.11546e-10
6.48058e-10
6.73667e-10
7.20395e-10
7.13837e-10
7.50877e-10
7.36923e-10
6.63722e-10
7.19725e-10
7.40226e-10
6.74561e-10
7.05248e-10
7.28262e-10
7.85034e-10
6.89022e-10
7.91239e-10
5.7957e-10
7.19875e-10
7.23877e-10
6.84198e-10
6.56398e-10
7.29604e-10
7.10628e-10
8.04929e-10
7.2999e-10
6.92769e-10
6.92793e-10
6.58236e-10
7.76395e-10
7.73439e-10
7.42556e-10
7.72502e-10
6.87938e-10
6.28834e-10
5.85606e-10
6.54879e-10
7.84731e-10
6.31146e-10
7.46231e-10
7.84504e-10
7.53853e-10
6.74565e-10
7.06665e-10
7.15678e-10
6.98615e-10
6.87484e-10
6.40606e-10
7.84756e-10
6.54357e-10
7.11894e-10
7.40825e-10
7.04006e-10
5.02537e-10
7.59324e-10
7.01234e-10
7.80044e-10
7.48022e-10
6.23986e-10
6.23953e-10
7.63749e-10
7.30639e-10
7.37337e-10
7.5643e-10
7.62724e-10
7.2915e-10
7.23323e-10
7.58084e-10
6.67798e-10
7.20259e-10
7.54875e-10
7.86067e-10
6.47041e-10
7.54747e-10
6.98841e-10
6.95415e-10
6.52458e-10
7.37393e-10
7.45908e-10
6.75178e-10
7.63532e-10
7.66614e-10
7.52505e-10
7.69563e-10
7.39437e-10
7.31471e-10
7.75001e-10
7.60262e-10
8.4391e-10
7.72148e-10
6.27863e-10
7.61071e-10
7.41016e-10
7.30766e-10
7.6282e-10
7.9796e-10
8.28649e-10
6.84512e-10
7.10854e-10
7.23229e-10
6.95394e-10
6.64886e-10
6.11793e-10
7.37906e-10
7.14427e-10
7.1479e-10
6.49387e-10
6.67876e-10
6.37196e-10
6.09576e-10
7.5532e-10
6.07368e-10
7.56697e-10
6.75862e-10
7.44919e-10
6.91611e-10
6.59994e-10
7.81572e-10
5.81356e-10
7.23284e-10
8.02824e-10
5.41485e-10
7.15702e-10
6.92865e-10
7.47514e-10
7.06705e-10
6.87997e-10
7.06914e-10
7.84229e-10
6.84178e-10
7.70939e-10
6.51661e-10
7.67264e-10
8.06403e-10
7.35781e-10
7.54538e-10
8.08148e-10
7.41926e-10
7.32722e-10
7.24179e-10
7.38993e-10
6.43334e-10
7.74408e-10
7.31469e-10
7.00363e-10
6.46221e-10
6.89608e-10
6.72143e-10
6.8014e-10
6.42582e-10
5.9636e-10
7.8902e-10
7.68692e-10
6.8582e-10
7.21222e-10
5.96857e-10
7.8137e-10
7.21854e-10
7.57133e-10
7.59195e-10
7.8156e-10
7.38482e-10
6.98033e-10
6.75334e-10
7.63555e-10
7.31026e-10
7.83701e-10
7.35551e-10
7.79242e-10
7.20464e-10
6.72929e-10
6.29509e-10
7.13152e-10
7.37766e-10
7.28837e-10
7.22334e-10
7.02028e-10
6.98303e-10
7.49769e-10
6.90963e-10
7.00643e-10
7.15336e-10
6.32938e-10
7.00035e-10
8.33649e-10
6.53489e-10
6.6309e-10
6.06551e-10
7.3645e-10
7.41589e-10
7.38653e-10
7.51771e-10
7.12568e-10
7.38302e-10
7.64844e-10
7.02717e-10
7.1193e-10
6.74104e-10
6.28395e-10
7.95254e-10
7.94821e-10
7.29628e-10
6.94882e-10
6.5703e-10
6.48642e-10
7.13148e-10
6.24401e-10
6.37906e-10
8.15292e-10
6.88319e-10
7.22908e-10
6.84413e-10
7.34607e-10
7.58229e-10
7.131e-10
7.57855e-10
7.25057e-10
6.56533e-10
7.76393e-10
6.55335e-10
8.03394e-10
6.89872e-10
7.57917e-10
6.01624e-10
7.28657e-10
6.67751e-10
5.9269e-10
7.55789e-10
7.02799e-10
6.65299e-10
6.86891e-10
6.46351e-10
7.09747e-10
6.86617e-10
6.09198e-10
6.61287e-10
7.25091e-10
7.05686e-10
7.06139e-10
7.13735e-10
7.91886e-10
7.15934e-10
6.87104e-10
5.53418e-10
6.54981e-10
6.82178e-10
6.11982e-10
7.46247e-10
7.75678e-10
6.80686e-10
7.43879e-10
7.21145e-10
7.52379e-10
6.48586e-10
7.44894e-10
7.80148e-10
8.05467e-10
5.89579e-10
6.21062e-10
6.75237e-10
6.65609e-10
5.96103e-10
7.20683e-10
7.39771e-10
7.53148e-10
7.10936e-10
7.53792e-10
7.2039e-10
7.54771e-10
7.56207e-10
7.31687e-10
7.02156e-10
6.83758e-10
6.57659e-10
7.08292e-10
5.85156e-10
6.86628e-10
7.08056e-10
7.42469e-10
7.71169e-10
7.78272e-10
7.48645e-10
7.7665e-10
6.64535e-10
6.54636e-10
6.34718e-10
7.54462e-10
7.42817e-10
7.10322e-10
7.26673e-10
6.30692e-10
7.76369e-10
6.90516e-10
7.73258e-10
6.84561e-10
7.07529e-10
6.61284e-10
7.80545e-10
6.43461e-10
7.40066e-10
7.33952e-10
5.98214e-10
7.08425e-10
8.21538e-10
6.50497e-10
7.53571e-10
6.40595e-10
6.6283e-10
5.83965e-10
6.29798e-10
7.66696e-10
7.12352e-10
7.68333e-10
7.03132e-10
6.13742e-10
6.53206e-10
6.90118e-10
6.54347e-10
7.62405e-10
7.28206e-10
7.65699e-10
6.55376e-10
6.17548e-10
7.6777e-10
7.82007e-10
6.91103e-10
6.63144e-10
7.57162e-10
7.27803e-10
7.06196e-10
6.61081e-10
6.88784e-10
7.49725e-10
6.93047e-10
7.61623e-10
8.26523e-10
8.1548e-10
6.67999e-10
7.15899e-10
6.57744e-10
7.09916e-10
7.03358e-10
6.9479e-10
8.01467e-10
7.82204e-10
6.7727e-10
6.68437e-10
6.03177e-10
6.77975e-10
7.59419e-10
6.70336e-10
8.21734e-10
8.02485e-10
6.74721e-10
6.98976e-10
6.81779e-10
6.38889e-10
6.84116e-10
6.72782e-10
7.65958e-10
7.65605e-10
7.26553e-10
6.66751e-10
7.8117e-10
7.32579e-10
5.91061e-10
6.78986e-10
7.55462e-10
7.46914e-10
7.16514e-10
7.02116e-10
7.49125e-10
7.30229e-10
6.06802e-10
7.4134e-10
7.30169e-10
5.92488e-10
6.5637e-10
7.0741e-10
6.79426e-10
6.95795e-10
7.18825e-10
7.71916e-10
7.73537e-10
7.69887e-10
7.08726e-10
7.34667e-10
6.48729e-10
7.12887e-10
7.88281e-10
6.90575e-10
8.00476e-10
8.39951e-10
6.97278e-10
6.76997e-10
6.67298e-10
6.91112e-10
6.3048e-10
6.70406e-10
6.9956e-10
7.61433e-10
6.34738e-10
6.6454e-10
7.13925e-10
7.52682e-10
6.25024e-10
6.89744e-10
7.49084e-10
6.411e-10
7.26342e-10
6.6102e-10
6.97973e-10
7.49691e-10
7.23212e-10
6.68063e-10
5.47975e-10
7.6069e-10
6.74192e-10
7.20518e-10
6.92235e-10
6.47492e-10
7.55649e-10
7.67336e-10
7.56484e-10
7.87121e-10
7.34825e-10
6.51702e-10
6.6692e-10
6.16935e-10
7.65445e-10
7.49738e-10
7.81878e-10
7.76175e-10
7.0937e-10
6.8771e-10
7.2601e-10
6.2627e-10
4.45798e-10
7.49699e-10
7.56352e-10
7.80765e-10
6.26202e-10
6.97406e-10
6.83952e-10
6.89975e-10
7.88115e-10
7.61254e-10
7.82762e-10
8.01855e-10
7.19332e-10
6.90905e-10
7.78471e-10
7.30577e-10
7.23218e-10
7.78162e-10
7.78934e-10
7.35157e-10
7.11329e-10
7.07572e-10
7.39457e-10
6.37598e-10
7.34975e-10
7.96487e-10
7.68249e-10
7.75134e-10
6.71096e-10
7.00784e-10
7.1375e-10
6.19037e-10
7.47853e-10
7.28758e-10
7.7073e-10
7.85294e-10
7.52555e-10
7.66701e-10
6.9773e-10
5.46872e-10
6.33144e-10
6.96394e-10
7.86126e-10
8.0046e-10
5.59062e-10
5.75481e-10
6.98725e-10
6.73547e-10
6.82001e-10
7.49035e-10
7.50251e-10
7.29361e-10
7.1475e-10
5.91094e-10
6.83178e-10
5.88289e-10
7.04713e-10
7.31747e-10
6.97316e-10
7.89944e-10
7.42647e-10
7.60425e-10
7.04413e-10
7.51412e-10
7.29983e-10
7.33732e-10
8.12787e-10
7.85733e-10
6.5718e-10
7.22702e-10
6.33013e-10
7.19768e-10
7.26322e-10
6.93335e-10
6.66369e-10
7.80709e-10
7.74296e-10
7.58724e-10
7.23261e-10
6.96668e-10
7.53571e-10
7.44845e-10
7.92189e-10
8.02362e-10
7.23749e-10
5.92085e-10
7.54268e-10
6.44709e-10
7.38416e-10
7.15921e-10
7.7782e-10
7.56626e-10
6.9391e-10
6.46528e-10
7.27236e-10
7.05554e-10
7.54706e-10
4.94344e-10
7.10541e-10
7.97321e-10
7.37035e-10
7.01289e-10
7.4408e-10
4.98442e-10
7.00476e-10
7.78201e-10
8.13874e-10
7.80252e-10
6.64248e-10
7.10535e-10
7.50427e-10
6.04752e-10
7.62078e-10
7.62456e-10
8.07833e-10
7.98159e-10
6.77171e-10
6.47814e-10
6.83856e-10
6.58175e-10
5.86405e-10
7.44196e-10
7.5309e-10
7.57908e-10
7.41968e-10
7.2053e-10
6.84258e-10
6.60496e-10
6.5717e-10
7.56196e-10
6.45059e-10
7.93253e-10
7.18791e-10
7.25859e-10
7.09875e-10
7.54116e-10
6.74716e-10
7.132e-10
7.10532e-10
8.19888e-10
6.9391e-10
6.55111e-10
6.84739e-10
6.54256e-10
7.37626e-10
6.2365e-10
7.61628e-10
7.07658e-10
6.86459e-10
7.41562e-10
5.70947e-10
8.21903e-10
7.00495e-10
7.44966e-10
7.66832e-10
6.69557e-10
7.14469e-10
7.0422e-10
7.18268e-10
6.95422e-10
6.98376e-10
6.69867e-10
5.74609e-10
7.76687e-10
7.15583e-10
7.76269e-10
7.29963e-10
7.49422e-10
7.26399e-10
7.68485e-10
7.62247e-10
7.28282e-10
7.0812e-10
7.29287e-10
6.50571e-10
7.22535e-10
7.53191e-10
6.95427e-10
7.82763e-10
8.34169e-10
7.36871e-10
7.31088e-10
7.04915e-10
7.0421e-10
7.39816e-10
7.82515e-10
7.34343e-10
7.89844e-10
7.61358e-10
6.86384e-10
7.72529e-10
7.6641e-10
7.00716e-10
7.10592e-10
6.5419e-10
7.6275e-10
7.39838e-10
6.40835e-10
6.65269e-10
7.37448e-10
6.56485e-10
7.23865e-10
6.7692e-10
8.25079e-10
6.30991e-10
6.95727e-10
7.56711e-10
7.56036e-10
7.29554e-10
7.56792e-10
7.58176e-10
8.15468e-10
6.64652e-10
6.38249e-10
7.40153e-10
7.29002e-10
7.04029e-10
7.9566e-10
7.2134e-10
7.87681e-10
5.87919e-10
7.13243e-10
6.66457e-10
7.3001e-10
7.63485e-10
7.26116e-10
7.55279e-10
7.64467e-10
7.29796e-10
7.08879e-10
6.86597e-10
5.72578e-10
7.7772e-10
6.95626e-10
6.67121e-10
8.01628e-10
5.99661e-10
7.11263e-10
7.18688e-10
7.49804e-10
7.54081e-10
7.07818e-10
8.03094e-10
6.46238e-10
6.8988e-10
7.30822e-10
7.08258e-10
7.84044e-10
6.89066e-10
5.90785e-10
7.48153e-10
7.44303e-10
6.78151e-10
7.14201e-10
7.15871e-10
6.36932e-10
7.06991e-10
7.57167e-10
7.15424e-10
7.95641e-10
6.83926e-10
6.48433e-10
5.80871e-10
6.60032e-10
7.52698e-10
6.80595e-10
6.89722e-10
8.20299e-10
6.59521e-10
7.14461e-10
6.81231e-10
7.12177e-10
7.31436e-10
7.23718e-10
7.4042e-10
7.49021e-10
6.87166e-10
7.6502e-10
7.23678e-10
7.14026e-10
7.05499e-10
7.22991e-10
7.63618e-10
7.64838e-10
6.62449e-10
6.89493e-10
6.24503e-10
7.02284e-10
6.83646e-10
7.50473e-10
7.26762e-10
6.92614e-10
6.95085e-10
7.4124e-10
7.81032e-10
7.55496e-10
7.05156e-10
7.00248e-10
6.55246e-10
8.32034e-10
7.5586e-10
6.81826e-10
6.85997e-10
6.99197e-10
7.07236e-10
5.77726e-10
7.91532e-10
7.80359e-10
6.20011e-10
6.67598e-10
7.40668e-10
7.0697e-10
7.67288e-10
7.90104e-10
7.75023e-10
7.95324e-10
7.00109e-10
7.39966e-10
6.7753e-10
7.48915e-10
7.14311e-10
7.27728e-10
8.05618e-10
7.62153e-10
7.22173e-10
7.34231e-10
7.27843e-10
5.65821e-10
7.39903e-10
7.55686e-10
7.77429e-10
8.04101e-10
6.91031e-10
7.38692e-10
7.49989e-10
7.67956e-10
5.94219e-10
7.31593e-10
6.75822e-10
7.98284e-10
6.18816e-10
7.38262e-10
7.26257e-10
7.58428e-10
6.16008e-10
7.15573e-10
7.41698e-10
7.50284e-10
6.98303e-10
7.28425e-10
7.06981e-10
6.90315e-10
7.24689e-10
7.33381e-10
6.92268e-10
7.75956e-10
6.56858e-10
6.90067e-10
7.78679e-10
6.81335e-10
7.34437e-10
6.5285e-10
6.77357e-10
8.37686e-10
7.35921e-10
6.927e-10
6.99336e-10
7.33447e-10
7.00682e-10
7.68378e-10
7.04767e-10
7.96046e-10
7.21191e-10
7.30999e-10
7.10331e-10
6.79134e-10
6.92371e-10
7.3478e-10
7.65668e-10
7.0644e-10
6.88167e-10
5.90098e-10
7.02347e-10
7.57096e-10
6.10658e-10
7.00901e-10
7.88499e-10
8.00045e-10
7.14469e-10
7.38982e-10
6.93282e-10
6.55123e-10
6.68476e-10
6.69781e-10
6.5844e-10
6.87005e-10
7.32203e-10
6.39855e-10
7.4566e-10
7.61764e-10
7.67487e-10
7.6041e-10
7.9368e-10
7.91184e-10
7.01786e-10
5.17446e-10
6.60655e-10
6.86306e-10
7.48888e-10
7.92317e-10
6.83849e-10
7.36795e-10
7.05048e-10
7.19473e-10
6.6094e-10
6.78764e-10
7.86601e-10
7.42911e-10
7.60788e-10
7.63441e-10
7.33113e-10
7.00323e-10
6.78223e-10
6.70302e-10
7.353e-10
6.66105e-10
7.58483e-10
7.78813e-10
7.01067e-10
7.06402e-10
6.70289e-10
6.75001e-10
6.77691e-10
6.68056e-10
7.44484e-10
7.07825e-10
7.18755e-10
7.02886e-10
7.16365e-10
6.38475e-10
7.66584e-10
7.52428e-10
7.56067e-10
8.13014e-10
7.21769e-10
6.49622e-10
7.30051e-10
6.35255e-10
7.60816e-10
7.15119e-10
7.64448e-10
8.18547e-10
7.08448e-10
6.92619e-10
7.40158e-10
6.68391e-10
6.96435e-10
5.90381e-10
7.96095e-10
8.69423e-10
7.4499e-10
6.83857e-10
7.40942e-10
7.61151e-10
6.18105e-10
7.32779e-10
7.78798e-10
7.61038e-10
6.76168e-10
6.82997e-10
7.43103e-10
6.05235e-10
7.10187e-10
7.82409e-10
6.35869e-10
7.81524e-10
7.37384e-10
6.93963e-10
6.99361e-10
7.0918e-10
6.8605e-10
6.98187e-10
7.71426e-10
7.29482e-10
6.34183e-10
4.8998e-10
6.13264e-10
7.21283e-10
6.78632e-10
7.41755e-10
7.14229e-10
7.35505e-10
7.44757e-10
7.20033e-10
7.37801e-10
6.48863e-10
6.67757e-10
7.98058e-10
7.06561e-10
6.44579e-10
6.96415e-10
7.25962e-10
6.04164e-10
5.48865e-10
6.09155e-10
6.72243e-10
6.78021e-10
8.15758e-10
7.02599e-10
6.68291e-10
7.12141e-10
6.26326e-10
7.14629e-10
7.47574e-10
7.42083e-10
7.04155e-10
7.12698e-10
7.08505e-10
6.73123e-10
7.50772e-10
7.19475e-10
7.63232e-10
7.91255e-10
7.51071e-10
6.95213e-10
6.71513e-10
7.1307e-10
6.55507e-10
7.49212e-10
6.25384e-10
7.58368e-10
7.73506e-10
6.72893e-10
6.76898e-10
6.7963e-10
6.84218e-10
5.44105e-10
6.82205e-10
7.1872e-10
7.11744e-10
6.46843e-10
7.12415e-10
7.30325e-10
6.55003e-10
6.93075e-10
7.3181e-10
7.55348e-10
7.68151e-10
7.76138e-10
5.29999e-10
6.83791e-10
6.69739e-10
7.20898e-10
6.80963e-10
7.35442e-10
8.27802e-10
6.94239e-10
7.26933e-10
7.38251e-10
7.49999e-10
6.70898e-10
7.49927e-10
7.60196e-10
7.69388e-10
6.59216e-10
7.28736e-10
7.12577e-10
6.90452e-10
7.41673e-10
7.37427e-10
7.6082e-10
7.93875e-10
7.06928e-10
7.13379e-10
6.17352e-10
6.7494e-10
7.54071e-10
6.92211e-10
7.5599e-10
7.60666e-10
7.30651e-10
7.29136e-10
6.99096e-10
7.35441e-10
7.5053e-10
7.13557e-10
8.1477e-10
8.36213e-10
6.29767e-10
6.55928e-10
7.10461e-10
7.45481e-10
5.81814e-10
7.92819e-10
6.83517e-10
8.00605e-10
6.98482e-10
7.04145e-10
7.48048e-10
7.26245e-10
7.09828e-10
7.58865e-10
6.65498e-10
7.88861e-10
7.02221e-10
6.96045e-10
7.34723e-10
7.11265e-10
6.84955e-10
6.97772e-10
7.61151e-10
7.67041e-10
7.0649e-10
7.15533e-10
7.25245e-10
7.23472e-10
6.53075e-10
7.2871e-10
7.48286e-10
7.55599e-10
6.57975e-10
6.06261e-10
7.42529e-10
7.82499e-10
6.70469e-10
7.39325e-10
6.66026e-10
7.1077e-10
7.46431e-10
7.00544e-10
7.4291e-10
6.90709e-10
7.47881e-10
7.96001e-10
7.00329e-10
7.14182e-10
6.65317e-10
7.35558e-10
7.59387e-10
6.86964e-10
7.11707e-10
6.62095e-10
6.85009e-10
7.16075e-10
6.18816e-10
7.37917e-10
6.63279e-10
7.48736e-10
6.48785e-10
7.03742e-10
6.20744e-10
7.58416e-10
7.20008e-10
6.40762e-10
6.45364e-10
7.05193e-10
7.96872e-10
7.50693e-10
7.53541e-10
8.54121e-10
7.02167e-10
7.39328e-10
6.30248e-10
6.85846e-10
5.944e-10
7.82302e-10
7.7266e-10
7.59473e-10
7.7837e-10
7.38188e-10
6.89462e-10
7.54844e-10
7.40935e-10
7.48106e-10
7.65188e-10
7.96412e-10
7.15661e-10
5.74937e-10
6.99239e-10
7.6632e-10
6.77071e-10
7.4765e-10
7.4626e-10
6.86007e-10
7.71e-10
6.83184e-10
6.78944e-10
7.32194e-10
7.69304e-10
6.48634e-10
7.55854e-10
8.21795e-10
6.26202e-10
6.95804e-10
6.41694e-10
6.97737e-10
7.18611e-10
7.32651e-10
7.90278e-10
8.10715e-10
6.77468e-10
7.26049e-10
5.76141e-10
7.25368e-10
7.5124e-10
6.81356e-10
7.59257e-10
7.72835e-10
6.74085e-10
6.90423e-10
7.15553e-10
7.34768e-10
7.54385e-10
7.39668e-10
8.21306e-10
8.13423e-10
7.07457e-10
7.01571e-10
6.36566e-10
6.59256e-10
6.86457e-10
7.40123e-10
7.57416e-10
8.1301e-10
6.35285e-10
7.20039e-10
6.62563e-10
7.62633e-10
6.92873e-10
6.6511e-10
7.40383e-10
7.29916e-10
6.52781e-10
7.03489e-10
7.44419e-10
6.83456e-10
6.96074e-10
8.07932e-10
7.11997e-10
8.01485e-10
4.90703e-10
6.68155e-10
5.77921e-10
7.10926e-10
6.74405e-10
6.08453e-10
7.62384e-10
7.80822e-10
7.03606e-10
5.90762e-10
6.99062e-10
7.69878e-10
5.85559e-10
7.386e-10
6.80863e-10
7.98035e-10
7.26099e-10
6.65719e-10
7.50757e-10
6.91276e-10
6.59037e-10
7.18832e-10
6.98352e-10
8.33712e-10
7.10361e-10
6.8861e-10
6.77217e-10
6.45767e-10
7.18522e-10
7.70021e-10
6.18875e-10
7.60937e-10
6.02743e-10
7.49276e-10
6.10447e-10
6.93517e-10
7.69362e-10
6.34492e-10
6.62965e-10
8.03948e-10
7.29432e-10
6.82483e-10
7.21852e-10
7.51479e-10
7.42634e-10
6.08252e-10
6.62729e-10
8.2994e-10
6.7637e-10
7.88833e-10
6.90891e-10
7.01164e-10
6.77664e-10
7.47491e-10
7.79142e-10
7.73116e-10
5.7957e-10
6.90817e-10
7.34556e-10
7.5363e-10
7.88133e-10
6.31847e-10
7.15654e-10
7.99974e-10
6.75964e-10
7.02728e-10
7.14337e-10
7.57052e-10
7.24502e-10
6.14031e-10
7.35463e-10
7.32992e-10
6.80868e-10
7.44754e-10
6.95244e-10
7.05372e-10
7.33957e-10
7.09408e-10
7.68486e-10
7.85463e-10
6.17585e-10
7.56329e-10
7.44681e-10
7.01134e-10
7.60373e-10
7.90954e-10
6.67885e-10
7.45208e-10
6.03333e-10
6.74954e-10
7.29773e-10
7.53144e-10
7.39019e-10
7.73323e-10
7.23421e-10
8.19942e-10
6.09326e-10
7.19988e-10
6.98893e-10
6.60858e-10
6.59247e-10
7.03803e-10
6.62544e-10
7.70744e-10
5.96332e-10
7.50548e-10
6.95264e-10
6.704e-10
6.70126e-10
7.43788e-10
7.21608e-10
8.0618e-10
6.91173e-10
5.99286e-10
7.10266e-10
7.28685e-10
7.16643e-10
7.54313e-10
7.60346e-10
7.25125e-10
7.64943e-10
4.61532e-10
7.55591e-10
5.65526e-10
7.45784e-10
7.72609e-10
6.63925e-10
8.00103e-10
7.2287e-10
6.65676e-10
6.03173e-10
6.91634e-10
7.50973e-10
7.35545e-10
7.47804e-10
8.24871e-10
7.28724e-10
6.90875e-10
6.9968e-10
7.2701e-10
7.34206e-10
7.44469e-10
7.48644e-10
7.9002e-10
7.76238e-10
7.42501e-10
7.44612e-10
7.06212e-10
6.48126e-10
7.18746e-10
7.67766e-10
8.36393e-10
7.11804e-10
6.85374e-10
6.34163e-10
7.83398e-10
6.01888e-10
6.63389e-10
8.07953e-10
7.54323e-10
6.52603e-10
7.50841e-10
7.10777e-10
6.36988e-10
7.30523e-10
7.92041e-10
8.05753e-10
8.37674e-10
6.59216e-10
7.39403e-10
6.99172e-10
6.71095e-10
6.7227e-10
6.83597e-10
6.60028e-10
7.67969e-10
6.58909e-10
6.61344e-10
7.03521e-10
7.21258e-10
7.81591e-10
7.50381e-10
7.67552e-10
6.51666e-10
5.86189e-10
7.13877e-10
7.08846e-10
7.26665e-10
6.75722e-10
6.15315e-10
6.80952e-10
8.45842e-10
7.37128e-10
7.46673e-10
7.36201e-10
7.1864e-10
6.6072e-10
7.38975e-10
8.06189e-10
6.34569e-10
