4.21463e-10
4.29954e-10
4.60029e-10
5.06377e-10
4.62632e-10
4.57206e-10
3.60176e-10
5.60502e-10
2.865e-10
4.85471e-10
3.49738e-10
4.74399e-10
4.01519e-10
4.47724e-10
4.73963e-10
4.88692e-10
4.19414e-10
3.22664e-10
4.43238e-10
3.17237e-10
3.84594e-10
4.4773e-10
4.81624e-10
4.80828e-10
4.28577e-10
4.27582e-10
3.66511e-10
2.52715e-10
5.2221e-10
4.61821e-10
4.84412e-10
4.13592e-10
4.39356e-10
4.26384e-10
4.01575e-10
2.61208e-10
4.33209e-10
4.36197e-10
3.87304e-10
4.1025e-10
4.17677e-10
3.83896e-10
4.46683e-10
3.93815e-10
3.93841e-10
4.70449e-10
4.5824e-10
4.36692e-10
4.4e-10
2.32841e-10
3.53717e-10
4.6391e-10
3.64139e-10
2.6265e-10
3.94178e-10
4.47855e-10
3.79277e-10
4.60863e-10
3.45959e-10
4.38133e-10
2.91225e-10
4.30795e-10
3.86225e-10
4.40418e-10
3.90312e-10
3.97993e-10
4.4571e-10
4.40265e-10
4.60288e-10
3.94258e-10
4.19721e-10
5.50986e-10
4.51994e-10
3.04118e-10
3.90864e-10
3.19677e-10
4.53494e-10
4.46334e-10
5.02832e-10
4.22297e-10
4.40873e-10
4.73232e-10
3.80923e-10
3.86621e-10
3.91226e-10
1.77643e-10
4.80437e-10
4.61369e-10
3.84119e-10
3.31605e-10
4.42029e-10
4.1324e-10
3.78143e-10
4.43617e-10
4.41229e-10
5.3347e-10
3.80059e-10
4.43817e-10
3.37346e-10
4.46064e-10
4.34459e-10
4.86731e-10
3.97399e-10
3.99497e-10
4.60789e-10
4.35519e-10
3.54115e-10
3.9396e-10
3.5002e-10
4.03205e-10
4.18251e-10
5.03947e-10
3.94985e-10
4.32398e-10
3.13156e-10
4.69161e-10
3.7988e-10
4.30094e-10
4.48146e-10
4.59386e-10
4.49867e-10
3.8497e-10
4.12644e-10
3.85875e-10
4.55606e-10
4.50225e-10
4.89352e-10
4.8662e-10
3.75703e-10
4.16836e-10
4.07541e-10
4.79527e-10
4.66877e-10
5.18072e-10
4.4325e-10
4.67325e-10
4.55656e-10
4.34851e-10
3.63425e-10
4.33116e-10
4.53428e-10
4.66098e-10
4.06067e-10
5.09801e-10
3.28257e-10
3.1622e-10
4.21492e-10
4.7738e-10
3.92067e-10
4.05253e-10
4.6114e-10
5.17859e-10
4.75805e-10
3.9592e-10
3.3318e-10
4.57512e-10
3.93574e-10
4.79727e-10
4.49921e-10
5.11268e-10
4.42164e-10
3.84582e-10
3.97892e-10
4.37088e-10
3.82787e-10
4.12822e-10
2.05247e-10
3.99547e-10
3.83647e-10
3.77901e-10
4.37841e-10
3.83292e-10
4.45606e-10
2.9509e-10
1.35087e-10
4.95674e-10
4.10891e-10
4.66263e-10
3.15945e-10
2.93387e-10
4.79414e-10
4.35385e-10
4.72095e-10
4.17846e-10
4.49238e-10
3.31227e-10
3.75338e-10
3.16726e-10
3.37651e-10
3.90863e-10
4.99733e-10
5.01742e-10
4.46286e-10
4.54881e-10
4.11046e-10
3.69476e-10
7.00143e-11
4.92941e-10
3.68995e-10
4.84013e-10
4.59858e-10
4.0167e-10
3.67774e-10
4.51482e-10
4.11544e-10
4.54467e-10
4.92726e-10
4.70144e-10
3.91604e-10
3.71514e-10
2.73914e-10
4.18551e-10
3.45926e-10
4.3925e-10
4.46377e-10
5.29436e-10
2.79e-10
1.55891e-10
4.12169e-10
4.05152e-10
4.47318e-10
4.66259e-10
4.01768e-10
5.4043e-10
4.53229e-10
4.37758e-10
3.71895e-10
4.47743e-10
4.08301e-10
4.71614e-10
4.79009e-10
5.30531e-10
4.23597e-10
4.24216e-10
3.98188e-10
3.85745e-10
3.98852e-10
4.14302e-10
3.53965e-10
4.49167e-10
4.77341e-10
3.66428e-10
4.22059e-10
3.39853e-10
4.37289e-10
4.16515e-10
4.1335e-10
4.52385e-10
3.3293e-10
4.17155e-10
3.95154e-10
2.88709e-10
4.13066e-10
3.53812e-10
4.21188e-10
4.83604e-10
2.84e-10
3.95776e-10
4.46718e-10
3.92363e-10
4.36362e-10
4.72546e-10
4.52436e-10
3.4629e-10
4.33736e-10
3.55409e-10
4.65821e-10
4.13952e-10
4.47861e-10
4.80161e-10
4.82722e-10
4.21588e-10
4.34957e-10
3.45853e-10
4.07007e-10
4.48043e-10
3.4148e-10
4.22282e-10
3.39953e-10
4.62812e-10
3.57423e-10
4.59456e-10
3.23336e-10
3.68382e-10
4.20338e-10
4.36673e-10
4.82928e-10
5.11482e-10
3.215e-10
3.96215e-10
4.39682e-10
4.23446e-10
4.40007e-10
4.2256e-10
4.89569e-10
5.15101e-10
4.07232e-10
3.52106e-10
4.5473e-10
4.69687e-10
3.81817e-10
4.6943e-10
4.31283e-10
5.03478e-10
3.71949e-10
4.7256e-10
4.41822e-10
4.47392e-10
3.66401e-10
3.75174e-10
4.52733e-10
5.06835e-10
4.37652e-10
4.41703e-10
3.01971e-10
3.81216e-10
4.30552e-10
4.60495e-10
4.2061e-10
3.79836e-10
4.41081e-10
4.20158e-10
3.59768e-10
3.19747e-10
4.22499e-10
4.95274e-10
4.41964e-10
5.34903e-10
4.12695e-10
4.56434e-10
4.69423e-10
3.33453e-10
3.56217e-10
4.5593e-10
4.80069e-10
5.10567e-10
4.51142e-10
3.801e-10
3.02256e-10
3.9795e-10
3.56719e-10
4.21916e-10
4.4248e-10
3.84741e-10
3.62849e-10
4.59374e-10
3.66405e-10
3.54721e-10
4.64726e-10
3.5844e-10
4.61355e-10
4.24144e-10
2.93e-10
3.55513e-10
4.34728e-10
3.76402e-10
2.79924e-10
3.62336e-10
4.66032e-10
4.87884e-10
4.21795e-10
4.30371e-10
3.37947e-10
3.69379e-10
4.66654e-10
3.85536e-10
4.52512e-10
5.01665e-10
3.6641e-10
4.10022e-10
4.27833e-10
4.05129e-10
3.73973e-10
4.33852e-10
4.4992e-10
5.74655e-10
4.4892e-10
4.71764e-10
2.72999e-10
3.78998e-10
3.67829e-10
4.45735e-10
4.20376e-10
4.17963e-10
3.78746e-10
4.05621e-10
4.50394e-10
2.48154e-10
4.55296e-10
4.34644e-10
3.97753e-10
4.35328e-10
2.835e-10
3.38063e-10
4.62459e-10
4.11473e-10
4.16053e-10
4.29487e-10
4.99499e-10
5.40478e-10
4.38733e-10
3.87159e-10
4.27036e-10
4.77734e-10
4.32501e-10
4.41608e-10
4.70502e-10
4.26462e-10
4.53931e-10
3.98581e-10
4.54022e-10
3.29665e-10
3.58604e-10
4.55477e-10
4.84054e-10
4.24687e-10
3.56063e-10
3.81388e-10
4.31448e-10
3.91267e-10
3.56111e-10
3.93575e-10
4.4092e-10
4.74816e-10
4.23051e-10
3.26945e-10
4.27014e-10
4.52525e-10
3.59143e-10
4.22524e-10
3.63218e-10
3.84758e-10
3.83171e-10
3.86621e-10
4.61568e-10
3.8114e-10
2.82409e-10
3.22472e-10
4.34687e-10
4.98825e-10
3.51694e-10
4.81975e-10
4.41161e-10
4.12097e-10
3.48782e-10
5.10449e-10
4.6271e-10
5.12425e-10
4.77722e-10
4.38404e-10
4.08346e-10
4.36778e-10
3.97742e-10
4.64389e-10
4.23253e-10
4.3843e-10
3.47098e-10
3.9971e-10
4.6284e-10
4.58981e-10
4.24005e-10
4.09797e-10
4.68933e-10
4.78919e-10
4.28416e-10
4.05351e-10
3.89338e-10
4.1924e-10
4.55245e-10
3.9123e-10
4.48515e-10
3.90054e-10
3.26418e-10
2.97067e-10
4.55443e-10
3.48143e-10
4.53625e-10
3.51854e-10
4.12106e-10
4.76217e-10
3.9131e-10
4.5145e-10
3.69238e-10
3.35841e-10
4.45322e-10
4.50481e-10
3.82583e-10
4.15467e-10
2.355e-10
3.18123e-10
4.70631e-10
2.63444e-10
4.0257e-10
4.10054e-10
4.31772e-10
4.86579e-10
4.29095e-10
4.78305e-10
2.63718e-10
4.15715e-10
3.02877e-10
4.29961e-10
4.31053e-10
5.14696e-10
4.20549e-10
4.53392e-10
4.39857e-10
4.84132e-10
4.61177e-10
3.65645e-10
4.4805e-10
4.66951e-10
4.52829e-10
4.72723e-10
4.29065e-10
3.40395e-10
4.55429e-10
3.90859e-10
4.21567e-10
4.52943e-10
3.195e-10
3.63382e-10
4.48384e-10
4.31722e-10
3.17081e-10
4.60803e-10
4.82205e-10
4.14222e-10
3.95611e-10
4.16444e-10
4.01693e-10
4.21899e-10
4.12876e-10
4.48365e-10
4.80452e-10
4.58653e-10
4.27644e-10
4.29376e-10
4.00015e-10
4.18757e-10
4.66155e-10
4.03734e-10
4.23368e-10
3.25634e-10
4.31029e-10
3.44742e-10
3.99878e-10
3.36135e-10
4.3532e-10
3.17871e-10
4.50042e-10
3.39447e-10
3.84469e-10
3.95703e-10
4.32501e-10
3.62575e-10
3.84446e-10
4.60308e-10
4.91661e-10
3.68607e-10
4.56625e-10
4.66894e-10
3.67782e-10
4.20895e-10
4.20042e-10
3.72e-10
4.7142e-10
4.66207e-10
4.54642e-10
3.39518e-10
3.44012e-10
4.64088e-10
4.32427e-10
3.49632e-10
4.40389e-10
4.80094e-10
4.37133e-10
4.01867e-10
4.25364e-10
3.66003e-10
4.50457e-10
4.68142e-10
4.42172e-10
5.29306e-10
4.24713e-10
4.31211e-10
4.06098e-10
3.87242e-10
4.59007e-10
4.32857e-10
3.68764e-10
3.82387e-10
4.06213e-10
4.46448e-10
3.95804e-10
4.56644e-10
4.02125e-10
4.44779e-10
3.75565e-10
3.98167e-10
4.48575e-10
4.1387e-10
3.66138e-10
4.32244e-10
4.28018e-10
4.50751e-10
4.48839e-10
4.89063e-10
4.41641e-10
3.91839e-10
4.00637e-10
4.22289e-10
4.323e-10
3.86883e-10
4.63174e-10
5.00511e-10
3.57423e-10
4.10467e-10
4.32759e-10
3.84865e-10
4.02672e-10
4.76708e-10
4.59441e-10
5.03317e-10
4.8694e-10
3.41637e-10
4.4419e-10
3.85565e-10
4.47476e-10
3.53657e-10
2.56276e-10
4.76067e-10
4.0007e-10
3.79968e-10
4.27188e-10
4.22162e-10
3.34194e-10
4.25829e-10
3.29393e-10
4.72299e-10
3.82077e-10
3.05089e-10
3.01544e-10
3.47396e-10
2.06644e-10
4.24348e-10
4.93204e-10
4.44429e-10
4.19614e-10
4.01019e-10
3.52844e-10
4.27622e-10
4.38423e-10
4.19667e-10
1.26795e-10
5.32059e-10
2.52e-10
4.67472e-10
4.70493e-10
2.23028e-10
3.75626e-10
4.20739e-10
3.07458e-10
4.73291e-10
3.50129e-10
3.97401e-10
4.32996e-10
4.20339e-10
4.47724e-10
3.61112e-10
3.37019e-10
4.86099e-10
4.50815e-10
4.42506e-10
3.88492e-10
4.20581e-10
4.4862e-10
4.89098e-10
4.29202e-10
4.21152e-10
4.58478e-10
4.43579e-10
4.68705e-10
3.49761e-10
4.37781e-10
4.46384e-10
4.22187e-10
4.61151e-10
4.66384e-10
3.99471e-10
4.38805e-10
2.73786e-10
3.82977e-10
4.89261e-10
4.50273e-10
4.50255e-10
4.24492e-10
4.26779e-10
4.64487e-10
3.86213e-10
4.31674e-10
2.88449e-10
4.68764e-10
3.65616e-10
3.40614e-10
4.61034e-10
4.14525e-10
4.00123e-10
3.77257e-10
4.17643e-10
3.7653e-10
4.09614e-10
4.27971e-10
4.30771e-10
4.12045e-10
4.34806e-10
4.64956e-10
4.86397e-10
4.52745e-10
4.92875e-10
3.29584e-10
3.7374e-10
4.55148e-10
4.11264e-10
3.54218e-10
3.66747e-10
4.40218e-10
5.49571e-10
4.80459e-10
3.9817e-10
4.04189e-10
3.8339e-10
4.58262e-10
4.70415e-10
3.55171e-10
3.4234e-10
4.52017e-10
3.82907e-10
4.39566e-10
3.79374e-10
4.44139e-10
4.39337e-10
4.52709e-10
4.99121e-10
3.33726e-10
3.70058e-10
4.05611e-10
3.90213e-10
4.11094e-10
2.07451e-10
4.02596e-10
5.23913e-10
3.73943e-10
3.80336e-10
4.10065e-10
2.97928e-10
4.53536e-10
4.3547e-10
4.81252e-10
4.76155e-10
4.44414e-10
4.18935e-10
4.41655e-10
4.30735e-10
4.10839e-10
4.43195e-10
4.07381e-10
5.22244e-10
4.52425e-10
2.46059e-10
4.01876e-10
3.95797e-10
4.93876e-10
5.01059e-10
5.02413e-10
3.888e-10
4.48945e-10
2.30546e-10
3.63178e-10
4.72696e-10
3.38491e-10
2.55522e-10
3.94311e-10
4.04335e-10
2.62e-10
3.02876e-10
4.43211e-10
3.70907e-10
4.48085e-10
4.47985e-10
3.80271e-10
4.80749e-10
4.71879e-10
3.14308e-10
4.40566e-10
4.29637e-10
4.07554e-10
4.46446e-10
4.08454e-10
4.97321e-10
4.1021e-10
4.4897e-10
4.11916e-10
4.57178e-10
3.94854e-10
3.82353e-10
4.32119e-10
4.74166e-10
3.46522e-10
3.09289e-10
2.93717e-10
4.42017e-10
4.33193e-10
4.38936e-10
4.56291e-10
4.27136e-10
4.51651e-10
4.48361e-10
4.19398e-10
4.17616e-10
5.04204e-10
5.039e-10
4.01096e-10
5.34392e-10
3.95789e-10
4.66442e-10
4.69004e-10
4.2961e-10
1.94815e-10
4.96472e-10
4.52787e-10
4.99535e-10
4.46676e-10
4.41882e-10
3.97215e-10
3.89472e-10
3.60707e-10
3.05452e-10
4.26566e-10
4.47484e-10
2.33e-10
4.16097e-10
4.08454e-10
1.9153e-10
4.43637e-10
4.12235e-10
4.37299e-10
3.88579e-10
4.06487e-10
4.07221e-10
4.24868e-10
4.68232e-10
4.74277e-10
4.57771e-10
4.42714e-10
4.70889e-10
3.56521e-10
4.44769e-10
3.33799e-10
4.82113e-10
3.55286e-10
4.5603e-10
4.71644e-10
4.5499e-10
4.09006e-10
4.17127e-10
3.67806e-10
4.01418e-10
4.63734e-10
4.34857e-10
3.74226e-10
5.24162e-10
3.96577e-10
4.77082e-10
3.60114e-10
4.01034e-10
4.86869e-10
3.91351e-10
4.14963e-10
3.61736e-10
2.505e-10
4.5634e-10
3.62888e-10
3.28284e-10
4.51409e-10
3.9616e-10
3.94515e-10
5.18913e-10
3.98444e-10
3.90534e-10
4.67081e-10
3.9834e-10
3.58589e-10
3.72284e-10
3.70599e-10
4.00018e-10
4.51513e-10
4.30849e-10
2.9357e-10
3.80325e-10
4.33914e-10
3.55353e-10
4.42043e-10
4.51318e-10
4.47012e-10
3.80067e-10
3.6441e-10
4.30091e-10
4.87291e-10
4.63565e-10
4.61698e-10
5.01836e-10
3.67122e-10
3.99211e-10
4.84491e-10
3.72712e-10
4.21951e-10
3.6009e-10
4.20262e-10
4.62424e-10
4.01789e-10
4.1657e-10
3.45182e-10
4.80005e-10
4.23199e-10
3.99542e-10
5.20368e-10
4.71993e-10
3.64574e-10
4.32817e-10
4.26635e-10
4.15442e-10
3.64282e-10
4.06088e-10
5.01346e-10
4.57478e-10
2.595e-10
4.37611e-10
2.64056e-10
4.47639e-10
3.28944e-10
3.10846e-10
4.64411e-10
4.71749e-10
4.56584e-10
4.76657e-10
4.01862e-10
4.33793e-10
3.53359e-10
3.94244e-10
3.9846e-10
5.50144e-10
3.47098e-10
4.65711e-10
4.19123e-10
4.66575e-10
4.09457e-10
4.68208e-10
4.69867e-10
4.68292e-10
4.45467e-10
4.11433e-10
4.95728e-10
4.41706e-10
4.71662e-10
4.6339e-10
5.20358e-10
4.3288e-10
4.88714e-10
3.9233e-10
3.97614e-10
4.62431e-10
4.44542e-10
4.56784e-10
4.18089e-10
3.46064e-10
3.99346e-10
3.79654e-10
3.23344e-10
3.73898e-10
4.7056e-10
4.04165e-10
4.67389e-10
3.52046e-10
4.51582e-10
3.06241e-10
3.7963e-10
3.47644e-10
4.09452e-10
4.49958e-10
2.33015e-10
4.25553e-10
3.7334e-10
3.88062e-10
3.47993e-10
4.74133e-10
4.55532e-10
4.83832e-10
4.33812e-10
4.53483e-10
4.49698e-10
4.37264e-10
3.935e-10
4.39968e-10
3.65232e-10
4.87551e-10
4.82453e-10
5.18956e-10
4.52447e-10
4.47012e-10
3.66103e-10
4.35542e-10
4.10862e-10
4.80569e-10
4.85549e-10
5.13273e-10
3.73793e-10
4.3539e-10
4.53399e-10
4.1531e-10
3.83867e-10
2.58166e-10
5.05159e-10
5.49257e-10
3.67822e-10
3.70661e-10
4.04465e-10
4.69033e-10
3.5614e-10
4.75618e-10
2.36396e-10
5.28826e-10
3.6623e-10
3.52649e-10
4.3146e-10
3.67779e-10
3.06977e-10
3.74175e-10
4.67205e-10
5.52366e-10
3.28257e-10
4.2299e-10
3.92703e-10
3.4399e-10
3.9082e-10
4.54852e-10
4.38804e-10
4.93635e-10
4.07299e-10
4.21257e-10
3.5501e-10
3.20454e-10
4.19444e-10
4.15721e-10
4.69894e-10
4.83028e-10
4.16887e-10
2.526e-10
4.5756e-10
4.34973e-10
3.89836e-10
4.20961e-10
4.51145e-10
4.35661e-10
4.33416e-10
3.5068e-10
3.68836e-10
4.59673e-10
3.99566e-10
5.22373e-10
4.82163e-10
3.02771e-10
3.30017e-10
4.26175e-10
4.67204e-10
3.6303e-10
4.75079e-10
3.69094e-10
2.70227e-10
4.59411e-10
3.93796e-10
3.81659e-10
4.50548e-10
3.42231e-10
4.82822e-10
3.77665e-10
3.80374e-10
3.17209e-10
4.44111e-10
4.7913e-10
4.08278e-10
3.85112e-10
2.81552e-10
3.86929e-10
3.00006e-10
5.04052e-10
3.6623e-10
4.21262e-10
4.13184e-10
3.44813e-10
3.99654e-10
4.82038e-10
4.33849e-10
4.19636e-10
4.45387e-10
3.83471e-10
3.57447e-10
3.90987e-10
4.34287e-10
4.17437e-10
3.02697e-10
5.041e-10
4.79391e-10
3.1597e-10
4.24923e-10
3.76451e-10
4.07308e-10
3.61638e-10
5.00656e-10
4.98635e-10
3.92571e-10
4.22755e-10
2.6356e-10
4.15747e-10
3.76807e-10
4.69778e-10
4.5782e-10
4.69053e-10
4.2328e-10
4.09354e-10
3.92903e-10
4.53463e-10
4.0158e-10
3.42508e-10
3.82699e-10
3.79637e-10
2.84e-10
4.13686e-10
3.79113e-10
4.82185e-10
3.02199e-10
4.6405e-10
4.03702e-10
4.88235e-10
3.53448e-10
4.79033e-10
3.63576e-10
3.50387e-10
3.83014e-10
5.20475e-10
4.80354e-10
4.64585e-10
4.13279e-10
4.30409e-10
3.60637e-10
2.62268e-10
3.05087e-10
4.26392e-10
3.27751e-10
3.99878e-10
4.13395e-10
4.6466e-10
4.82611e-10
4.66891e-10
3.77742e-10
4.52173e-10
4.79845e-10
4.8863e-10
4.26899e-10
4.17166e-10
4.39246e-10
4.14024e-10
4.21285e-10
3.66032e-10
4.93033e-10
5.06661e-10
4.0366e-10
4.34044e-10
4.45106e-10
3.51045e-10
4.63866e-10
4.06837e-10
4.75933e-10
5.18792e-10
4.59593e-10
4.50723e-10
4.30341e-10
3.72064e-10
4.89192e-10
3.68977e-10
4.93644e-10
4.75794e-10
4.70649e-10
4.27295e-10
3.64743e-10
4.47269e-10
3.30346e-10
4.35407e-10
4.44565e-10
4.90165e-10
4.80148e-10
4.47438e-10
4.18006e-10
3.92875e-10
4.60456e-10
4.60563e-10
5.06075e-10
4.19811e-10
4.40303e-10
4.41801e-10
4.71349e-10
4.14118e-10
3.87989e-10
2.64498e-10
4.09748e-10
4.60248e-10
3.70995e-10
3.81478e-10
4.5357e-10
3.88131e-10
3.93439e-10
3.91227e-10
4.56838e-10
3.69231e-10
4.60083e-10
4.48861e-10
3.45131e-10
3.78062e-10
4.82772e-10
4.17654e-10
4.31149e-10
5.00449e-10
3.64574e-10
3.91468e-10
4.46164e-10
4.4833e-10
4.00695e-10
3.58469e-10
4.48198e-10
2.7796e-10
4.13683e-10
4.12662e-10
4.59371e-10
2.33555e-10
3.97873e-10
4.79699e-10
4.07744e-10
4.58032e-10
3.49324e-10
4.42695e-10
3.85408e-10
3.77606e-10
4.63804e-10
4.42185e-10
4.89869e-10
4.69261e-10
3.85953e-10
3.87115e-10
4.2496e-10
4.10469e-10
4.65431e-10
4.27747e-10
4.37136e-10
3.94053e-10
3.47383e-10
4.154e-10
3.44695e-10
3.77143e-10
4.52114e-10
4.1771e-10
4.45399e-10
5.03248e-10
4.31029e-10
3.70042e-10
4.23677e-10
3.6822e-10
4.54345e-10
4.01683e-10
3.94904e-10
4.87676e-10
3.76131e-10
3.89473e-10
4.22217e-10
4.28859e-10
4.68281e-10
4.22968e-10
4.44502e-10
2.66667e-10
3.63432e-10
4.77552e-10
4.80432e-10
4.57477e-10
4.18389e-10
2.98964e-10
4.21128e-10
5.18974e-10
4.06963e-10
3.82425e-10
4.43084e-10
4.08644e-10
4.67152e-10
3.97648e-10
4.77573e-10
4.77049e-10
3.40279e-10
3.89338e-10
4.51665e-10
3.61694e-10
3.5874e-10
3.89673e-10
4.5872e-10
5.16053e-10
4.1144e-10
2.38477e-10
4.27093e-10
3.97452e-10
2.89082e-10
4.09914e-10
4.72371e-10
4.90032e-10
4.22544e-10
2.54653e-10
4.60633e-10
4.30519e-10
4.56218e-10
5.02828e-10
4.27924e-10
4.25382e-10
3.71792e-10
3.80553e-10
3.59239e-10
4.44565e-10
3.87934e-10
4.34827e-10
3.77268e-10
4.66832e-10
4.22125e-10
4.50894e-10
3.33341e-10
4.02789e-10
4.90275e-10
4.65095e-10
4.81035e-10
4.58647e-10
3.79539e-10
4.72987e-10
4.37125e-10
4.34096e-10
4.51997e-10
4.83751e-10
4.4161e-10
3.51068e-10
3.65318e-10
4.30344e-10
4.23812e-10
1.65748e-10
4.4749e-10
4.53714e-10
4.41123e-10
4.46754e-10
3.94985e-10
4.10208e-10
4.41878e-10
3.53155e-10
2.44484e-10
4.37463e-10
4.80277e-10
4.91922e-10
3.145e-10
3.9416e-10
4.23082e-10
4.5159e-10
2.48499e-10
4.20582e-10
2.73075e-10
2.38575e-10
3.85502e-10
4.33353e-10
3.6963e-10
4.16304e-10
4.36941e-10
3.23051e-10
5.02325e-10
4.52214e-10
4.51328e-10
4.5449e-10
3.18675e-10
3.68364e-10
4.44378e-10
4.95694e-10
4.19328e-10
4.54459e-10
4.55279e-10
3.74991e-10
1.96973e-10
3.35447e-10
4.47755e-10
3.6731e-10
5.16137e-10
4.68773e-10
3.62456e-10
4.53953e-10
3.45249e-10
4.49048e-10
4.48675e-10
4.49966e-10
5.12067e-10
4.92414e-10
4.49433e-10
4.21983e-10
4.20157e-10
4.57555e-10
3.99183e-10
4.35703e-10
4.69935e-10
1.76109e-10
4.36773e-10
4.43283e-10
4.12118e-10
3.40735e-10
4.15374e-10
4.17291e-10
3.62106e-10
4.31875e-10
4.04096e-10
4.09206e-10
3.77166e-10
4.48151e-10
3.55461e-10
4.23306e-10
4.10833e-10
4.21503e-10
3.95075e-10
4.17137e-10
4.17878e-10
3.82988e-10
4.38837e-10
4.52273e-10
4.11816e-10
5.27748e-10
3.68851e-10
4.39217e-10
2.51491e-10
3.74158e-10
3.31703e-10
4.69121e-10
5.09158e-10
4.73434e-10
3.96228e-10
3.78048e-10
4.1556e-10
4.34362e-10
3.06074e-10
4.41814e-10
3.86452e-10
4.41914e-10
4.37035e-10
3.87332e-10
3.99787e-10
4.85138e-10
4.7733e-10
4.41287e-10
2.68055e-10
4.25018e-10
2.435e-10
4.4614e-10
4.26678e-10
3.92659e-10
4.71838e-10
3.57283e-10
3.13489e-10
4.62917e-10
3.50919e-10
3.8234e-10
4.71886e-10
4.72838e-10
4.26187e-10
2.37154e-10
4.58028e-10
4.74701e-10
3.63239e-10
3.35186e-10
3.89272e-10
3.7922e-10
4.97607e-10
4.6896e-10
5.03797e-10
4.87554e-10
4.65604e-10
3.96061e-10
4.69658e-10
3.47857e-10
5.06579e-10
4.4125e-10
4.61978e-10
4.66076e-10
3.98277e-10
4.49074e-10
4.49552e-10
3.53182e-10
4.48349e-10
4.07496e-10
3.92112e-10
5.03104e-10
1.945e-10
4.29678e-10
4.15088e-10
4.09903e-10
3.43786e-10
4.11036e-10
4.38317e-10
4.78483e-10
3.72573e-10
3.31199e-10
3.75329e-10
4.23663e-10
3.65413e-10
2.98505e-10
4.77494e-10
4.53822e-10
4.76277e-10
4.02792e-10
4.09175e-10
4.16103e-10
4.57012e-10
4.78646e-10
4.86113e-10
5.25955e-10
4.13105e-10
3.96417e-10
4.38201e-10
2.91757e-10
4.13173e-10
4.71423e-10
4.32058e-10
4.6501e-10
4.30189e-10
3.89668e-10
4.01445e-10
4.48879e-10
4.76945e-10
3.99484e-10
5.14265e-10
4.83468e-10
4.3621e-10
3.85502e-10
4.6571e-10
3.873e-10
5.04245e-10
5.00395e-10
4.53401e-10
4.41632e-10
3.99102e-10
4.14166e-10
4.17234e-10
4.15267e-10
4.01422e-10
3.21248e-10
4.51865e-10
3.75792e-10
4.30916e-10
4.75246e-10
3.05424e-10
4.47733e-10
3.93623e-10
3.99517e-10
4.66602e-10
3.90721e-10
3.65318e-10
2.99608e-10
3.63959e-10
3.31711e-10
4.5936e-10
4.57354e-10
4.2875e-10
4.6525e-10
4.43107e-10
4.28284e-10
3.7776e-10
2.60434e-10
4.34753e-10
4.39278e-10
4.64341e-10
4.84862e-10
4.6562e-10
4.90808e-10
2.28847e-10
3.91264e-10
3.43689e-10
4.94438e-10
3.65619e-10
4.00319e-10
3.66589e-10
4.32781e-10
2.21913e-10
2.86358e-10
4.73751e-10
5.21031e-10
4.60785e-10
4.51469e-10
3.27805e-10
2.82414e-10
4.10359e-10
3.65595e-10
3.70734e-10
4.40761e-10
4.85719e-10
4.45411e-10
3.4289e-10
4.59283e-10
3.32534e-10
3.51781e-10
2.61274e-10
4.69833e-10
4.22856e-10
4.52421e-10
4.02246e-10
4.07122e-10
4.92061e-10
3.6316e-10
3.96218e-10
4.67481e-10
4.25209e-10
5.33798e-10
4.23005e-10
4.53636e-10
4.94235e-10
4.44422e-10
4.48985e-10
4.33463e-10
4.07425e-10
4.59626e-10
4.56215e-10
4.56265e-10
4.11999e-10
4.17448e-10
4.025e-10
4.17864e-10
3.9582e-10
4.30751e-10
4.64066e-10
3.33049e-10
4.21254e-10
4.13553e-10
3.63522e-10
4.21971e-10
4.60155e-10
4.63699e-10
4.59725e-10
4.20858e-10
2.53243e-10
4.07185e-10
4.71986e-10
4.73256e-10
4.42959e-10
4.40608e-10
4.43752e-10
4.63943e-10
3.42008e-10
3.44518e-10
4.06537e-10
4.22381e-10
5.18888e-10
4.71125e-10
3.97009e-10
4.29725e-10
4.53428e-10
4.7288e-10
3.80349e-10
4.45203e-10
5.21114e-10
4.37412e-10
4.10891e-10
4.25614e-10
4.96173e-10
4.2333e-10
3.09922e-10
4.03926e-10
4.56016e-10
4.96047e-10
3.90514e-10
3.73172e-10
3.97164e-10
3.56058e-10
4.7178e-10
4.81381e-10
5.10596e-10
5.135e-10
3.45643e-10
4.05278e-10
3.77593e-10
5.01854e-10
4.39989e-10
4.40516e-10
4.61324e-10
4.54637e-10
4.47217e-10
4.18557e-10
4.52512e-10
3.96259e-10
3.78904e-10
4.72083e-10
4.5466e-10
5.00708e-10
3.64948e-10
3.92599e-10
4.25309e-10
3.57214e-10
4.76908e-10
4.64832e-10
4.72145e-10
4.62815e-10
3.61457e-10
4.15676e-10
4.67276e-10
4.70285e-10
4.40851e-10
2.42831e-10
4.88961e-10
5.3451e-10
3.21e-10
3.95864e-10
4.53381e-10
4.58238e-10
4.1649e-10
3.69644e-10
4.52946e-10
3.49562e-10
4.1886e-10
4.10375e-10
4.62195e-10
1.34277e-10
4.52291e-10
3.49746e-10
5.22985e-10
4.17908e-10
4.21463e-10
4.3725e-10
4.43469e-10
4.50054e-10
3.4306e-10
3.70669e-10
4.16368e-10
4.66658e-10
3.81457e-10
4.69942e-10
3.77258e-10
4.56396e-10
4.08094e-10
4.30508e-10
5.07362e-10
4.23733e-10
3.68168e-10
3.75146e-10
4.25164e-10
4.67036e-10
4.5447e-10
4.67981e-10
5.28976e-10
4.30882e-10
4.67699e-10
3.63651e-10
4.46017e-10
4.48436e-10
3.67647e-10
4.2232e-10
3.45698e-10
4.97182e-10
4.54104e-10
4.39506e-10
3.8074e-10
4.38884e-10
3.29505e-10
3.42796e-10
4.26887e-10
4.93438e-10
4.45038e-10
4.30349e-10
3.90969e-10
4.40019e-10
4.72174e-10
3.54062e-10
4.70843e-10
4.38284e-10
4.24226e-10
4.24137e-10
3.1645e-10
4.37739e-10
4.6913e-10
3.58934e-10
1.30236e-10
5.18615e-10
3.89497e-10
2.7311e-10
3.42564e-10
4.63806e-10
4.31611e-10
4.06311e-10
4.56264e-10
4.6166e-10
3.56974e-10
4.58513e-10
3.82463e-10
4.33165e-10
2.51571e-10
4.3475e-10
5.07092e-10
4.56104e-10
3.50394e-10
4.07769e-10
3.0136e-10
4.28769e-10
4.49925e-10
4.25887e-10
4.42361e-10
4.82031e-10
3.58086e-10
4.14464e-10
4.70044e-10
4.5817e-10
4.17235e-10
4.98631e-10
4.78901e-10
5.54884e-10
2.48e-10
3.78893e-10
3.93502e-10
3.96032e-10
4.47995e-10
3.20083e-10
3.86959e-10
5.10103e-10
4.13221e-10
3.90184e-10
4.31219e-10
4.01799e-10
3.13759e-10
3.70059e-10
4.51177e-10
4.29403e-10
3.91897e-10
3.68537e-10
4.51418e-10
3.72004e-10
4.90282e-10
4.93012e-10
5.00474e-10
4.99227e-10
4.01482e-10
4.51972e-10
4.4798e-10
4.61806e-10
4.01441e-10
3.1023e-10
4.67285e-10
4.61133e-10
4.205e-10
3.62637e-10
4.55426e-10
4.23713e-10
3.83804e-10
3.88138e-10
4.52571e-10
4.5638e-10
4.21984e-10
4.12932e-10
3.59263e-10
3.09803e-10
4.57027e-10
4.21856e-10
3.54036e-10
4.54077e-10
4.25842e-10
3.61402e-10
4.33828e-10
4.20787e-10
3.94833e-10
4.26714e-10
4.19157e-10
3.9405e-10
4.25799e-10
1.53024e-10
4.03489e-10
4.30224e-10
3.59838e-10
4.73939e-10
3.8916e-10
5.21539e-10
3.99911e-10
4.22128e-10
4.36983e-10
4.38915e-10
4.33593e-10
4.55652e-10
4.96861e-10
5.17273e-10
3.78613e-10
3.7843e-10
2.3139e-10
3.85886e-10
3.68683e-10
4.45901e-10
3.42887e-10
4.62295e-10
4.29996e-10
3.82666e-10
4.83871e-10
4.01296e-10
1.56498e-10
3.80472e-10
4.13693e-10
4.47221e-10
3.43205e-10
4.78115e-10
4.49831e-10
4.31833e-10
4.08986e-10
5.01403e-10
3.68421e-10
5.18703e-10
4.65307e-10
3.72018e-10
1.83877e-10
4.79826e-10
3.92967e-10
3.12217e-10
4.5395e-10
4.38514e-10
4.07566e-10
4.29846e-10
2.83663e-10
4.23868e-10
4.6717e-10
3.70082e-10
4.95269e-10
4.91003e-10
3.6902e-10
4.28492e-10
4.9253e-10
4.58672e-10
4.64594e-10
4.2712e-10
4.67394e-10
4.46317e-10
4.09134e-10
4.45748e-10
3.11762e-10
4.63443e-10
4.93935e-10
4.48896e-10
4.48499e-10
4.85088e-10
4.65025e-10
3.63774e-10
4.51042e-10
4.62996e-10
4.17237e-10
4.2026e-10
3.26061e-10
4.31553e-10
3.92284e-10
4.5737e-10
3.57119e-10
4.37539e-10
3.99831e-10
4.41808e-10
3.07515e-10
5.06491e-10
2.99e-10
3.87746e-10
3.91374e-10
4.37732e-10
4.1508e-10
4.20984e-10
3.98091e-10
4.51064e-10
4.11682e-10
4.53667e-10
3.47629e-10
4.26474e-10
4.455e-10
3.42347e-10
3.97054e-10
3.68426e-10
4.22868e-10
4.22497e-10
2.85474e-10
4.29382e-10
3.83919e-10
4.1478e-10
4.94125e-10
5.25739e-10
3.57199e-10
4.76794e-10
3.97037e-10
3.527e-10
3.80259e-10
4.39873e-10
3.79698e-10
5.15197e-10
3.175e-10
3.54361e-10
4.66375e-10
3.36484e-10
4.17239e-10
4.0717e-10
4.25608e-10
5.26243e-10
3.64007e-10
3.52546e-10
4.03853e-10
3.22013e-10
4.32341e-10
3.8328e-10
4.83084e-10
5.0311e-10
2.865e-10
4.26094e-10
2.81159e-10
3.59247e-10
3.2877e-10
4.80023e-10
4.2084e-10
5.10113e-10
4.81377e-10
3.82751e-10
4.53897e-10
4.07749e-10
3.62726e-10
4.05419e-10
4.53436e-10
2.30278e-10
4.05589e-10
3.05875e-10
4.14193e-10
4.11895e-10
3.88085e-10
4.85779e-10
3.71282e-10
5.17192e-10
4.45146e-10
3.87462e-10
4.11757e-10
4.19848e-10
3.12153e-10
4.86696e-10
4.36958e-10
5.13466e-10
4.26983e-10
3.77836e-10
4.66401e-10
4.46697e-10
4.0045e-10
3.47605e-10
4.79747e-10
4.48539e-10
4.49457e-10
3.55277e-10
4.72332e-10
3.64573e-10
4.19932e-10
4.07928e-10
3.88172e-10
4.26073e-10
4.11136e-10
4.48866e-10
4.36606e-10
3.8971e-10
4.022e-10
3.78564e-10
4.25368e-10
4.89171e-10
3.94531e-10
4.65399e-10
3.97271e-10
2.92652e-10
4.50017e-10
4.33582e-10
4.68435e-10
4.53028e-10
4.53074e-10
4.09068e-10
4.16307e-10
4.15805e-10
4.65251e-10
4.68208e-10
4.75911e-10
4.74421e-10
4.27562e-10
4.21616e-10
4.30074e-10
4.18496e-10
4.07799e-10
3.57194e-10
1.69041e-10
5.4472e-10
3.9675e-10
4.79498e-10
3.86231e-10
4.38238e-10
4.26196e-10
4.14639e-10
3.22005e-10
4.96227e-10
4.20207e-10
4.84565e-10
3.65869e-10
4.84908e-10
4.29976e-10
4.05885e-10
4.46073e-10
4.32782e-10
4.32478e-10
4.60622e-10
4.363e-10
4.67784e-10
4.3713e-10
5.08062e-10
4.97875e-10
3.95231e-10
3.82567e-10
4.17877e-10
3.67754e-10
4.54918e-10
4.63283e-10
4.90251e-10
4.57978e-10
4.93105e-10
4.78185e-10
3.78813e-10
4.08365e-10
4.02482e-10
3.75487e-10
4.22225e-10
4.53467e-10
4.64981e-10
3.86288e-10
4.02808e-10
4.38525e-10
3.76327e-10
3.67229e-10
4.7555e-10
5.07526e-10
4.33798e-10
4.22451e-10
3.88275e-10
4.49684e-10
3.48063e-10
4.18902e-10
3.22084e-10
4.34643e-10
4.4259e-10
4.46624e-10
4.4418e-10
4.04057e-10
4.52699e-10
4.82018e-10
3.9015e-10
4.62614e-10
4.19528e-10
2.16e-10
3.85895e-10
3.74812e-10
3.84762e-10
4.85375e-10
4.00255e-10
4.55061e-10
4.89588e-10
4.31443e-10
4.55577e-10
4.3727e-10
4.35976e-10
4.68486e-10
4.77637e-10
2.18021e-10
4.35516e-10
3.45643e-10
3.04874e-10
3.73773e-10
4.53048e-10
4.72032e-10
4.52421e-10
3.79299e-10
3.84635e-10
4.21984e-10
3.48634e-10
3.07428e-10
4.19569e-10
4.93788e-10
3.8068e-10
4.14655e-10
4.28551e-10
4.46909e-10
3.3482e-10
4.51347e-10
4.1654e-10
4.85544e-10
4.23174e-10
4.24519e-10
4.83263e-10
3.76695e-10
4.11959e-10
4.6793e-10
3.97507e-10
4.59207e-10
3.38857e-10
3.96237e-10
5.24924e-10
4.06144e-10
3.62508e-10
4.09587e-10
4.10884e-10
3.57214e-10
4.35843e-10
4.27449e-10
3.7356e-10
4.00309e-10
3.6315e-10
4.81466e-10
4.4342e-10
1.59702e-10
4.4592e-10
3.51561e-10
5.32252e-10
4.39418e-10
3.94696e-10
3.56277e-10
3.94143e-10
4.10089e-10
4.54627e-10
4.23861e-10
5.01005e-10
3.52203e-10
3.59195e-10
4.47962e-10
2.27519e-10
3.81129e-10
4.52474e-10
4.67372e-10
4.38463e-10
3.69355e-10
4.20396e-10
4.36776e-10
4.07327e-10
4.14281e-10
2.89081e-10
4.9413e-10
4.62939e-10
4.23097e-10
4.30934e-10
4.55659e-10
2.70679e-10
4.62358e-10
4.84557e-10
4.54295e-10
5.34342e-10
4.24092e-10
3.37468e-10
3.58296e-10
4.19483e-10
5.19357e-10
4.38638e-10
2.68515e-10
5.38035e-10
4.22078e-10
2.4773e-10
4.33869e-10
4.05064e-10
4.28268e-10
4.3391e-10
4.91853e-10
4.42584e-10
4.39387e-10
4.31977e-10
4.10503e-10
4.5151e-10
4.65518e-10
4.31489e-10
4.45931e-10
3.93978e-10
4.40514e-10
4.17653e-10
3.98713e-10
4.57724e-10
4.00248e-10
3.50079e-10
4.84188e-10
5.59621e-10
4.58808e-10
4.21302e-10
3.02307e-10
3.21256e-10
3.93401e-10
5.00167e-10
3.50205e-10
5.60031e-10
4.23234e-10
3.90385e-10
4.31436e-10
3.97634e-10
4.59007e-10
3.0633e-10
4.28379e-10
3.0745e-10
4.59612e-10
2.88348e-10
3.48396e-10
4.05619e-10
4.37536e-10
2.43428e-10
4.29641e-10
4.91215e-10
3.65868e-10
3.95253e-10
4.25632e-10
4.21028e-10
3.05248e-10
4.63045e-10
4.40895e-10
5.0655e-10
4.12043e-10
4.44954e-10
4.61105e-10
3.83264e-10
4.14188e-10
5.02842e-10
2.75152e-10
5.28317e-10
4.26141e-10
3.72588e-10
2.15141e-10
4.0553e-10
4.14273e-10
4.24634e-10
2.98643e-10
3.66569e-10
4.21606e-10
4.16976e-10
4.14752e-10
4.17982e-10
3.6609e-10
4.27443e-10
4.65337e-10
3.87982e-10
3.29584e-10
4.27115e-10
2.47019e-10
4.75076e-10
4.0952e-10
2.25867e-10
4.65112e-10
5.16685e-10
4.05659e-10
4.19871e-10
4.40133e-10
3.80282e-10
3.34251e-10
3.48255e-10
5.17436e-10
3.8955e-10
3.81332e-10
3.76864e-10
4.22947e-10
3.69159e-10
3.88253e-10
4.60096e-10
3.73777e-10
4.95138e-10
4.08292e-10
3.53587e-10
3.78789e-10
4.16187e-10
4.04867e-10
4.37843e-10
3.87388e-10
4.97048e-10
4.87349e-10
3.55676e-10
4.00989e-10
4.45769e-10
4.50466e-10
3.91659e-10
1.76478e-10
4.52658e-10
4.40873e-10
4.16949e-10
4.4474e-10
4.53967e-10
4.14167e-10
4.36131e-10
4.9414e-10
5.01223e-10
4.21606e-10
3.49493e-10
3.4292e-10
4.76653e-10
4.17073e-10
4.74247e-10
4.92503e-10
1.83481e-10
3.396e-10
3.76722e-10
4.07623e-10
3.48646e-10
4.45594e-10
4.73266e-10
4.05233e-10
4.64943e-10
3.98774e-10
3.33259e-10
4.51873e-10
4.41319e-10
2.82755e-10
4.65039e-10
4.55249e-10
4.1698e-10
4.54557e-10
3.53928e-10
3.42101e-10
4.57427e-10
4.50265e-10
4.42475e-10
4.43165e-10
4.81366e-10
3.105e-10
1.52509e-10
4.53696e-10
2.99324e-10
3.28492e-10
4.38477e-10
3.72906e-10
4.86042e-10
3.72573e-10
3.87151e-10
4.08447e-10
4.74604e-10
4.19379e-10
4.23104e-10
4.92136e-10
4.58859e-10
4.37909e-10
3.91308e-10
3.95709e-10
4.59159e-10
4.07285e-10
4.24228e-10
5.27114e-10
5.1581e-10
4.47977e-10
4.17648e-10
4.24061e-10
4.52194e-10
3.69746e-10
4.47883e-10
4.36436e-10
5.09409e-10
3.71156e-10
2.80858e-10
4.36002e-10
3.70729e-10
4.36393e-10
4.74697e-10
2.41399e-10
5.00471e-10
4.03806e-10
3.93769e-10
3.37869e-10
3.60194e-10
4.96452e-10
4.43075e-10
4.58373e-10
5.10725e-10
4.26098e-10
4.0351e-10
4.94151e-10
4.63008e-10
4.12024e-10
4.2718e-10
3.38594e-10
5.40257e-10
4.3506e-10
4.20255e-10
4.25585e-10
4.5003e-10
4.32279e-10
4.10985e-10
5.16788e-10
5.21142e-10
3.87924e-10
2.09305e-10
4.32607e-10
4.15817e-10
3.74563e-10
1.76681e-10
5.18169e-10
4.65289e-10
4.89542e-10
4.15221e-10
4.29889e-10
4.60765e-10
5.03999e-10
4.98656e-10
4.2832e-10
5.08388e-10
4.12695e-10
3.38236e-10
4.88299e-10
3.83722e-10
3.08843e-10
3.43282e-10
4.18801e-10
4.9061e-10
4.25107e-10
4.64043e-10
4.221e-10
3.70727e-10
2.90382e-10
5.01422e-10
3.71974e-10
4.17794e-10
3.97009e-10
3.07054e-10
4.43096e-10
4.4588e-10
4.15534e-10
4.46651e-10
4.62873e-10
5.30315e-10
3.98774e-10
3.29252e-10
4.31459e-10
3.40403e-10
4.22944e-10
4.06162e-10
4.87402e-10
5.38829e-10
3.8856e-10
4.30667e-10
4.6872e-10
4.44735e-10
4.08782e-10
3.78482e-10
4.74541e-10
5.32198e-10
3.8183e-10
4.1521e-10
4.59879e-10
4.30964e-10
4.12668e-10
4.92007e-10
4.42099e-10
4.86996e-10
3.95075e-10
4.42379e-10
3.29336e-10
4.25096e-10
3.41681e-10
4.4957e-10
3.86687e-10
5.55492e-10
4.15039e-10
4.88318e-10
3.95648e-10
4.14233e-10
4.65738e-10
3.9724e-10
5.14862e-10
5.22765e-10
4.29253e-10
3.67106e-10
3.29425e-10
4.15654e-10
2.12483e-10
4.89928e-10
5.17721e-10
5.4997e-10
3.9649e-10
4.88278e-10
4.20329e-10
4.52527e-10
3.59651e-10
3.50436e-10
3.97737e-10
4.34153e-10
4.26268e-10
4.23779e-10
4.36129e-10
4.22824e-10
4.84492e-10
4.56297e-10
4.09231e-10
5.41869e-10
4.27438e-10
3.6375e-10
4.09314e-10
3.72515e-10
4.63286e-10
4.57472e-10
4.93009e-10
4.86933e-10
3.86399e-10
4.2872e-10
3.68022e-10
4.13046e-10
4.24826e-10
4.60482e-10
4.08571e-10
4.28177e-10
4.50415e-10
4.6674e-10
3.15261e-10
4.04782e-10
3.24348e-10
4.18337e-10
4.41622e-10
4.67835e-10
3e-10
4.25878e-10
3.99608e-10
2.99173e-10
4.50815e-10
4.82157e-10
4.73851e-10
4.31157e-10
4.25885e-10
4.51427e-10
3.66446e-10
4.27352e-10
4.15951e-10
4.04128e-10
2.56271e-10
3.92522e-10
4.16298e-10
4.34336e-10
4.21723e-10
4.34186e-10
3.59329e-10
4.14894e-10
4.98293e-10
4.49156e-10
4.1646e-10
2.98394e-10
4.28434e-10
3.05899e-10
4.15328e-10
4.29787e-10
4.87405e-10
4.7334e-10
3.99102e-10
3.67585e-10
3.75211e-10
3.36719e-10
4.78004e-10
4.47925e-10
3.85456e-10
3.04857e-10
4.477e-10
4.4424e-10
4.7364e-10
3.97601e-10
4.41474e-10
4.34072e-10
3.37341e-10
4.8171e-10
4.20888e-10
4.12151e-10
4.74564e-10
4.33673e-10
4.38161e-10
3.52896e-10
4.25105e-10
5.2217e-10
3.53693e-10
4.79862e-10
4.9694e-10
4.57219e-10
4.06135e-10
4.07644e-10
4.70582e-10
4.15427e-10
4.28336e-10
3.89186e-10
4.28787e-10
3.98133e-10
4.11627e-10
2.57498e-10
5.25095e-10
4.0717e-10
3.45938e-10
4.21485e-10
4.36335e-10
4.14837e-10
4.40963e-10
2.87307e-10
4.36558e-10
4.65221e-10
3.68851e-10
4.74845e-10
3.75676e-10
4.22188e-10
3.05847e-10
2.58614e-10
4.44567e-10
5.20158e-10
4.64859e-10
3.8631e-10
4.93489e-10
4.64584e-10
3.5101e-10
4.21667e-10
4.40546e-10
4.21932e-10
3.84469e-10
3.75073e-10
4.63375e-10
4.56888e-10
4.27346e-10
4.11941e-10
4.01956e-10
5.1974e-10
3.43518e-10
4.03903e-10
4.06529e-10
3.79578e-10
4.33294e-10
4.75227e-10
4.73964e-10
4.81009e-10
3.7051e-10
3.95807e-10
3.45379e-10
4.54087e-10
4.50868e-10
3.95124e-10
4.64814e-10
5.40126e-10
3.73492e-10
4.7913e-10
3.72905e-10
3.02e-10
4.59118e-10
4.44643e-10
4.84842e-10
4.76828e-10
3.34893e-10
3.76952e-10
4.43096e-10
3.75308e-10
3.87613e-10
4.43505e-10
4.67787e-10
4.70034e-10
3.52203e-10
2.5416e-10
4.05295e-10
2.96976e-10
4.41454e-10
4.49425e-10
4.45764e-10
5.30749e-10
3.94804e-10
4.52104e-10
4.25618e-10
4.08657e-10
4.38243e-10
4.69294e-10
4.74679e-10
5.40771e-10
2.72e-10
4.03709e-10
4.23839e-10
3.41622e-10
3.60982e-10
4.62632e-10
3.55055e-10
5.29087e-10
3.76835e-10
3.66821e-10
2.89334e-10
4.72711e-10
3.59248e-10
3.2532e-10
4.31047e-10
5.10959e-10
3.92952e-10
4.58686e-10
4.43977e-10
3.58571e-10
3.41263e-10
4.20627e-10
4.64444e-10
2.92884e-10
4.56153e-10
4.39384e-10
4.78595e-10
4.46052e-10
4.10615e-10
3.44139e-10
4.55808e-10
4.33766e-10
4.24669e-10
4.61695e-10
3.44453e-10
4.10805e-10
2.79234e-10
3.92779e-10
4.04084e-10
3.79288e-10
4.16621e-10
3.5302e-10
4.37056e-10
2.38501e-10
4.18998e-10
4.26948e-10
4.58749e-10
5.52914e-10
4.20305e-10
3.44322e-10
4.26529e-10
4.41682e-10
3.39065e-10
4.46579e-10
3.98598e-10
5.08489e-10
4.23005e-10
4.00215e-10
3.78068e-10
4.3429e-10
4.62481e-10
4.57359e-10
4.94188e-10
5.03919e-10
4.41553e-10
4.62494e-10
3.86021e-10
3.07536e-10
3.31674e-10
4.57065e-10
3.2717e-10
4.94404e-10
4.42424e-10
3.60831e-10
4.48412e-10
3.59711e-10
4.2781e-10
4.86506e-10
2.05662e-10
4.55428e-10
4.54385e-10
4.2155e-10
3.75307e-10
4.25332e-10
4.80907e-10
4.86037e-10
5.00398e-10
4.48819e-10
4.15316e-10
4.14016e-10
4.61541e-10
1.17189e-10
4.26999e-10
4.36206e-10
4.81181e-10
4.97323e-10
1.66e-10
3.60447e-10
2.96901e-10
4.67274e-10
3.46701e-10
4.62414e-10
4.85678e-10
5.05415e-10
3.81582e-10
3.59507e-10
1.10638e-10
3.88063e-10
3.8858e-10
4.63403e-10
3.72622e-10
4.00262e-10
3.60225e-10
4.27024e-10
4.52419e-10
3.91953e-10
3.75445e-10
4.32854e-10
4.94206e-10
3.93774e-10
3.46811e-10
4.06753e-10
4.64186e-10
3.1351e-10
3.69117e-10
3.89589e-10
3.45799e-10
4.1162e-10
4.46728e-10
3.7948e-10
4.49729e-10
2.97289e-10
4.02896e-10
4.57978e-10
5.20057e-10
4.55682e-10
3.97859e-10
4.36681e-10
4.28106e-10
4.57557e-10
4.40641e-10
3.91765e-10
4.98838e-10
3.65675e-10
3.90008e-10
4.11019e-10
4.62664e-10
3.09615e-10
4.44957e-10
4.16513e-10
5.03342e-10
4.2818e-10
3.71634e-10
2.91307e-10
4.22244e-10
3.3171e-10
3.8391e-10
3.54856e-10
3.9171e-10
4.22843e-10
4.06895e-10
4.80891e-10
3.30404e-10
3.87756e-10
4.29433e-10
4.32366e-10
4.21604e-10
4.10953e-10
4.41758e-10
3.35445e-10
3.62672e-10
4.09457e-10
4.15224e-10
4.9449e-10
4.87587e-10
4.04766e-10
4.03879e-10
2.25319e-10
4.16872e-10
4.43336e-10
4.50125e-10
3.64407e-10
4.21005e-10
4.6401e-10
4.05379e-10
3.91309e-10
4.08212e-10
3.21754e-10
4.93396e-10
4.17098e-10
3.413e-10
4.63096e-10
4.1476e-10
4.1005e-10
4.59558e-10
4.39568e-10
4.58421e-10
4.665e-10
4.74146e-10
4.00398e-10
4.02246e-10
4.07055e-10
4.62721e-10
4.64801e-10
4.09801e-10
3.66434e-10
3.78209e-10
3.15086e-10
3.55832e-10
3.88915e-10
1.92987e-10
4.39981e-10
4.5937e-10
3.74703e-10
4.58128e-10
3.56914e-10
4.35469e-10
3.93421e-10
4.26254e-10
3.42944e-10
4.67761e-10
2.95151e-10
4.61605e-10
5.57871e-10
4.12695e-10
3.41197e-10
4.08188e-10
3.46724e-10
4.43368e-10
1.58901e-10
4.7349e-10
4.76959e-10
4.07232e-10
3.89067e-10
3.52752e-10
3.86783e-10
4.35464e-10
3.87632e-10
4.56094e-10
5.11196e-10
4.2669e-10
4.25942e-10
4.49185e-10
3.97195e-10
4.10947e-10
3.7128e-10
4.54468e-10
4.8599e-10
4.48377e-10
4.12206e-10
4.24699e-10
4.49628e-10
4.42992e-10
5.35474e-10
4.95007e-10
4.6215e-10
3.8183e-10
4.31073e-10
4.62309e-10
3.3298e-10
3.57159e-10
4.25836e-10
4.74839e-10
5.41997e-10
3.85615e-10
4.37724e-10
4.64718e-10
3.51193e-10
4.16227e-10
4.41957e-10
5.12549e-10
5.07535e-10
4.19464e-10
4.0755e-10
3.79385e-10
2.85505e-10
4.44074e-10
4.17302e-10
3.30453e-10
4.86137e-10
4.03806e-10
4.11052e-10
4.08761e-10
4.48814e-10
4.69096e-10
3.93225e-10
3.35301e-10
4.9334e-10
4.75158e-10
4.45095e-10
3.88364e-10
4.04088e-10
3.72497e-10
4.83457e-10
4.68632e-10
4.94785e-10
2.935e-10
4.95447e-10
3.98286e-10
2.99052e-10
4.47757e-10
3.64398e-10
4.78221e-10
4.66826e-10
3.92857e-10
4.17905e-10
3.8734e-10
4.77207e-10
4.30712e-10
1.82805e-10
3.89212e-10
3.80076e-10
3.85388e-10
4.32835e-10
3.29882e-10
4.64636e-10
4.81745e-10
4.7621e-10
4.59639e-10
4.95548e-10
2.375e-10
3.95155e-10
3.59987e-10
4.05704e-10
4.6957e-10
3.82071e-10
4.90921e-10
4.87074e-10
3.34893e-10
4.55269e-10
4.52746e-10
3.5783e-10
2.92304e-10
4.37045e-10
3.2821e-10
3.11563e-10
4.9711e-10
3.93536e-10
3.53303e-10
3.62718e-10
4.6242e-10
3.69627e-10
4.79511e-10
4.82739e-10
4.09644e-10
4.43221e-10
2.61353e-10
4.51887e-10
3.96597e-10
3.6862e-10
5.03963e-10
5.60211e-10
4.26899e-10
4.21553e-10
3.97753e-10
4.2358e-10
4.69228e-10
4.37681e-10
4.42146e-10
4.88453e-10
4.18504e-10
4.10828e-10
3.36084e-10
2.37387e-10
4.52144e-10
4.05606e-10
4.77964e-10
4.84422e-10
4.76416e-10
3.92844e-10
4.25151e-10
4.38852e-10
4.5591e-10
4.42319e-10
4.07114e-10
4.62668e-10
4.32037e-10
3.0786e-10
4.31556e-10
4.20024e-10
2.49375e-10
3.87046e-10
4.6216e-10
5.393e-10
4.66864e-10
4.16409e-10
4.82198e-10
4.29169e-10
3.92183e-10
3.70327e-10
5.27469e-10
4.93727e-10
4.42567e-10
4.27622e-10
4.36542e-10
4.85118e-10
4.37698e-10
4.31586e-10
4.26239e-10
4.9869e-10
3.75124e-10
3.94026e-10
4.17567e-10
2.80738e-10
4.67006e-10
4.61032e-10
4.4515e-10
4.35413e-10
4.49891e-10
3.71268e-10
3.05585e-10
4.19439e-10
3.97291e-10
2.52194e-10
4.93598e-10
5.37309e-10
3.87277e-10
3.85083e-10
4.02972e-10
4.21914e-10
4.4147e-10
4.1483e-10
4.98326e-10
3.83672e-10
4.26141e-10
3.71509e-10
4.23791e-10
4.67215e-10
4.70918e-10
3.2893e-10
2.78272e-10
5.41394e-10
