5.45457e-10
5.45214e-10
4.97365e-10
5.24649e-10
5.07248e-10
5.57906e-10
5.67005e-10
5.61215e-10
4.51926e-10
5.06549e-10
5.33106e-10
5.49364e-10
5.41416e-10
5.3296e-10
5.6945e-10
6.37954e-10
5.04835e-10
5.64642e-10
5.3545e-10
4.60958e-10
5.0639e-10
5.58006e-10
4.95985e-10
5.50833e-10
5.34763e-10
4.09357e-10
3.0612e-10
5.00465e-10
5.41939e-10
5.55108e-10
4.57104e-10
5.78984e-10
4.76597e-10
5.4028e-10
4.84697e-10
5.25317e-10
5.4519e-10
5.92315e-10
5.25545e-10
5.84014e-10
4.74004e-10
5.24183e-10
5.26325e-10
4.93089e-10
4.67502e-10
4.70462e-10
5.05257e-10
5.37257e-10
5.08485e-10
5.54812e-10
5.64916e-10
4.8528e-10
5.31622e-10
6.01118e-10
5.18637e-10
5.67841e-10
3.94375e-10
5.33712e-10
5.49228e-10
3.97146e-10
5.77765e-10
5.77857e-10
5.16629e-10
6.34336e-10
4.6016e-10
5.12066e-10
3.66275e-10
5.35396e-10
5.18794e-10
5.46986e-10
4.83877e-10
5.58662e-10
4.55418e-10
5.55276e-10
4.94023e-10
5.41883e-10
5.48707e-10
4.73575e-10
5.69852e-10
5.79126e-10
4.85497e-10
5.40257e-10
5.91258e-10
5.01111e-10
3.94298e-10
5.29527e-10
5.17849e-10
4.96826e-10
5.1053e-10
5.58233e-10
4.16949e-10
5.44329e-10
4.37895e-10
4.1796e-10
5.09098e-10
6.18222e-10
5.47164e-10
4.83837e-10
4.84059e-10
4.73919e-10
5.08753e-10
5.32364e-10
5.39803e-10
6.13584e-10
4.88148e-10
4.90437e-10
5.57723e-10
4.53906e-10
5.51224e-10
4.94253e-10
6.00572e-10
4.93405e-10
4.87957e-10
5.77157e-10
4.97007e-10
5.18077e-10
5.64256e-10
4.95811e-10
5.06667e-10
5.47149e-10
5.21091e-10
5.38725e-10
4.96545e-10
5.71582e-10
4.56976e-10
5.70228e-10
5.96338e-10
6.32798e-10
5.33028e-10
5.41013e-10
4.35161e-10
4.43443e-10
5.30251e-10
5.66642e-10
5.35012e-10
4.84396e-10
5.63105e-10
4.88613e-10
4.92784e-10
5.09977e-10
5.17657e-10
5.57266e-10
5.83894e-10
5.87609e-10
5.59542e-10
5.56835e-10
4.7112e-10
5.52538e-10
4.98089e-10
5.50857e-10
6.05515e-10
5.55011e-10
5.26895e-10
5.82082e-10
5.58145e-10
4.4559e-10
5.423e-10
4.91637e-10
5.3272e-10
4.16726e-10
4.89181e-10
5.66467e-10
5.02091e-10
4.10073e-10
5.30362e-10
4.89915e-10
5.34581e-10
5.18099e-10
5.19959e-10
5.06521e-10
4.86842e-10
4.94212e-10
5.15493e-10
5.18758e-10
5.44849e-10
5.85102e-10
5.1708e-10
5.54162e-10
3.77418e-10
5.79895e-10
4.26775e-10
5.78664e-10
5.83802e-10
5.22448e-10
5.66728e-10
4.4974e-10
5.03738e-10
5.51447e-10
4.91952e-10
4.88641e-10
5.42577e-10
4.3575e-10
4.77835e-10
5.2262e-10
4.30948e-10
5.60998e-10
5.52088e-10
5.50379e-10
5.10376e-10
6.02923e-10
5.62254e-10
3.86433e-10
4.80143e-10
4.48144e-10
5.33897e-10
4.749e-10
5.70398e-10
4.00437e-10
5.69597e-10
4.46059e-10
4.25548e-10
4.96796e-10
5.71555e-10
5.33747e-10
4.97665e-10
5.26649e-10
5.24591e-10
5.00494e-10
4.75091e-10
5.53366e-10
5.69235e-10
5.1604e-10
5.41848e-10
6.0563e-10
5.44321e-10
5.31291e-10
5.2229e-10
5.61742e-10
5.05482e-10
5.12061e-10
6.24096e-10
5.79655e-10
5.69517e-10
3.57718e-10
5.39671e-10
4.80219e-10
6.05873e-10
4.8927e-10
6.00537e-10
5.71937e-10
5.08775e-10
5.76247e-10
4.88723e-10
5.16087e-10
5.10865e-10
6.02735e-10
3.8159e-10
6.28574e-10
4.22325e-10
4.86366e-10
3.47091e-10
5.03203e-10
5.23827e-10
5.93338e-10
5.90304e-10
6.29569e-10
5.25101e-10
5.97572e-10
5.43269e-10
5.79039e-10
5.11172e-10
5.86365e-10
5.80661e-10
5.45362e-10
5.28001e-10
5.21132e-10
5.45897e-10
4.97153e-10
5.29968e-10
5.29766e-10
5.92808e-10
5.6589e-10
4.7844e-10
5.56112e-10
5.57935e-10
5.62387e-10
4.45733e-10
5.60551e-10
5.71492e-10
5.63921e-10
5.27488e-10
4.74566e-10
4.80183e-10
5.00994e-10
5.71978e-10
5.32725e-10
6.09164e-10
5.34318e-10
4.42225e-10
5.42033e-10
4.67561e-10
5.63528e-10
5.68142e-10
4.43608e-10
4.68904e-10
6.24962e-10
4.52153e-10
5.11633e-10
5.5233e-10
4.42552e-10
5.37163e-10
5.73601e-10
5.77298e-10
5.98596e-10
5.45386e-10
4.82863e-10
5.42026e-10
5.70137e-10
5.51762e-10
5.73348e-10
5.5824e-10
6.14244e-10
5.18613e-10
4.27396e-10
4.61881e-10
5.58459e-10
3.84821e-10
5.64355e-10
5.71301e-10
4.51163e-10
5.37685e-10
5.12441e-10
5.29771e-10
5.01474e-10
5.5448e-10
5.52049e-10
5.41252e-10
5.89977e-10
4.96008e-10
5.25658e-10
4.38495e-10
4.43869e-10
5.45851e-10
4.35575e-10
5.0214e-10
5.61795e-10
5.20876e-10
3.30351e-10
4.5544e-10
5.36875e-10
5.63695e-10
5.64822e-10
5.50795e-10
6.16031e-10
4.65415e-10
5.5561e-10
4.23936e-10
4.58835e-10
5.33646e-10
5.53026e-10
6.02758e-10
5.00345e-10
4.20427e-10
5.80483e-10
4.6447e-10
5.87206e-10
4.79435e-10
5.9845e-10
5.68584e-10
5.27095e-10
4.72367e-10
5.05104e-10
5.27835e-10
4.89387e-10
5.81364e-10
4.78801e-10
5.91525e-10
5.29922e-10
5.00901e-10
5.47078e-10
5.24106e-10
4.59462e-10
5.54888e-10
4.53672e-10
5.01998e-10
5.29027e-10
4.48855e-10
5.3667e-10
4.44027e-10
5.04553e-10
4.42725e-10
5.00168e-10
4.03623e-10
6.18047e-10
4.94973e-10
3.07843e-10
5.16258e-10
4.34457e-10
5.73455e-10
5.43987e-10
5.34927e-10
5.56475e-10
4.83947e-10
5.58865e-10
5.2111e-10
5.75271e-10
4.96128e-10
4.9525e-10
6.23824e-10
6.32054e-10
5.31586e-10
4.52761e-10
5.48321e-10
4.15368e-10
5.45977e-10
4.37262e-10
5.06326e-10
6.40901e-10
4.5825e-10
4.59076e-10
4.90158e-10
5.76908e-10
5.61259e-10
5.7158e-10
4.47067e-10
5.93713e-10
5.0831e-10
5.18049e-10
4.90762e-10
5.37003e-10
4.96055e-10
5.34829e-10
5.74217e-10
5.23724e-10
5.20398e-10
5.53078e-10
5.13222e-10
5.25002e-10
5.18947e-10
5.98913e-10
5.26929e-10
5.80873e-10
4.56041e-10
5.52411e-10
5.00309e-10
5.48997e-10
5.22415e-10
5.57342e-10
4.49208e-10
5.5651e-10
5.23349e-10
3.97193e-10
4.90883e-10
4.49699e-10
5.19947e-10
5.40925e-10
5.72834e-10
5.65612e-10
3.41875e-10
4.92328e-10
5.40337e-10
5.82464e-10
5.10418e-10
5.2506e-10
6.22628e-10
5.41736e-10
4.89458e-10
4.91274e-10
4.89913e-10
4.65169e-10
3.78765e-10
4.67311e-10
5.57358e-10
3.35654e-10
4.19444e-10
5.39253e-10
5.04311e-10
5.43294e-10
5.19703e-10
5.47532e-10
5.13162e-10
5.50837e-10
5.92445e-10
5.86117e-10
4.4875e-10
5.00667e-10
4.77591e-10
5.77513e-10
4.74832e-10
6.00044e-10
4.52379e-10
5.13195e-10
4.78655e-10
5.62653e-10
4.87095e-10
5.40043e-10
5.53104e-10
5.70401e-10
4.90996e-10
5.26414e-10
5.12741e-10
5.61163e-10
5.59207e-10
5.4053e-10
5.19103e-10
5.69854e-10
4.50301e-10
5.52132e-10
5.18902e-10
5.42141e-10
4.16328e-10
5.35911e-10
6.05692e-10
6.16567e-10
5.40225e-10
4.98084e-10
5.27167e-10
4.83311e-10
4.82677e-10
5.54467e-10
5.64892e-10
5.39757e-10
4.357e-10
4.9085e-10
5.47732e-10
4.88579e-10
4.44312e-10
5.49754e-10
5.92359e-10
6.03492e-10
5.11893e-10
4.93044e-10
5.31453e-10
4.10814e-10
5.22672e-10
4.63342e-10
5.99737e-10
5.02414e-10
4.5327e-10
5.21075e-10
4.74961e-10
5.27274e-10
5.83057e-10
5.4642e-10
5.65156e-10
5.87366e-10
3.99375e-10
5.05689e-10
4.51026e-10
4.75443e-10
5.33866e-10
5.4363e-10
5.57352e-10
6.05833e-10
5.08659e-10
5.54778e-10
5.29142e-10
5.06437e-10
5.41604e-10
6.41141e-10
6.15317e-10
6.18354e-10
5.46354e-10
4.79449e-10
5.61612e-10
3.2647e-10
5.32648e-10
4.07821e-10
4.88961e-10
5.12719e-10
5.31519e-10
4.77632e-10
5.31279e-10
5.2189e-10
5.49939e-10
5.13743e-10
5.88526e-10
5.68841e-10
5.4174e-10
5.05222e-10
5.49864e-10
5.40159e-10
5.559e-10
5.25477e-10
6.09506e-10
5.54979e-10
4.7333e-10
5.51546e-10
5.06311e-10
5.19974e-10
4.12935e-10
5.60723e-10
6.37648e-10
6.31974e-10
4.45005e-10
5.05782e-10
3.7996e-10
5.85757e-10
4.88453e-10
5.60906e-10
5.51688e-10
5.69221e-10
5.67352e-10
4.41973e-10
5.67525e-10
5.12723e-10
5.51778e-10
4.88691e-10
5.33819e-10
5.26084e-10
5.5961e-10
5.43641e-10
5.20078e-10
4.89007e-10
4.67653e-10
5.39876e-10
5.82159e-10
4.79627e-10
4.66229e-10
5.33786e-10
5.02281e-10
5.06909e-10
4.31285e-10
4.74998e-10
5.92764e-10
5.86517e-10
5.48825e-10
5.577e-10
5.33348e-10
5.57428e-10
5.16883e-10
5.13807e-10
5.35822e-10
5.45055e-10
5.3628e-10
4.13981e-10
5.53441e-10
4.01461e-10
3.82696e-10
5.75587e-10
5.94341e-10
5.34709e-10
5.36546e-10
5.26009e-10
5.88651e-10
5.14106e-10
5.45346e-10
5.1809e-10
5.59592e-10
5.48911e-10
4.11229e-10
4.81074e-10
5.40064e-10
4.88893e-10
4.69716e-10
5.50296e-10
5.23255e-10
5.70003e-10
5.43503e-10
5.10198e-10
5.58588e-10
4.80196e-10
5.58293e-10
5.85731e-10
5.33376e-10
6.11562e-10
5.61613e-10
5.62747e-10
5.21367e-10
4.67321e-10
5.65537e-10
5.44461e-10
4.99929e-10
4.5127e-10
4.1581e-10
5.5269e-10
5.62776e-10
4.87674e-10
4.34992e-10
5.14502e-10
5.80957e-10
5.86107e-10
5.41609e-10
4.96361e-10
5.31638e-10
4.65168e-10
4.72058e-10
5.08284e-10
5.87173e-10
5.49355e-10
5.1843e-10
4.37569e-10
5.08073e-10
5.38148e-10
5.52886e-10
4.94224e-10
6.03685e-10
5.01984e-10
4.73601e-10
5.6447e-10
4.67311e-10
5.37265e-10
5.26263e-10
5.80339e-10
5.61682e-10
5.84471e-10
3.9e-10
5.8124e-10
5.55433e-10
4.80477e-10
4.17682e-10
4.57882e-10
4.45376e-10
5.13869e-10
4.64918e-10
4.78832e-10
5.39355e-10
4.7891e-10
5.36002e-10
4.56297e-10
6.00486e-10
6.21824e-10
5.02074e-10
3.24062e-10
4.0238e-10
4.53067e-10
4.56681e-10
5.65874e-10
5.81973e-10
4.66096e-10
5.70271e-10
5.18626e-10
5.54344e-10
5.71339e-10
4.82753e-10
4.49013e-10
5.00818e-10
5.28939e-10
5.1053e-10
5.74422e-10
4.83976e-10
5.97278e-10
4.89681e-10
5.9965e-10
5.14083e-10
6.00567e-10
4.92048e-10
5.35667e-10
3.36422e-10
5.1145e-10
5.32313e-10
5.87504e-10
5.54645e-10
5.92741e-10
5.5609e-10
4.20135e-10
5.39251e-10
5.21022e-10
5.52335e-10
4.57578e-10
5.46093e-10
5.57621e-10
5.10308e-10
4.85551e-10
5.24595e-10
5.05731e-10
5.47043e-10
5.3683e-10
5.52805e-10
6.38869e-10
5.44589e-10
4.63513e-10
5.57766e-10
5.5534e-10
4.23578e-10
5.20864e-10
5.01883e-10
6.08559e-10
5.41609e-10
5.83217e-10
4.68363e-10
3.04732e-10
6.18431e-10
4.40795e-10
5.89152e-10
5.85034e-10
5.27007e-10
5.56142e-10
4.50809e-10
4.73345e-10
5.61122e-10
3.79116e-10
5.50443e-10
5.60217e-10
5.0118e-10
5.31746e-10
5.55005e-10
3.96659e-10
4.92899e-10
5.71402e-10
5.5896e-10
6.43779e-10
5.34732e-10
5.12731e-10
5.2071e-10
5.97782e-10
4.38138e-10
5.37376e-10
5.74752e-10
5.11009e-10
5.09006e-10
4.81487e-10
4.70319e-10
5.42883e-10
4.06221e-10
5.75781e-10
6.28105e-10
4.51023e-10
5.30299e-10
5.26641e-10
4.23331e-10
4.91256e-10
5.29248e-10
5.63849e-10
5.79596e-10
6.04212e-10
4.7493e-10
5.46898e-10
5.29147e-10
5.31194e-10
5.55371e-10
5.73642e-10
5.25345e-10
5.88197e-10
5.38793e-10
5.31819e-10
4.95148e-10
3.51946e-10
4.94878e-10
4.37426e-10
5.8858e-10
5.7212e-10
5.26331e-10
5.29103e-10
5.08461e-10
4.27301e-10
5.86947e-10
5.19364e-10
5.10747e-10
5.08599e-10
4.40462e-10
4.99367e-10
5.32145e-10
4.78214e-10
5.648e-10
5.6882e-10
5.80583e-10
5.5216e-10
4.76218e-10
4.90153e-10
4.82487e-10
5.56701e-10
5.12598e-10
5.19546e-10
6.05825e-10
6.81968e-10
4.64584e-10
5.32421e-10
5.07671e-10
4.6786e-10
5.08133e-10
5.09815e-10
4.29485e-10
5.95271e-10
4.84262e-10
4.32523e-10
5.11848e-10
5.00957e-10
4.55531e-10
4.80791e-10
5.16704e-10
6.21342e-10
5.14843e-10
4.77675e-10
4.59654e-10
4.18199e-10
5.31738e-10
5.5882e-10
5.26422e-10
5.61943e-10
3.7375e-10
4.52854e-10
4.65722e-10
3.91786e-10
3.57648e-10
5.46669e-10
5.82602e-10
5.80043e-10
4.3363e-10
5.27643e-10
5.19535e-10
5.66815e-10
4.53034e-10
5.29613e-10
5.09928e-10
5.83784e-10
5.01869e-10
5.09286e-10
5.66518e-10
5.19038e-10
5.10156e-10
5.37168e-10
6.09446e-10
5.36998e-10
5.63167e-10
5.04181e-10
5.71266e-10
4.74078e-10
5.42135e-10
5.54481e-10
4.72487e-10
6.13744e-10
4.05625e-10
4.86319e-10
4.44542e-10
5.09894e-10
4.0231e-10
5.44358e-10
4.63857e-10
5.99122e-10
4.78078e-10
5.10457e-10
5.2071e-10
4.99961e-10
4.45018e-10
5.80826e-10
4.95592e-10
6.1283e-10
5.39817e-10
5.47083e-10
4.54213e-10
5.32334e-10
5.26315e-10
4.31312e-10
5.53796e-10
5.76502e-10
5.10419e-10
5.6394e-10
4.26775e-10
4.70682e-10
3.25227e-10
4.84639e-10
5.40485e-10
4.7823e-10
5.27451e-10
4.93119e-10
4.09727e-10
5.2057e-10
5.28029e-10
5.57049e-10
4.83522e-10
6.19414e-10
4.64584e-10
5.69187e-10
4.63774e-10
5.0891e-10
5.07565e-10
4.86054e-10
5.60924e-10
5.26868e-10
3.58125e-10
5.37052e-10
5.4465e-10
5.13077e-10
5.84866e-10
4.60114e-10
5.80119e-10
5.51601e-10
4.22786e-10
4.92611e-10
5.41396e-10
4.85387e-10
4.25186e-10
4.66022e-10
5.75768e-10
6.19698e-10
5.49479e-10
5.33253e-10
4.60443e-10
4.45041e-10
4.36922e-10
5.67336e-10
4.98734e-10
5.83622e-10
5.15781e-10
5.64253e-10
4.77541e-10
5.17393e-10
5.25127e-10
5.74629e-10
4.93798e-10
5.28582e-10
5.15536e-10
5.70006e-10
5.51753e-10
5.0721e-10
5.72918e-10
5.96967e-10
5.15712e-10
5.89093e-10
5.14492e-10
5.58405e-10
5.55053e-10
5.20046e-10
4.94657e-10
4.98272e-10
5.04334e-10
6.44578e-10
5.53026e-10
3.95259e-10
4.18771e-10
4.60582e-10
5.53842e-10
6.16857e-10
6.00767e-10
6.3793e-10
4.39858e-10
4.97995e-10
3.9158e-10
4.1637e-10
5.7478e-10
5.92868e-10
5.70417e-10
6.00945e-10
4.14711e-10
4.82163e-10
4.02113e-10
5.22639e-10
4.91778e-10
4.51865e-10
5.59712e-10
6.48933e-10
5.02005e-10
2.92143e-10
5.17405e-10
5.53287e-10
5.95157e-10
4.94242e-10
4.84741e-10
5.09239e-10
5.09006e-10
4.7826e-10
4.55254e-10
5.00445e-10
5.25875e-10
5.02611e-10
5.92387e-10
6.38339e-10
4.38622e-10
4.69261e-10
4.20585e-10
5.30091e-10
3.90378e-10
5.65087e-10
5.5397e-10
6.29358e-10
4.87766e-10
5.2103e-10
5.07409e-10
4.71363e-10
5.0389e-10
4.97001e-10
5.1421e-10
5.60032e-10
1.6375e-10
5.07892e-10
4.0265e-10
5.80055e-10
5.38789e-10
5.15609e-10
5.90443e-10
5.75643e-10
5.39266e-10
4.90961e-10
5.02978e-10
4.23208e-10
4.68295e-10
5.32833e-10
5.11955e-10
4.47495e-10
4.96322e-10
5.1029e-10
5.032e-10
5.29137e-10
5.3336e-10
5.43375e-10
5.58815e-10
5.5714e-10
5.38652e-10
5.20275e-10
5.54332e-10
4.82621e-10
5.01218e-10
5.68131e-10
5.78601e-10
5.81347e-10
5.34671e-10
5.0687e-10
4.80625e-10
5.05478e-10
5.74529e-10
4.94118e-10
5.65852e-10
4.84785e-10
5.58108e-10
5.94415e-10
5.57475e-10
5.90414e-10
5.08379e-10
5.49506e-10
4.27873e-10
6.28056e-10
4.82447e-10
5.13137e-10
5.23263e-10
5.03275e-10
5.55845e-10
5.68803e-10
5.69818e-10
5.21699e-10
5.23673e-10
4.05671e-10
4.8875e-10
5.23036e-10
4.61071e-10
5.22797e-10
5.52042e-10
5.80152e-10
4.24582e-10
5.46313e-10
5.1688e-10
5.61718e-10
5.20504e-10
5.384e-10
4.80709e-10
6.03765e-10
5.97313e-10
3.91906e-10
5.6324e-10
5.66749e-10
5.068e-10
5.75412e-10
5.70843e-10
5.55091e-10
5.5983e-10
5.77272e-10
5.02194e-10
5.93302e-10
5.04629e-10
4.89017e-10
5.76147e-10
6.03847e-10
4.61628e-10
5.27007e-10
5.44793e-10
4.30302e-10
5.47558e-10
4.49898e-10
5.25317e-10
5.81789e-10
5.02277e-10
5.06442e-10
5.04114e-10
5.38545e-10
4.4532e-10
5.51012e-10
5.74904e-10
5.82133e-10
5.31886e-10
4.10673e-10
4.71843e-10
4.83527e-10
5.88312e-10
5.52578e-10
6.31475e-10
4.78378e-10
5.47551e-10
5.24493e-10
4.89227e-10
2.57071e-10
5.09776e-10
5.43369e-10
6.28917e-10
6.51898e-10
5.19291e-10
4.6361e-10
4.75143e-10
4.60967e-10
5.49205e-10
4.16003e-10
5.48764e-10
5.84149e-10
4.83418e-10
4.72708e-10
5.07831e-10
5.50496e-10
5.90793e-10
5.66191e-10
5.12565e-10
5.50552e-10
5.40441e-10
4.72581e-10
5.1946e-10
6.0559e-10
5.05895e-10
5.68804e-10
5.5664e-10
4.70457e-10
4.9055e-10
5.37083e-10
5.04318e-10
4.45859e-10
5.12453e-10
5.75766e-10
5.87793e-10
6.11793e-10
5.73328e-10
5.3438e-10
4.80012e-10
5.21929e-10
5.55991e-10
4.88945e-10
5.94918e-10
6.05195e-10
5.13213e-10
4.26715e-10
4.81222e-10
5.08628e-10
5.38308e-10
5.4838e-10
5.25054e-10
5.87125e-10
5.59338e-10
5.49631e-10
5.18231e-10
4.49779e-10
5.718e-10
5.50073e-10
5.3233e-10
5.97105e-10
3.84375e-10
4.73877e-10
4.91352e-10
5.02898e-10
5.1205e-10
5.74927e-10
5.5158e-10
5.96636e-10
5.18062e-10
5.52517e-10
5.73071e-10
5.6241e-10
4.36733e-10
5.24704e-10
3.8791e-10
6.14409e-10
5.73968e-10
5.55697e-10
5.70649e-10
5.42201e-10
4.38247e-10
5.85957e-10
5.58159e-10
6.29476e-10
4.08125e-10
4.64492e-10
4.43854e-10
5.71051e-10
4.82709e-10
5.15548e-10
5.83441e-10
5.84194e-10
4.19444e-10
5.19678e-10
4.43173e-10
5.10283e-10
5.08854e-10
4.48004e-10
5.45409e-10
5.53084e-10
4.31824e-10
4.68674e-10
4.95797e-10
5.27422e-10
5.81493e-10
5.07122e-10
5.6611e-10
5.60224e-10
5.38143e-10
5.31295e-10
5.20529e-10
5.35e-10
4.68019e-10
5.11321e-10
5.47591e-10
5.4685e-10
4.025e-10
4.83234e-10
5.75953e-10
5.01345e-10
4.87255e-10
5.98015e-10
6.18389e-10
5.87938e-10
4.491e-10
5.23441e-10
5.38003e-10
4.8164e-10
4.57919e-10
5.40454e-10
5.30694e-10
4.10026e-10
4.5726e-10
5.28871e-10
3.95467e-10
5.4057e-10
5.84883e-10
4.81908e-10
5.97859e-10
5.48344e-10
5.57057e-10
4.63678e-10
4.47607e-10
5.76856e-10
5.60525e-10
5.15835e-10
5.13522e-10
6.08691e-10
5.0048e-10
5.10558e-10
5.14352e-10
5.21357e-10
5.62842e-10
4.21773e-10
5.82819e-10
5.67614e-10
5.38029e-10
4.60308e-10
4.64215e-10
4.8704e-10
4.82365e-10
5.57339e-10
5.57532e-10
5.69899e-10
5.18613e-10
4.34276e-10
4.52891e-10
5.86088e-10
5.28931e-10
5.96892e-10
6.21245e-10
5.30871e-10
5.51093e-10
4.69182e-10
5.4672e-10
5.55757e-10
6.05797e-10
5.5991e-10
5.30036e-10
5.61585e-10
5.01869e-10
4.96561e-10
4.63308e-10
5.35217e-10
5.75557e-10
5.50699e-10
5.95816e-10
5.22888e-10
4.20427e-10
5.61108e-10
5.07803e-10
5.20595e-10
6.11633e-10
5.61899e-10
5.15141e-10
6.06307e-10
4.96478e-10
5.4103e-10
5.34394e-10
4.61389e-10
5.34094e-10
5.40759e-10
5.10354e-10
5.76715e-10
4.85191e-10
5.35983e-10
4.5632e-10
5.5363e-10
4.95486e-10
5.0888e-10
5.76781e-10
5.86742e-10
4.40761e-10
4.08273e-10
5.12273e-10
4.86272e-10
5.31382e-10
5.84949e-10
6.00017e-10
6.02413e-10
5.79273e-10
4.79887e-10
4.85139e-10
4.7717e-10
5.19013e-10
5.92421e-10
5.12648e-10
5.7903e-10
5.66269e-10
5.36158e-10
5.11887e-10
4.22975e-10
5.17309e-10
5.29131e-10
5.15878e-10
5.43122e-10
4.46588e-10
5.43812e-10
4.773e-10
4.63719e-10
5.19827e-10
5.83027e-10
5.67549e-10
5.91979e-10
5.11947e-10
5.67252e-10
4.84409e-10
5.15046e-10
4.31503e-10
3.5256e-10
5.73071e-10
6.11171e-10
4.74668e-10
5.65345e-10
4.25534e-10
3.75739e-10
3.60781e-10
5.70819e-10
5.58567e-10
6.3444e-10
4.67029e-10
5.19613e-10
5.34403e-10
4.52077e-10
5.44472e-10
5.28218e-10
5.45421e-10
5.2135e-10
4.81564e-10
5.04019e-10
5.29165e-10
4.52084e-10
3.77933e-10
5.25882e-10
4.83188e-10
6.35993e-10
4.79625e-10
5.19338e-10
5.25631e-10
5.37239e-10
5.49135e-10
5.47293e-10
5.19427e-10
5.52052e-10
4.88053e-10
4.96314e-10
4.81939e-10
4.66575e-10
5.54255e-10
5.44544e-10
5.02517e-10
5.762e-10
4.45539e-10
5.3415e-10
3.3341e-10
5.40998e-10
5.34377e-10
4.91535e-10
4.56512e-10
4.53745e-10
5.32051e-10
4.76849e-10
4.61309e-10
4.55038e-10
5.48643e-10
5.01887e-10
5.14452e-10
5.89237e-10
4.33982e-10
4.9957e-10
5.3693e-10
4.98848e-10
4.66424e-10
5.56454e-10
4.70895e-10
5.82768e-10
3.7875e-10
5.52644e-10
3.63912e-10
4.68803e-10
4.23682e-10
5.13356e-10
5.99105e-10
5.87032e-10
4.19938e-10
4.99627e-10
5.51086e-10
5.68259e-10
5.31783e-10
5.58532e-10
5.14784e-10
3.62354e-10
5.48515e-10
5.69849e-10
5.08493e-10
5.37152e-10
5.39789e-10
3.90326e-10
4.06567e-10
5.87658e-10
4.55418e-10
5.36929e-10
5.01201e-10
5.03747e-10
5.59691e-10
5.07828e-10
5.80164e-10
5.23939e-10
5.02141e-10
5.74191e-10
4.96446e-10
5.09945e-10
5.45545e-10
5.66042e-10
5.0553e-10
5.30949e-10
5.22277e-10
5.12461e-10
1.5684e-10
5.62292e-10
5.53046e-10
5.05439e-10
5.85852e-10
5.90271e-10
5.04835e-10
3.41054e-10
5.04052e-10
5.16551e-10
6.20207e-10
5.12113e-10
4.71924e-10
6.03716e-10
5.38877e-10
5.38384e-10
5.26173e-10
5.122e-10
4.81334e-10
5.2039e-10
4.41167e-10
5.75293e-10
4.81676e-10
5.53039e-10
4.35335e-10
5.73049e-10
5.02757e-10
5.4433e-10
5.97057e-10
5.8737e-10
5.0621e-10
4.83348e-10
5.77644e-10
4.41786e-10
5.36957e-10
4.50851e-10
4.84002e-10
3.33681e-10
5.01664e-10
5.13551e-10
4.8621e-10
4.54106e-10
5.77533e-10
5.05581e-10
4.73942e-10
6.19568e-10
5.32182e-10
4.68209e-10
5.45905e-10
3.52306e-10
5.12216e-10
5.55289e-10
4.66827e-10
6.2649e-10
4.99334e-10
4.95499e-10
5.49899e-10
5.08032e-10
5.86553e-10
4.28883e-10
5.0814e-10
5.91265e-10
5.33889e-10
5.64124e-10
5.05064e-10
5.06361e-10
5.39438e-10
5.72484e-10
5.31882e-10
6.03964e-10
5.36517e-10
4.76609e-10
4.99071e-10
5.60365e-10
3.39277e-10
5.31069e-10
5.63806e-10
6.0146e-10
4.95374e-10
5.11629e-10
5.18012e-10
4.77118e-10
5.07361e-10
5.40777e-10
5.61667e-10
5.52877e-10
4.1e-10
5.53786e-10
4.17022e-10
5.6926e-10
5.72869e-10
5.75721e-10
4.63031e-10
5.88933e-10
4.09375e-10
5.31292e-10
4.90624e-10
5.50958e-10
4.76858e-10
5.09565e-10
5.9289e-10
6.42346e-10
5.38029e-10
4.3464e-10
5.25758e-10
4.9082e-10
6.00559e-10
5.84232e-10
5.53905e-10
5.73562e-10
5.82234e-10
5.0592e-10
5.07523e-10
4.97846e-10
5.95135e-10
5.90631e-10
5.22931e-10
5.969e-10
5.80119e-10
5.39952e-10
5.73226e-10
4.16816e-10
5.52383e-10
5.64141e-10
5.42189e-10
5.67523e-10
4.46067e-10
4.99058e-10
5.72283e-10
4.95901e-10
4.9941e-10
5.08822e-10
5.08401e-10
5.80849e-10
5.34484e-10
4.65719e-10
5.3357e-10
5.44445e-10
5.22318e-10
5.09493e-10
5.20373e-10
5.86366e-10
5.21349e-10
5.78247e-10
4.80158e-10
5.27046e-10
5.2055e-10
5.46431e-10
5.35851e-10
5.63184e-10
5.55701e-10
5.10459e-10
5.54319e-10
4.69547e-10
4.59013e-10
4.8978e-10
5.2568e-10
6.26119e-10
4.89916e-10
5.07213e-10
4.20346e-10
5.04505e-10
4.22896e-10
5.33836e-10
5.55899e-10
5.18593e-10
4.73736e-10
5.00404e-10
5.18837e-10
5.68354e-10
5.39371e-10
5.1017e-10
5.83939e-10
6.31681e-10
5.45242e-10
5.0122e-10
4.17563e-10
5.6777e-10
4.95062e-10
5.03495e-10
5.21869e-10
6.33338e-10
3.75625e-10
5.31815e-10
5.14219e-10
5.73174e-10
4.49079e-10
5.2776e-10
5.79711e-10
6.05861e-10
4.80663e-10
4.93142e-10
5.62666e-10
4.42456e-10
4.59989e-10
5.14639e-10
4.99201e-10
5.30763e-10
5.06395e-10
4.79222e-10
4.0394e-10
4.84857e-10
4.63534e-10
4.93477e-10
5.65279e-10
5.96732e-10
4.89088e-10
5.76038e-10
5.40797e-10
4.04804e-10
5.09934e-10
5.4531e-10
5.31269e-10
6.06713e-10
5.52223e-10
5.2058e-10
5.34293e-10
5.68489e-10
5.03736e-10
4.6152e-10
5.50104e-10
5.24627e-10
5.46842e-10
5.51534e-10
5.76459e-10
5.09935e-10
5.54785e-10
5.45717e-10
5.24144e-10
5.51946e-10
4.54358e-10
2.97219e-10
5.20337e-10
5.35716e-10
4.96789e-10
5.5911e-10
5.25288e-10
6.32297e-10
4.59785e-10
4.88609e-10
5.52461e-10
4.51287e-10
5.46199e-10
5.01808e-10
3.80544e-10
6.19811e-10
5.65482e-10
5.5285e-10
4.41638e-10
5.3942e-10
4.47715e-10
4.61057e-10
5.39764e-10
6.17713e-10
4.45005e-10
4.97931e-10
5.37014e-10
5.22277e-10
5.16067e-10
5.94739e-10
4.89448e-10
5.83908e-10
4.63736e-10
4.16795e-10
5.3333e-10
4.97995e-10
5.02685e-10
4.4415e-10
5.72273e-10
6.18978e-10
5.12267e-10
5.06881e-10
5.64951e-10
3.73838e-10
4.28172e-10
5.90215e-10
6.03103e-10
4.73289e-10
3.7875e-10
4.61455e-10
4.04116e-10
5.37014e-10
3.88107e-10
5.37499e-10
5.7743e-10
6.39132e-10
5.82421e-10
5.28345e-10
5.42172e-10
5.46049e-10
1.2142e-10
5.39467e-10
5.50506e-10
4.12261e-10
5.53989e-10
5.69255e-10
5.7206e-10
5.1598e-10
4.77064e-10
5.38552e-10
5.2411e-10
5.979e-10
5.32445e-10
4.9897e-10
5.05553e-10
5.45306e-10
5.49938e-10
6.00408e-10
5.71559e-10
6.04965e-10
4.26304e-10
5.33505e-10
5.481e-10
3.79054e-10
5.75085e-10
5.4155e-10
5.34304e-10
5.02695e-10
4.77712e-10
5.31521e-10
5.49744e-10
4.74682e-10
3.95193e-10
5.85688e-10
5.41068e-10
5.23068e-10
4.72506e-10
5.17067e-10
4.96549e-10
5.26434e-10
5.55207e-10
5.03667e-10
5.47814e-10
6.43208e-10
5.70598e-10
4.68747e-10
5.46605e-10
4.28827e-10
4.8647e-10
5.19907e-10
5.33705e-10
5.92552e-10
5.70166e-10
4.65225e-10
5.87904e-10
4.48522e-10
4.63561e-10
3.72835e-10
5.11223e-10
4.39505e-10
5.35467e-10
3.43145e-10
5.38074e-10
5.10548e-10
6.12124e-10
5.86731e-10
5.75514e-10
4.99917e-10
5.71803e-10
5.38106e-10
5.29946e-10
5.51786e-10
4.55321e-10
4.89729e-10
5.60728e-10
5.7203e-10
4.64584e-10
4.87192e-10
5.42225e-10
4.10957e-10
5.33947e-10
5.32002e-10
5.5486e-10
6.38284e-10
4.39552e-10
5.51138e-10
4.65643e-10
3.85702e-10
5.2759e-10
5.06445e-10
5.21607e-10
5.80371e-10
3.5875e-10
3.74741e-10
5.37185e-10
3.75397e-10
5.37088e-10
5.18989e-10
5.26567e-10
5.54012e-10
5.2811e-10
4.38046e-10
4.86979e-10
4.43408e-10
5.43587e-10
5.79257e-10
5.68456e-10
6.10721e-10
5.42362e-10
5.5181e-10
5.45192e-10
5.33451e-10
4.78248e-10
4.58383e-10
6.022e-10
5.99525e-10
5.21646e-10
4.50686e-10
4.99068e-10
4.9277e-10
5.23715e-10
4.07199e-10
5.76094e-10
5.80938e-10
5.44e-10
4.511e-10
4.60138e-10
4.89116e-10
4.73283e-10
4.02853e-10
5.9835e-10
5.30593e-10
4.05e-10
5.14725e-10
4.89575e-10
3.42697e-10
5.5783e-10
5.26787e-10
5.31039e-10
5.98714e-10
4.40161e-10
5.64099e-10
5.26571e-10
5.59171e-10
3.52181e-10
4.17298e-10
5.23986e-10
4.7567e-10
5.32608e-10
4.84881e-10
5.30802e-10
5.79796e-10
4.77541e-10
4.6754e-10
6.01525e-10
6.16816e-10
5.38e-10
4.98427e-10
5.34903e-10
6.00583e-10
4.43952e-10
5.44471e-10
5.41404e-10
5.15961e-10
4.51468e-10
5.60156e-10
4.06817e-10
5.18248e-10
5.00648e-10
5.38852e-10
5.09338e-10
5.42461e-10
5.20876e-10
5.2915e-10
5.33851e-10
5.37196e-10
5.15316e-10
5.17166e-10
5.32864e-10
5.95289e-10
4.93075e-10
5.57828e-10
4.66663e-10
5.01486e-10
5.47965e-10
5.60201e-10
5.93204e-10
5.971e-10
4.88053e-10
4.62378e-10
4.8748e-10
4.791e-10
4.77979e-10
4.39344e-10
4.98072e-10
5.71042e-10
4.92479e-10
4.86227e-10
5.55876e-10
4.99371e-10
5.02727e-10
5.44193e-10
5.86971e-10
6.03784e-10
5.18384e-10
5.62413e-10
4.79812e-10
5.42475e-10
5.02294e-10
5.00517e-10
4.76698e-10
4.54433e-10
5.67013e-10
5.2097e-10
5.41661e-10
4.75054e-10
5.26873e-10
4.4546e-10
5.47919e-10
5.93005e-10
5.40198e-10
5.54545e-10
5.73388e-10
1.86473e-10
5.31059e-10
4.19111e-10
6.03122e-10
5.25659e-10
4.26304e-10
4.64964e-10
3.39799e-10
5.00187e-10
5.99417e-10
5.2564e-10
5.01314e-10
5.50821e-10
5.26783e-10
5.13289e-10
5.49866e-10
5.79028e-10
4.92403e-10
4.93648e-10
5.66671e-10
5.23514e-10
5.27267e-10
4.40446e-10
4.94093e-10
4.57441e-10
5.40008e-10
5.63815e-10
4.78562e-10
5.60185e-10
4.39245e-10
4.96172e-10
5.46664e-10
5.39611e-10
5.17421e-10
5.61349e-10
4.47842e-10
5.92749e-10
4.97401e-10
5.54255e-10
4.70135e-10
5.34042e-10
5.30077e-10
5.32106e-10
5.12639e-10
6.25035e-10
5.0952e-10
4.17885e-10
4.40909e-10
5.1426e-10
5.05794e-10
4.77678e-10
5.38382e-10
5.09341e-10
4.88432e-10
4.75717e-10
5.63334e-10
5.4518e-10
4.96968e-10
4.80535e-10
5.11571e-10
6.0956e-10
5.24827e-10
4.83431e-10
5.30982e-10
5.56715e-10
3.55508e-10
5.11149e-10
5.97684e-10
5.54711e-10
5.03147e-10
5.15863e-10
4.35518e-10
4.00614e-10
5.66078e-10
5.7227e-10
4.31445e-10
5.89215e-10
4.82228e-10
4.49482e-10
5.69743e-10
5.88765e-10
4.63357e-10
4.7268e-10
5.41596e-10
5.66977e-10
5.19291e-10
5.4489e-10
3.43761e-10
4.89626e-10
5.79768e-10
5.21964e-10
5.1198e-10
5.86291e-10
5.27525e-10
4.56361e-10
4.93101e-10
4.23456e-10
5.05254e-10
4.93575e-10
4.92128e-10
5.96992e-10
4.20909e-10
5.54077e-10
4.72591e-10
5.03447e-10
6.13857e-10
5.69322e-10
4.89972e-10
6.06807e-10
4.5349e-10
5.1119e-10
4.84416e-10
4.96795e-10
5.63225e-10
5.34998e-10
5.57536e-10
6.05142e-10
4.52153e-10
4.37648e-10
3.07369e-10
5.66967e-10
5.40274e-10
5.4181e-10
5.53468e-10
5.86642e-10
5.69101e-10
5.4561e-10
5.63552e-10
5.5943e-10
4.31666e-10
5.71345e-10
5.28695e-10
5.14128e-10
5.08368e-10
5.16684e-10
4.24401e-10
5.64866e-10
5.07409e-10
5.3576e-10
5.35429e-10
5.06677e-10
4.9046e-10
5.6527e-10
5.17118e-10
4.97955e-10
3.61157e-10
5.5933e-10
4.95892e-10
5.70794e-10
5.1534e-10
4.76886e-10
4.13269e-10
4.77464e-10
5.14805e-10
3.75836e-10
5.29099e-10
5.61085e-10
5.8857e-10
4.82648e-10
3.23275e-10
4.26819e-10
5.71131e-10
5.48848e-10
4.82361e-10
5.72971e-10
5.11786e-10
5.07889e-10
4.65671e-10
5.33074e-10
5.18639e-10
5.1839e-10
5.28922e-10
5.54389e-10
4.79973e-10
5.20469e-10
5.30471e-10
4.4677e-10
5.64872e-10
5.98687e-10
4.64952e-10
5.49589e-10
4.84677e-10
5.60557e-10
5.04987e-10
4.03896e-10
5.13549e-10
3.92496e-10
5.49094e-10
6.20065e-10
5.329e-10
4.38578e-10
4.38478e-10
5.51997e-10
4.96632e-10
4.75895e-10
5.19714e-10
4.98349e-10
5.31952e-10
5.18613e-10
5.42764e-10
5.68541e-10
5.48116e-10
5.35974e-10
6.2376e-10
6.14964e-10
4.48362e-10
5.70529e-10
4.34311e-10
4.08404e-10
4.84393e-10
5.461e-10
5.64748e-10
6.16348e-10
5.21349e-10
4.89309e-10
5.40801e-10
5.61302e-10
4.71421e-10
4.61269e-10
5.42449e-10
5.16712e-10
4.64752e-10
4.75615e-10
5.50797e-10
5.67404e-10
5.56596e-10
5.24115e-10
4.54124e-10
5.85694e-10
4.90729e-10
5.78305e-10
4.85377e-10
5.64753e-10
5.71795e-10
5.95108e-10
5.67532e-10
5.84285e-10
4.5825e-10
5.00865e-10
5.33358e-10
5.49807e-10
5.70838e-10
5.53511e-10
4.99481e-10
6.17142e-10
5.75981e-10
4.39178e-10
5.3112e-10
5.58938e-10
5.38288e-10
5.27774e-10
5.97826e-10
5.70705e-10
5.05591e-10
4.80267e-10
5.67669e-10
4.73211e-10
5.35693e-10
4.7556e-10
5.80265e-10
5.79045e-10
4.40161e-10
5.55013e-10
5.20852e-10
5.50294e-10
4.97205e-10
5.08256e-10
5.45992e-10
5.58569e-10
5.07423e-10
5.60598e-10
5.69421e-10
4.9872e-10
4.5923e-10
4.68788e-10
5.71911e-10
5.79205e-10
5.19649e-10
4.93253e-10
5.3369e-10
5.3253e-10
5.917e-10
5.19044e-10
5.76243e-10
5.66561e-10
4.37349e-10
5.58147e-10
5.75818e-10
5.01165e-10
5.26793e-10
5.92474e-10
3.87155e-10
6.32893e-10
5.37627e-10
4.29579e-10
5.43195e-10
5.40319e-10
4.5157e-10
5.15361e-10
5.44909e-10
6.22045e-10
4.88808e-10
4.48613e-10
5.34164e-10
5.3267e-10
5.46425e-10
5.19004e-10
5.57915e-10
5.0826e-10
5.39294e-10
4.33943e-10
5.33949e-10
3.98496e-10
5.45035e-10
4.57268e-10
4.79769e-10
5.38761e-10
4.88808e-10
5.26826e-10
5.31517e-10
5.37623e-10
5.71881e-10
5.73976e-10
5.99819e-10
5.9462e-10
4.09375e-10
4.39619e-10
5.28117e-10
5.63142e-10
4.89931e-10
4.11701e-10
5.61609e-10
5.31744e-10
4.21858e-10
5.82088e-10
5.34171e-10
5.3438e-10
4.46638e-10
5.58144e-10
5.01796e-10
5.74268e-10
5.04515e-10
5.23962e-10
4.78188e-10
4.58274e-10
5.54143e-10
5.71636e-10
4.78824e-10
5.66033e-10
4.77467e-10
4.65706e-10
5.07817e-10
5.89858e-10
5.21749e-10
5.8281e-10
4.44467e-10
2.71709e-10
4.84366e-10
5.6259e-10
4.85307e-10
5.48622e-10
5.39212e-10
4.56473e-10
5.64336e-10
5.97398e-10
4.56655e-10
5.34854e-10
5.29127e-10
4.73964e-10
5.31525e-10
5.71261e-10
4.96779e-10
6.36824e-10
5.51135e-10
4.93971e-10
4.95038e-10
4.77108e-10
4.19923e-10
4.17514e-10
5.82931e-10
5.37805e-10
3.95e-10
4.25333e-10
4.14486e-10
5.08842e-10
5.60838e-10
5.23723e-10
5.68956e-10
6.03888e-10
5.45457e-10
5.10205e-10
4.72386e-10
4.50542e-10
5.24003e-10
5.4839e-10
5.40619e-10
6.14842e-10
5.5352e-10
5.71665e-10
4.0082e-10
5.87156e-10
4.44575e-10
5.48069e-10
5.46472e-10
5.33392e-10
4.73736e-10
4.3578e-10
4.60403e-10
5.15446e-10
5.06862e-10
4.27768e-10
5.03604e-10
4.86375e-10
5.26141e-10
4.22582e-10
4.84906e-10
4.27899e-10
5.23787e-10
5.84767e-10
5.59949e-10
6.03588e-10
5.13109e-10
5.6832e-10
5.18652e-10
5.13481e-10
4.65588e-10
5.07605e-10
5.58577e-10
5.52007e-10
4.36697e-10
5.2097e-10
5.5986e-10
4.47294e-10
4.63483e-10
5.07768e-10
6.17908e-10
6.29023e-10
5.67324e-10
5.00882e-10
5.49035e-10
4.47832e-10
5.83176e-10
4.73573e-10
5.50604e-10
5.68313e-10
5.26708e-10
4.95888e-10
5.76294e-10
4.59277e-10
5.61843e-10
6.12439e-10
4.26496e-10
4.88692e-10
5.56695e-10
4.82086e-10
3.9882e-10
5.54258e-10
5.20408e-10
5.47314e-10
5.72881e-10
5.73562e-10
5.40089e-10
5.13786e-10
5.48093e-10
5.48259e-10
4.30025e-10
4.34387e-10
4.97628e-10
5.30921e-10
5.31083e-10
5.63406e-10
5.00897e-10
3.99728e-10
5.51262e-10
5.47349e-10
5.33311e-10
6.25912e-10
5.38793e-10
4.89868e-10
3.21833e-10
4.74225e-10
5.33157e-10
4.78995e-10
5.38862e-10
6.37921e-10
5.51446e-10
4.39727e-10
5.80191e-10
4.61825e-10
5.16028e-10
4.11222e-10
5.05662e-10
5.39525e-10
5.45553e-10
3.65564e-10
5.40417e-10
5.36431e-10
3.64732e-10
4.61173e-10
5.5853e-10
5.66317e-10
5.56494e-10
5.47908e-10
4.89779e-10
5.28874e-10
3.74758e-10
5.03716e-10
5.83488e-10
5.63257e-10
5.51259e-10
4.32177e-10
5.45094e-10
3.92038e-10
4.84883e-10
4.88306e-10
5.84481e-10
5.7416e-10
4.72367e-10
4.74832e-10
5.42919e-10
4.68514e-10
4.46699e-10
5.81492e-10
4.39539e-10
6.33117e-10
5.382e-10
4.27937e-10
5.56109e-10
5.59624e-10
5.48413e-10
5.92425e-10
4.28434e-10
5.14182e-10
5.13317e-10
5.43641e-10
3.97163e-10
4.97857e-10
5.47773e-10
4.97333e-10
5.42682e-10
6.1801e-10
4.64918e-10
5.09642e-10
4.19382e-10
5.62701e-10
4.27733e-10
5.18391e-10
5.90341e-10
5.56133e-10
5.8117e-10
5.16605e-10
5.05379e-10
4.71201e-10
4.92034e-10
3.5831e-10
5.407e-10
6.19662e-10
5.09006e-10
4.81141e-10
5.44093e-10
5.73923e-10
5.65364e-10
5.23495e-10
6.17329e-10
5.05883e-10
5.15438e-10
5.08427e-10
5.25041e-10
5.05303e-10
5.79507e-10
5.72652e-10
5.70146e-10
5.74689e-10
4.77467e-10
5.28767e-10
4.58617e-10
4.64268e-10
5.23114e-10
4.66299e-10
5.43257e-10
6.26724e-10
5.61467e-10
5.23754e-10
6.01458e-10
4.93643e-10
5.49099e-10
4.83336e-10
5.75414e-10
5.1894e-10
5.04643e-10
4.19017e-10
5.2118e-10
5.47962e-10
5.54645e-10
5.29126e-10
5.19628e-10
5.52476e-10
4.79858e-10
4.49042e-10
5.13817e-10
4.49151e-10
4.95905e-10
4.63064e-10
5.80851e-10
4.82394e-10
5.20398e-10
4.45879e-10
5.15283e-10
5.35911e-10
4.60371e-10
5.65719e-10
6.31199e-10
6.26036e-10
5.0952e-10
4.24596e-10
5.1517e-10
5.49987e-10
3.20651e-10
6.11866e-10
4.82666e-10
4.66717e-10
4.67029e-10
5.08289e-10
5.64426e-10
5.93049e-10
4.99805e-10
5.85207e-10
6.11942e-10
4.94653e-10
5.11947e-10
4.6638e-10
5.28955e-10
5.43406e-10
4.72368e-10
5.47258e-10
6.00622e-10
5.52132e-10
5.07957e-10
5.42968e-10
3.9484e-10
5.52462e-10
4.71042e-10
5.44233e-10
4.91957e-10
6.36441e-10
5.1956e-10
5.22863e-10
5.34885e-10
5.5131e-10
4.76047e-10
6.05576e-10
5.31466e-10
6.01499e-10
4.54572e-10
5.19201e-10
5.11597e-10
4.10857e-10
5.07351e-10
4.99344e-10
5.38564e-10
5.72769e-10
3.75625e-10
4.99948e-10
4.4185e-10
5.41422e-10
5.47838e-10
4.7981e-10
5.5502e-10
4.02522e-10
5.51342e-10
5.29617e-10
4.82807e-10
5.443e-10
5.69471e-10
5.57844e-10
5.92718e-10
5.08737e-10
3.78125e-10
5.47804e-10
5.55919e-10
5.52645e-10
5.08225e-10
5.58495e-10
5.66045e-10
5.79575e-10
4.93993e-10
4.34511e-10
4.91151e-10
4.27922e-10
5.28829e-10
5.86442e-10
5.75811e-10
5.42858e-10
5.83138e-10
5.51665e-10
5.0292e-10
4.06263e-10
5.66729e-10
5.37481e-10
5.82296e-10
5.78419e-10
4.88714e-10
4.71914e-10
5.42093e-10
4.86557e-10
5.06586e-10
5.0037e-10
5.74217e-10
5.53574e-10
5.55514e-10
4.9934e-10
5.37022e-10
4.45614e-10
5.08799e-10
4.08963e-10
3.74205e-10
4.73983e-10
5.22651e-10
4.94856e-10
5.28924e-10
5.18563e-10
5.44047e-10
5.90818e-10
4.5084e-10
5.93681e-10
5.83833e-10
4.66536e-10
4.86481e-10
5.33125e-10
5.30974e-10
4.64255e-10
5.19658e-10
5.69097e-10
4.0625e-10
5.404e-10
3.77424e-10
5.34853e-10
4.8231e-10
5.90698e-10
5.33505e-10
5.11666e-10
5.34422e-10
4.39658e-10
4.9421e-10
5.72951e-10
5.08178e-10
5.73394e-10
5.63922e-10
5.94137e-10
5.37627e-10
4.1132e-10
4.00329e-10
4.19242e-10
5.17704e-10
4.87804e-10
5.54211e-10
6.19044e-10
5.69477e-10
5.42416e-10
5.64475e-10
4.6168e-10
4.48622e-10
5.26038e-10
5.44066e-10
5.41906e-10
4.58054e-10
4.91266e-10
3.7257e-10
4.92211e-10
5.22078e-10
5.68525e-10
5.25363e-10
5.68974e-10
5.24788e-10
5.52786e-10
5.03212e-10
5.11939e-10
4.84306e-10
4.835e-10
4.04085e-10
5.77222e-10
4.59024e-10
5.13816e-10
4.02809e-10
5.56004e-10
5.25433e-10
6.0405e-10
5.2198e-10
6.30611e-10
5.36694e-10
5.47035e-10
5.53123e-10
5.22494e-10
5.16841e-10
5.13344e-10
5.57461e-10
5.47309e-10
5.33413e-10
5.29262e-10
5.62643e-10
5.32092e-10
4.07005e-10
5.64389e-10
5.4585e-10
5.71827e-10
5.21815e-10
5.34499e-10
5.48774e-10
4.72096e-10
5.42696e-10
5.56749e-10
6.15837e-10
5.19085e-10
5.41082e-10
5.20133e-10
5.4881e-10
5.24208e-10
5.23929e-10
5.60716e-10
5.71634e-10
5.25031e-10
4.69635e-10
5.63143e-10
4.98575e-10
2.37435e-10
5.36406e-10
5.50454e-10
5.33929e-10
5.92128e-10
5.26407e-10
4.96578e-10
4.91552e-10
4.72823e-10
4.63824e-10
5.53068e-10
4.63077e-10
5.71804e-10
4.43638e-10
4.39076e-10
5.52959e-10
4.03583e-10
5.34708e-10
5.89425e-10
5.63844e-10
5.81916e-10
4.05625e-10
5.14042e-10
5.21579e-10
4.02155e-10
3.70299e-10
5.58276e-10
5.1039e-10
5.69516e-10
5.10252e-10
4.556e-10
5.55236e-10
3.92519e-10
5.06072e-10
5.36061e-10
4.63586e-10
4.72414e-10
5.22068e-10
4.93931e-10
5.19304e-10
5.31136e-10
5.42945e-10
5.5077e-10
5.82595e-10
5.94116e-10
4.31079e-10
3.52434e-10
5.21541e-10
4.70593e-10
4.66236e-10
4.40062e-10
4.9897e-10
6.11394e-10
4.69635e-10
4.97636e-10
4.65489e-10
5.2981e-10
5.56239e-10
5.18239e-10
5.81695e-10
5.04444e-10
5.56329e-10
5.49748e-10
5.13916e-10
4.68226e-10
5.12309e-10
5.57764e-10
5.7631e-10
6.00786e-10
5.2211e-10
5.33261e-10
5.47457e-10
5.43955e-10
5.81083e-10
5.6316e-10
5.52145e-10
3.48568e-10
4.98749e-10
5.53912e-10
5.3124e-10
5.34427e-10
5.48784e-10
5.55506e-10
5.58635e-10
5.05976e-10
4.66551e-10
5.58651e-10
4.05893e-10
3.9393e-10
4.77747e-10
5.34836e-10
5.24075e-10
6.01458e-10
4.46588e-10
5.17835e-10
3.39504e-10
3.94738e-10
5.24872e-10
5.0568e-10
4.94519e-10
6.11552e-10
4.93745e-10
5.20194e-10
5.16248e-10
5.25672e-10
5.45971e-10
5.11364e-10
4.47564e-10
6.19347e-10
4.68734e-10
3.82417e-10
5.47259e-10
5.58195e-10
5.55743e-10
4.70374e-10
5.08839e-10
4.42143e-10
5.31117e-10
4.16036e-10
4.9858e-10
4.04565e-10
5.48332e-10
5.54115e-10
5.62941e-10
6.02934e-10
4.03125e-10
3.79056e-10
5.07336e-10
5.34937e-10
5.56707e-10
4.69125e-10
5.66889e-10
5.31163e-10
4.89825e-10
5.4931e-10
5.49757e-10
5.64072e-10
4.54575e-10
5.92938e-10
5.57641e-10
5.50147e-10
4.44464e-10
5.49098e-10
5.40815e-10
5.17549e-10
6.17419e-10
5.67044e-10
5.7666e-10
5.76767e-10
4.82447e-10
5.01909e-10
4.4476e-10
2.98564e-10
5.07327e-10
5.99784e-10
6.00923e-10
2.92694e-10
4.46067e-10
5.09347e-10
3.93496e-10
3.73811e-10
5.37348e-10
5.01243e-10
4.57349e-10
5.14658e-10
4.50772e-10
4.09323e-10
3.36331e-10
5.68399e-10
5.60068e-10
5.19946e-10
5.73624e-10
5.55216e-10
4.76471e-10
5.20804e-10
5.58018e-10
4.56215e-10
5.03309e-10
5.3029e-10
5.04683e-10
5.97597e-10
5.8017e-10
5.67711e-10
5.57392e-10
5.54027e-10
5.35991e-10
3.7821e-10
6.02542e-10
5.53049e-10
4.89366e-10
4.703e-10
4.87377e-10
4.46058e-10
5.04601e-10
4.84587e-10
6.05928e-10
6.13813e-10
4.1e-10
4.71609e-10
5.49038e-10
5.49748e-10
5.19993e-10
5.37112e-10
6.09627e-10
5.88235e-10
5.45338e-10
4.81611e-10
5.60418e-10
5.56083e-10
5.72177e-10
5.34975e-10
5.7507e-10
5.90441e-10
4.6525e-10
4.13195e-10
4.79317e-10
4.69421e-10
5.6838e-10
5.95889e-10
5.16055e-10
6.05679e-10
4.26723e-10
5.23164e-10
5.34998e-10
4.447e-10
5.18299e-10
5.16168e-10
5.23045e-10
5.4137e-10
4.48362e-10
5.12575e-10
5.59333e-10
4.52216e-10
5.40418e-10
5.26386e-10
5.81257e-10
5.5313e-10
5.21134e-10
5.18217e-10
5.30356e-10
4.75872e-10
4.98146e-10
5.29863e-10
5.86455e-10
4.9157e-10
5.29113e-10
4.69159e-10
5.24306e-10
4.34729e-10
5.08395e-10
6.19093e-10
5.65231e-10
5.30837e-10
3.7125e-10
4.42619e-10
5.05345e-10
4.9937e-10
4.92728e-10
5.421e-10
4.14983e-10
5.53771e-10
4.9823e-10
5.67342e-10
4.46791e-10
5.11003e-10
4.38637e-10
3.90875e-10
5.3518e-10
6.51523e-10
4.20909e-10
5.25637e-10
4.98024e-10
5.34939e-10
5.81683e-10
4.94919e-10
5.36608e-10
5.91663e-10
4.97855e-10
5.25576e-10
5.07935e-10
5.53385e-10
4.83042e-10
5.03532e-10
5.35565e-10
5.02872e-10
5.26027e-10
5.78639e-10
3.27733e-10
5.28427e-10
4.9619e-10
4.30914e-10
4.95433e-10
5.95561e-10
4.32917e-10
5.413e-10
5.42588e-10
4.38299e-10
4.20045e-10
4.40659e-10
4.67894e-10
3.90103e-10
4.93827e-10
5.27254e-10
5.66465e-10
5.20626e-10
5.27288e-10
4.65366e-10
4.6765e-10
6.30571e-10
5.22527e-10
4.49573e-10
5.03583e-10
4.49487e-10
5.49925e-10
5.40133e-10
5.73648e-10
5.73005e-10
4.95294e-10
4.93433e-10
4.45486e-10
5.3924e-10
5.57173e-10
5.96292e-10
4.97565e-10
5.95258e-10
