6.51908e-10
5.98553e-10
6.75122e-10
5.62666e-10
6.06853e-10
6.31351e-10
6.3391e-10
6.65424e-10
6.38353e-10
5.86869e-10
5.59744e-10
6.01036e-10
6.6317e-10
6.13246e-10
6.70079e-10
6.93352e-10
5.57582e-10
5.23412e-10
6.52682e-10
6.40856e-10
6.52704e-10
6.30503e-10
6.84402e-10
6.92515e-10
5.79135e-10
5.68582e-10
5.94072e-10
6.05048e-10
5.10707e-10
6.34988e-10
6.42202e-10
6.66595e-10
5.63378e-10
5.48026e-10
5.75439e-10
6.53818e-10
6.65314e-10
6.32176e-10
6.95207e-10
6.64332e-10
5.29443e-10
5.97751e-10
5.99796e-10
5.85323e-10
5.97449e-10
5.74577e-10
5.4066e-10
7.13822e-10
6.09421e-10
6.89378e-10
5.24191e-10
6.45173e-10
5.61691e-10
6.81433e-10
5.78463e-10
6.65659e-10
6.62247e-10
6.53637e-10
6.17323e-10
6.14155e-10
6.68278e-10
6.55968e-10
6.76892e-10
4.96505e-10
6.04104e-10
5.49638e-10
6.2892e-10
6.32584e-10
6.32643e-10
6.7993e-10
6.32509e-10
7.37359e-10
6.47762e-10
4.59097e-10
6.43288e-10
6.83185e-10
6.65647e-10
5.84868e-10
6.26718e-10
6.83107e-10
5.73962e-10
6.631e-10
5.44627e-10
5.42524e-10
6.13619e-10
6.89966e-10
6.94106e-10
6.56348e-10
5.71748e-10
6.39536e-10
4.56888e-10
6.32199e-10
6.23485e-10
5.88849e-10
5.85062e-10
6.10509e-10
5.74557e-10
5.88368e-10
6.78668e-10
6.29131e-10
5.42429e-10
6.42918e-10
6.17523e-10
6.67518e-10
5.53866e-10
5.77216e-10
5.73745e-10
5.85945e-10
5.96928e-10
5.574e-10
5.48595e-10
5.92908e-10
5.91792e-10
5.83637e-10
6.36918e-10
6.34335e-10
6.71433e-10
6.88216e-10
6.819e-10
7.22121e-10
6.64179e-10
6.15902e-10
6.60269e-10
6.73588e-10
6.19243e-10
6.28034e-10
5.90014e-10
6.16672e-10
5.8297e-10
6.20257e-10
5.53117e-10
5.31098e-10
5.84069e-10
5.50352e-10
6.65499e-10
7.38184e-10
4.81719e-10
5.09368e-10
5.62446e-10
6.02077e-10
5.86222e-10
5.75256e-10
5.91798e-10
6.67312e-10
5.83639e-10
5.21799e-10
5.05202e-10
5.66323e-10
6.4054e-10
5.8981e-10
6.06906e-10
5.98551e-10
6.37843e-10
6.38241e-10
5.98492e-10
6.84357e-10
6.85182e-10
5.67616e-10
6.73053e-10
5.44465e-10
6.52775e-10
6.60062e-10
6.64381e-10
5.99229e-10
6.08411e-10
6.88712e-10
6.77143e-10
5.32728e-10
6.51467e-10
6.1982e-10
5.86332e-10
6.66662e-10
6.39679e-10
6.87318e-10
6.72967e-10
6.94149e-10
5.79556e-10
5.61654e-10
6.59866e-10
5.79157e-10
5.55366e-10
6.46201e-10
5.96437e-10
6.58364e-10
5.68736e-10
6.4834e-10
6.37884e-10
6.40299e-10
6.39461e-10
6.64467e-10
6.00592e-10
7.01612e-10
6.39502e-10
6.24769e-10
6.55761e-10
5.45983e-10
6.50392e-10
6.0157e-10
7.12731e-10
6.67749e-10
5.78923e-10
5.82372e-10
5.83311e-10
6.68178e-10
5.70988e-10
5.82311e-10
6.20678e-10
6.73375e-10
6.1194e-10
5.34922e-10
6.29492e-10
6.11958e-10
6.08731e-10
5.84589e-10
6.22471e-10
6.97091e-10
6.2974e-10
5.98175e-10
6.02422e-10
6.13501e-10
6.31324e-10
6.35306e-10
6.44379e-10
6.55411e-10
6.35658e-10
6.08724e-10
6.32387e-10
6.10254e-10
5.92798e-10
6.72634e-10
6.64643e-10
6.15447e-10
6.07171e-10
6.046e-10
5.38692e-10
6.3936e-10
6.34042e-10
6.34085e-10
6.64366e-10
6.79248e-10
6.16902e-10
6.26316e-10
6.20857e-10
5.96573e-10
6.32982e-10
6.605e-10
6.56591e-10
6.73479e-10
6.85132e-10
6.54311e-10
5.36161e-10
6.67839e-10
6.28846e-10
6.93179e-10
5.48414e-10
7.61895e-10
6.48877e-10
6.18042e-10
6.5822e-10
5.39815e-10
5.52746e-10
6.52267e-10
6.37614e-10
7.04497e-10
6.02027e-10
6.65392e-10
6.19466e-10
6.51368e-10
6.39119e-10
7.10531e-10
7.12669e-10
6.58108e-10
6.19216e-10
5.66252e-10
5.49982e-10
6.04923e-10
6.08647e-10
5.4095e-10
5.93953e-10
7.06585e-10
5.43797e-10
5.44365e-10
5.59776e-10
6.43299e-10
6.79351e-10
6.18332e-10
6.49952e-10
6.08944e-10
6.23888e-10
4.67121e-10
5.10358e-10
6.63273e-10
4.73138e-10
6.72962e-10
6.32603e-10
7.09917e-10
5.37381e-10
5.92183e-10
6.08543e-10
6.55453e-10
6.08782e-10
6.42774e-10
4.76835e-10
7.24525e-10
6.14987e-10
6.73079e-10
6.71331e-10
6.2041e-10
6.50222e-10
6.10456e-10
5.9425e-10
6.89145e-10
5.8639e-10
6.02513e-10
5.48776e-10
5.51776e-10
6.69502e-10
6.77449e-10
6.34378e-10
5.21887e-10
5.94651e-10
5.56861e-10
6.44456e-10
6.35992e-10
6.65881e-10
6.61225e-10
5.98075e-10
7.03552e-10
5.33124e-10
6.68888e-10
6.0207e-10
5.93243e-10
6.57011e-10
5.83444e-10
6.31099e-10
5.48372e-10
6.25056e-10
5.78359e-10
6.01766e-10
6.37393e-10
6.25458e-10
6.65712e-10
6.91642e-10
7.06745e-10
6.23563e-10
6.22604e-10
6.36167e-10
5.10759e-10
6.8022e-10
7.04792e-10
6.72187e-10
7.49169e-10
6.16259e-10
5.73128e-10
6.29818e-10
6.75088e-10
6.53088e-10
6.06407e-10
6.15409e-10
6.56787e-10
4.62969e-10
5.35954e-10
5.7175e-10
5.39735e-10
6.85556e-10
6.35373e-10
7.33783e-10
7.1613e-10
5.82289e-10
5.33325e-10
6.39908e-10
6.22029e-10
6.04987e-10
5.74715e-10
6.76087e-10
7.23773e-10
6.62032e-10
6.13632e-10
6.35434e-10
6.91481e-10
6.27141e-10
5.33542e-10
6.17191e-10
7.1855e-10
5.58287e-10
4.77801e-10
4.73172e-10
5.92865e-10
5.43562e-10
6.47088e-10
6.42404e-10
6.40513e-10
6.3124e-10
5.50686e-10
5.98283e-10
6.45926e-10
6.67185e-10
5.76095e-10
6.20211e-10
6.4186e-10
6.50816e-10
5.24303e-10
6.26748e-10
6.59029e-10
6.84461e-10
6.81025e-10
6.79372e-10
5.14967e-10
5.53476e-10
5.28848e-10
5.81956e-10
5.02432e-10
6.59335e-10
6.1684e-10
6.44795e-10
6.92571e-10
5.686e-10
6.17081e-10
5.44615e-10
6.74223e-10
6.43006e-10
6.74765e-10
6.86723e-10
6.16729e-10
6.39502e-10
5.37787e-10
6.73759e-10
6.19767e-10
6.80942e-10
6.17816e-10
5.72091e-10
6.24423e-10
5.94941e-10
6.27661e-10
6.43044e-10
5.6091e-10
5.87224e-10
6.76751e-10
5.046e-10
6.9841e-10
6.33975e-10
6.12145e-10
6.13124e-10
6.3603e-10
6.61143e-10
6.18613e-10
6.74021e-10
6.88355e-10
5.4254e-10
5.58635e-10
6.44697e-10
5.66993e-10
5.7278e-10
6.8915e-10
6.35516e-10
5.95152e-10
5.9594e-10
6.45949e-10
5.70391e-10
6.24899e-10
6.66892e-10
5.6308e-10
6.36833e-10
6.59565e-10
6.25852e-10
5.44559e-10
6.3171e-10
5.89865e-10
6.32505e-10
6.70799e-10
6.73219e-10
7.11667e-10
6.35086e-10
6.19906e-10
6.38684e-10
6.14586e-10
6.63612e-10
6.7576e-10
6.56776e-10
5.97756e-10
5.9807e-10
5.84629e-10
5.7364e-10
6.71294e-10
6.95301e-10
6.0632e-10
5.82591e-10
6.70377e-10
6.29926e-10
5.97623e-10
6.13978e-10
6.44799e-10
5.79177e-10
6.73535e-10
6.13583e-10
7.42618e-10
5.82582e-10
3.08461e-10
5.2702e-10
4.13536e-10
5.15876e-10
5.14136e-10
6.59982e-10
6.15633e-10
6.0269e-10
6.19338e-10
5.99403e-10
6.59147e-10
3.9604e-10
6.98608e-10
6.40377e-10
7.09743e-10
5.81598e-10
6.41825e-10
6.5508e-10
6.45343e-10
6.19583e-10
5.66542e-10
6.37651e-10
6.74756e-10
6.03638e-10
5.78429e-10
5.66024e-10
5.12791e-10
5.94227e-10
6.17524e-10
6.05286e-10
6.52213e-10
5.44776e-10
6.20684e-10
5.90149e-10
6.52235e-10
6.42694e-10
4.96715e-10
6.55873e-10
7.08351e-10
6.07864e-10
6.31924e-10
6.2408e-10
5.90577e-10
6.13684e-10
5.43938e-10
5.39208e-10
6.69994e-10
5.33443e-10
5.91937e-10
6.72377e-10
6.64007e-10
4.38784e-10
6.04802e-10
6.65577e-10
7.14303e-10
6.03638e-10
5.94294e-10
6.29536e-10
6.47647e-10
6.52578e-10
5.73276e-10
6.00581e-10
6.47966e-10
5.56684e-10
5.55025e-10
5.62694e-10
5.77762e-10
6.59028e-10
5.5046e-10
6.37282e-10
6.99822e-10
5.914e-10
6.63297e-10
4.80111e-10
6.32218e-10
5.92837e-10
6.21377e-10
6.16045e-10
5.87119e-10
6.37817e-10
6.17146e-10
5.37496e-10
5.82424e-10
5.65701e-10
5.91886e-10
6.79937e-10
6.80972e-10
5.51259e-10
5.82856e-10
5.92844e-10
6.47404e-10
6.13679e-10
6.42011e-10
5.5482e-10
6.4088e-10
6.28473e-10
6.54541e-10
5.97823e-10
5.78071e-10
6.59185e-10
5.32759e-10
7.16431e-10
6.0412e-10
5.42026e-10
6.54735e-10
5.56196e-10
3.49646e-10
5.88294e-10
5.63396e-10
6.25395e-10
5.25399e-10
6.18893e-10
6.39778e-10
5.985e-10
7.01444e-10
6.15457e-10
6.48911e-10
6.51228e-10
6.28776e-10
6.3115e-10
5.85337e-10
6.34016e-10
4.95129e-10
4.27732e-10
6.54698e-10
6.58933e-10
6.64165e-10
5.79135e-10
5.84513e-10
6.01942e-10
5.97298e-10
6.15454e-10
4.68906e-10
6.58607e-10
6.7996e-10
6.43019e-10
6.60262e-10
6.19419e-10
6.06732e-10
5.895e-10
6.32331e-10
6.05577e-10
7.06087e-10
5.42026e-10
6.25896e-10
5.96941e-10
5.66967e-10
6.20774e-10
6.37116e-10
6.15022e-10
6.97772e-10
5.31823e-10
6.11923e-10
6.12946e-10
6.243e-10
5.25403e-10
6.88273e-10
7.01527e-10
6.00367e-10
6.08702e-10
4.43094e-10
5.22825e-10
5.92021e-10
5.79869e-10
6.51041e-10
6.15876e-10
6.66654e-10
6.17366e-10
5.97761e-10
6.75961e-10
4.89801e-10
6.03279e-10
5.83683e-10
6.85877e-10
7.56503e-10
5.86479e-10
4.90472e-10
6.45406e-10
6.11092e-10
6.34901e-10
6.83147e-10
6.67309e-10
7.10104e-10
5.85675e-10
5.87845e-10
5.75453e-10
5.22476e-10
6.44132e-10
6.31037e-10
4.9277e-10
6.44402e-10
6.56058e-10
6.21588e-10
6.45847e-10
6.56217e-10
5.97331e-10
6.14948e-10
6.33068e-10
6.89269e-10
6.6176e-10
5.87781e-10
6.19302e-10
6.5966e-10
5.60568e-10
5.81413e-10
5.90571e-10
6.32493e-10
5.66931e-10
5.21215e-10
6.18014e-10
5.15207e-10
4.79226e-10
7.00139e-10
6.69238e-10
7.17996e-10
4.77812e-10
5.82314e-10
6.55202e-10
6.33432e-10
5.87818e-10
6.44867e-10
6.3542e-10
6.86783e-10
5.57936e-10
5.79731e-10
6.55624e-10
5.96646e-10
5.98964e-10
6.62448e-10
5.9661e-10
7.01957e-10
5.51465e-10
6.32643e-10
5.80149e-10
5.64763e-10
6.41448e-10
5.04428e-10
6.57929e-10
7.15007e-10
5.8522e-10
6.46181e-10
5.41462e-10
5.25989e-10
6.5445e-10
6.43145e-10
6.05213e-10
7.02231e-10
6.48423e-10
5.59219e-10
5.88554e-10
6.90146e-10
5.75814e-10
6.41521e-10
6.74901e-10
7.48547e-10
5.99193e-10
5.69803e-10
5.51152e-10
6.9169e-10
5.02926e-10
5.94641e-10
6.33788e-10
6.4142e-10
6.13584e-10
6.62082e-10
6.17447e-10
5.28277e-10
6.61181e-10
5.50654e-10
6.64027e-10
7.09929e-10
5.78388e-10
4.95891e-10
6.19648e-10
6.45547e-10
6.43106e-10
5.22565e-10
6.39961e-10
6.51916e-10
5.97463e-10
6.51448e-10
4.17191e-10
6.80343e-10
6.04119e-10
6.93614e-10
6.34333e-10
6.74639e-10
6.52362e-10
6.89599e-10
6.32816e-10
6.0527e-10
7.11849e-10
6.20354e-10
6.48706e-10
6.6488e-10
5.36505e-10
6.55548e-10
5.45624e-10
5.17822e-10
5.81348e-10
6.55906e-10
6.27407e-10
7.20984e-10
6.20948e-10
5.53421e-10
5.82974e-10
6.50902e-10
6.3124e-10
5.14423e-10
5.89534e-10
6.02674e-10
4.91875e-10
5.80409e-10
5.88585e-10
5.55334e-10
6.64427e-10
5.15615e-10
6.11078e-10
6.81932e-10
6.62346e-10
5.70187e-10
4.82042e-10
5.9206e-10
5.14342e-10
6.48671e-10
6.86734e-10
6.29899e-10
5.70596e-10
5.78745e-10
4.74257e-10
6.34358e-10
6.45459e-10
6.57291e-10
6.68479e-10
6.33336e-10
4.06719e-10
6.13494e-10
6.45794e-10
6.46993e-10
6.35367e-10
6.07444e-10
6.56349e-10
7.4148e-10
4.94219e-10
5.98702e-10
5.40504e-10
5.96173e-10
6.26589e-10
6.61506e-10
6.4359e-10
6.62671e-10
5.4254e-10
5.99476e-10
6.48379e-10
6.24942e-10
6.60628e-10
5.06147e-10
6.23747e-10
6.32634e-10
6.71081e-10
6.51863e-10
6.50066e-10
4.85314e-10
6.4696e-10
6.50247e-10
6.02055e-10
5.87552e-10
6.11409e-10
6.36701e-10
5.98407e-10
3.25562e-10
5.8814e-10
5.48717e-10
6.63336e-10
7.16023e-10
6.40978e-10
5.94815e-10
6.08279e-10
5.85733e-10
5.6619e-10
6.10903e-10
7.1892e-10
6.39203e-10
6.63851e-10
6.41102e-10
6.62944e-10
5.28923e-10
6.96853e-10
6.00864e-10
7.05993e-10
5.79834e-10
4.78594e-10
5.69459e-10
5.9664e-10
4.81537e-10
6.50495e-10
6.81819e-10
6.91787e-10
6.98681e-10
5.65781e-10
6.35812e-10
5.86224e-10
6.01952e-10
6.02536e-10
6.69747e-10
6.55028e-10
6.02177e-10
5.90687e-10
5.68546e-10
4.74829e-10
5.9341e-10
6.85322e-10
6.43585e-10
5.45145e-10
6.84677e-10
6.06302e-10
5.27123e-10
6.25438e-10
6.24641e-10
6.24548e-10
6.06101e-10
5.95668e-10
6.99548e-10
5.94651e-10
5.8725e-10
6.32975e-10
5.50137e-10
2.98541e-10
5.87813e-10
6.98878e-10
6.95727e-10
6.50307e-10
6.24837e-10
6.30116e-10
6.52805e-10
5.53498e-10
5.32923e-10
6.34681e-10
6.76523e-10
5.67635e-10
5.42366e-10
6.77036e-10
6.31144e-10
6.5242e-10
6.28071e-10
4.59426e-10
7.16115e-10
5.87182e-10
6.15974e-10
5.40737e-10
5.25946e-10
6.05987e-10
6.80464e-10
6.48627e-10
6.08352e-10
6.70045e-10
5.92301e-10
6.28511e-10
6.56688e-10
5.30752e-10
6.11734e-10
6.76234e-10
6.89225e-10
5.61804e-10
5.92678e-10
6.21246e-10
6.73502e-10
6.1439e-10
6.62301e-10
6.54517e-10
7.01382e-10
5.99967e-10
4.23592e-10
5.45609e-10
5.34611e-10
6.56322e-10
5.59085e-10
6.21419e-10
6.98204e-10
6.40404e-10
5.36311e-10
6.71097e-10
6.40181e-10
6.34402e-10
6.73104e-10
5.84571e-10
6.42561e-10
5.72001e-10
5.33281e-10
6.57192e-10
6.25436e-10
6.06626e-10
5.87224e-10
6.21807e-10
6.64325e-10
6.50193e-10
5.36472e-10
4.27969e-10
6.07826e-10
5.4986e-10
6.5291e-10
6.45933e-10
6.30302e-10
6.13028e-10
6.4608e-10
5.74794e-10
5.69785e-10
6.01978e-10
6.47909e-10
7.05909e-10
6.97018e-10
5.15434e-10
5.75326e-10
6.1529e-10
6.54277e-10
6.53338e-10
7.14017e-10
6.8552e-10
6.83626e-10
6.04277e-10
6.31109e-10
6.12584e-10
5.14612e-10
6.07847e-10
5.69e-10
6.64626e-10
6.78263e-10
5.73115e-10
6.28393e-10
5.02815e-10
5.92676e-10
5.73849e-10
6.2982e-10
6.53332e-10
6.69956e-10
5.85402e-10
5.65607e-10
5.35471e-10
6.18444e-10
6.27871e-10
6.49358e-10
6.17165e-10
6.34876e-10
6.34339e-10
6.32171e-10
6.17644e-10
6.007e-10
7.07237e-10
5.2444e-10
5.5927e-10
6.68396e-10
4.74687e-10
6.51659e-10
6.44902e-10
6.3313e-10
5.45405e-10
5.90551e-10
6.65447e-10
6.17626e-10
6.15999e-10
6.25177e-10
4.09842e-10
5.79981e-10
6.35699e-10
6.62534e-10
5.90591e-10
7.07925e-10
5.81797e-10
6.43512e-10
5.89237e-10
6.74174e-10
6.22338e-10
6.23353e-10
6.4828e-10
6.32388e-10
6.5143e-10
7.04976e-10
5.9269e-10
5.83589e-10
6.56851e-10
6.4598e-10
6.81126e-10
5.15482e-10
6.36988e-10
6.17233e-10
6.53939e-10
6.49906e-10
5.64314e-10
6.19295e-10
6.31544e-10
6.47058e-10
6.61989e-10
6.05921e-10
6.38589e-10
6.46925e-10
5.92931e-10
5.37767e-10
6.53861e-10
6.9632e-10
6.47397e-10
5.71663e-10
6.17869e-10
6.91008e-10
6.74057e-10
6.79489e-10
5.56338e-10
5.68281e-10
6.77353e-10
5.69659e-10
6.68461e-10
6.0239e-10
6.13306e-10
6.07185e-10
6.44005e-10
6.44371e-10
5.65926e-10
6.17776e-10
5.99986e-10
5.40043e-10
6.30994e-10
6.43435e-10
6.02254e-10
6.37313e-10
6.77805e-10
5.65633e-10
6.0386e-10
5.29593e-10
6.01623e-10
5.53917e-10
5.99367e-10
6.79116e-10
6.30817e-10
5.67866e-10
5.72498e-10
5.61322e-10
6.53966e-10
6.35367e-10
6.52493e-10
7.0326e-10
6.28409e-10
6.48025e-10
5.75414e-10
5.90894e-10
6.06435e-10
5.88473e-10
6.48011e-10
7.2129e-10
6.32862e-10
5.83688e-10
6.6664e-10
4.62559e-10
5.89142e-10
5.21137e-10
7.07365e-10
6.93573e-10
6.1865e-10
6.11962e-10
6.21316e-10
6.44418e-10
6.60703e-10
6.92784e-10
5.48464e-10
7.14275e-10
5.66931e-10
6.05358e-10
5.7218e-10
6.29985e-10
5.86853e-10
6.95945e-10
6.08321e-10
6.27689e-10
6.24245e-10
5.77086e-10
6.26755e-10
6.30497e-10
6.28711e-10
6.67589e-10
6.11362e-10
6.32409e-10
4.77812e-10
6.50766e-10
5.22062e-10
6.16121e-10
6.45742e-10
6.45724e-10
7.07366e-10
7.26314e-10
5.76064e-10
6.65091e-10
6.40713e-10
5.51016e-10
5.61046e-10
5.77001e-10
7.07198e-10
6.97835e-10
6.46823e-10
5.79353e-10
6.77899e-10
6.1104e-10
6.3905e-10
6.4922e-10
5.50947e-10
6.24353e-10
5.9827e-10
6.30374e-10
6.61013e-10
6.2784e-10
6.6764e-10
6.0772e-10
6.18707e-10
7.08926e-10
6.54953e-10
5.77118e-10
4.41237e-10
6.14162e-10
6.15625e-10
6.75161e-10
6.24669e-10
5.80916e-10
4.94219e-10
5.44931e-10
6.19519e-10
6.31191e-10
6.74545e-10
5.85799e-10
6.67665e-10
6.59141e-10
6.31718e-10
4.84003e-10
5.73082e-10
5.75238e-10
6.10433e-10
6.75127e-10
6.82756e-10
6.67385e-10
6.42243e-10
5.46052e-10
5.6572e-10
5.66166e-10
6.66064e-10
6.15493e-10
7.01068e-10
6.89591e-10
6.02027e-10
5.38699e-10
6.665e-10
6.29022e-10
6.09956e-10
6.5013e-10
6.36165e-10
6.69724e-10
6.24067e-10
6.26357e-10
6.65056e-10
6.37687e-10
5.14631e-10
7.44959e-10
6.60544e-10
6.76769e-10
6.17071e-10
6.20984e-10
6.03613e-10
6.39968e-10
6.49816e-10
6.37156e-10
6.35764e-10
6.77399e-10
5.99967e-10
6.15943e-10
6.16848e-10
6.42388e-10
6.36116e-10
6.28718e-10
7.11117e-10
7.38227e-10
5.56502e-10
5.51021e-10
6.67472e-10
5.97286e-10
6.11707e-10
5.8149e-10
5.75774e-10
7.10493e-10
6.87911e-10
5.85011e-10
6.47008e-10
6.54652e-10
5.28668e-10
5.71659e-10
6.3688e-10
6.80684e-10
5.06754e-10
6.35727e-10
5.62562e-10
6.40891e-10
5.94026e-10
6.27322e-10
5.81997e-10
6.57628e-10
5.76741e-10
6.15773e-10
6.22893e-10
6.40396e-10
6.42109e-10
6.07246e-10
5.35277e-10
6.33649e-10
5.51465e-10
6.1391e-10
6.21523e-10
6.44514e-10
5.91204e-10
6.43021e-10
5.87539e-10
6.92189e-10
5.49569e-10
5.93351e-10
6.41422e-10
5.63265e-10
6.40991e-10
6.94645e-10
6.31496e-10
6.22038e-10
6.43313e-10
5.19683e-10
5.3166e-10
5.45161e-10
6.20531e-10
6.15946e-10
6.26621e-10
7.04981e-10
6.117e-10
5.80022e-10
5.90147e-10
6.11013e-10
5.93165e-10
6.81979e-10
7.06416e-10
6.71981e-10
6.08023e-10
6.03123e-10
6.34781e-10
5.72487e-10
6.14538e-10
6.19037e-10
6.08473e-10
6.15377e-10
6.03048e-10
5.79466e-10
6.48435e-10
5.39388e-10
6.23746e-10
6.54088e-10
6.35031e-10
6.57918e-10
5.73843e-10
6.59806e-10
6.7923e-10
5.47729e-10
6.28948e-10
6.97705e-10
6.02365e-10
6.71674e-10
6.31985e-10
5.3383e-10
6.64222e-10
5.84891e-10
6.91868e-10
6.59804e-10
5.95316e-10
6.21926e-10
6.236e-10
6.81612e-10
6.67891e-10
6.85348e-10
6.66249e-10
5.98741e-10
6.24972e-10
5.92232e-10
5.7966e-10
6.02219e-10
6.12926e-10
4.58817e-10
5.73095e-10
6.13459e-10
6.60995e-10
6.37702e-10
6.10921e-10
5.9151e-10
6.20996e-10
6.08753e-10
6.43164e-10
6.173e-10
5.53367e-10
7.24927e-10
6.82126e-10
5.26733e-10
5.79639e-10
5.06354e-10
6.06303e-10
5.98408e-10
6.15754e-10
5.54948e-10
6.48562e-10
5.52233e-10
5.06662e-10
6.51795e-10
4.84151e-10
6.34054e-10
6.73427e-10
5.71314e-10
6.23309e-10
6.29381e-10
6.05305e-10
5.28774e-10
6.15599e-10
6.04275e-10
4.63185e-10
7.41619e-10
5.99711e-10
4.94645e-10
5.18236e-10
6.22229e-10
6.13386e-10
6.13798e-10
5.88728e-10
6.68935e-10
6.03813e-10
5.65842e-10
4.99432e-10
6.13045e-10
6.20774e-10
6.56595e-10
5.94487e-10
6.48744e-10
6.00159e-10
6.27334e-10
6.38248e-10
6.2826e-10
6.56321e-10
6.05691e-10
6.90852e-10
6.54364e-10
4.58281e-10
6.36388e-10
5.89732e-10
6.14171e-10
6.39891e-10
6.25355e-10
6.67235e-10
6.83473e-10
5.96291e-10
5.78271e-10
6.50859e-10
5.38879e-10
6.20939e-10
5.57422e-10
6.60094e-10
6.57029e-10
6.33607e-10
5.64926e-10
6.43189e-10
6.57953e-10
6.57011e-10
5.98487e-10
6.67862e-10
5.2964e-10
6.0839e-10
6.08066e-10
5.96342e-10
6.1064e-10
6.10813e-10
6.10359e-10
6.82167e-10
6.77114e-10
5.68327e-10
5.85407e-10
6.14302e-10
6.8619e-10
5.88234e-10
6.08906e-10
5.69791e-10
5.0582e-10
4.2625e-10
6.05343e-10
5.99159e-10
6.12416e-10
6.56991e-10
6.21092e-10
5.73972e-10
6.13611e-10
5.21782e-10
6.38186e-10
6.29181e-10
6.36646e-10
4.55956e-10
6.22228e-10
5.47531e-10
6.95277e-10
5.61156e-10
6.23395e-10
6.44808e-10
6.52745e-10
6.59689e-10
6.46006e-10
6.51862e-10
6.85276e-10
5.10224e-10
5.06441e-10
6.63676e-10
6.59474e-10
6.47025e-10
6.92613e-10
6.81545e-10
6.79472e-10
5.88468e-10
6.7593e-10
6.10357e-10
5.59658e-10
6.13873e-10
5.85897e-10
6.47125e-10
6.68068e-10
5.71622e-10
5.96643e-10
5.95223e-10
6.62341e-10
5.94817e-10
6.69318e-10
6.59979e-10
6.77124e-10
6.37456e-10
5.59571e-10
5.76483e-10
6.29675e-10
6.31337e-10
6.05267e-10
5.4051e-10
6.57273e-10
6.2802e-10
6.53715e-10
5.72936e-10
6.92864e-10
6.8766e-10
4.96169e-10
6.4177e-10
6.49865e-10
6.21447e-10
5.74601e-10
5.19289e-10
6.27881e-10
5.98363e-10
5.86419e-10
6.50177e-10
6.91723e-10
6.39452e-10
6.13588e-10
5.52629e-10
5.97442e-10
6.52055e-10
6.30499e-10
6.67444e-10
7.18812e-10
5.50211e-10
6.03011e-10
6.18739e-10
5.90593e-10
5.93935e-10
6.6097e-10
6.05297e-10
5.63577e-10
4.74687e-10
6.40972e-10
6.27217e-10
5.45782e-10
4.92159e-10
5.03352e-10
5.8194e-10
6.40877e-10
6.24388e-10
6.53365e-10
6.08904e-10
5.3506e-10
5.66546e-10
5.49253e-10
6.85377e-10
6.96913e-10
6.23272e-10
5.47912e-10
6.29566e-10
5.82641e-10
5.94313e-10
6.07104e-10
6.28688e-10
6.75318e-10
5.40445e-10
6.02284e-10
5.68882e-10
6.64332e-10
5.84696e-10
6.78464e-10
6.41908e-10
6.40839e-10
5.74792e-10
6.33887e-10
5.93814e-10
6.09812e-10
6.22005e-10
6.35764e-10
6.07366e-10
6.51716e-10
6.16517e-10
6.01708e-10
6.08969e-10
5.44632e-10
5.62874e-10
6.4161e-10
6.52698e-10
6.86068e-10
6.17743e-10
5.92633e-10
6.03067e-10
5.39549e-10
6.62944e-10
6.51693e-10
6.10911e-10
7.13594e-10
5.36209e-10
6.10973e-10
6.58738e-10
6.30323e-10
6.62947e-10
6.23606e-10
7.09414e-10
7.02651e-10
6.92666e-10
6.73794e-10
6.40988e-10
6.3459e-10
4.63831e-10
6.06991e-10
6.13193e-10
7.2661e-10
6.06956e-10
4.92708e-10
6.00763e-10
6.75633e-10
5.83038e-10
6.93308e-10
6.93287e-10
6.62781e-10
6.20522e-10
5.71076e-10
6.46567e-10
5.59241e-10
6.49169e-10
5.63701e-10
6.63434e-10
6.32799e-10
5.77187e-10
6.2123e-10
6.48447e-10
6.4438e-10
5.83741e-10
6.78005e-10
6.07568e-10
6.58652e-10
6.02027e-10
6.38409e-10
6.31795e-10
6.42838e-10
6.30226e-10
5.58518e-10
6.00982e-10
7.17079e-10
6.2467e-10
6.27975e-10
6.05762e-10
6.10699e-10
6.05949e-10
6.79017e-10
6.22304e-10
6.85947e-10
6.74911e-10
6.62816e-10
5.59797e-10
6.24908e-10
6.21809e-10
5.13069e-10
6.78556e-10
6.29528e-10
5.47356e-10
5.34459e-10
6.8467e-10
6.13504e-10
6.31602e-10
6.23727e-10
6.60323e-10
6.24186e-10
6.37971e-10
5.8917e-10
6.37394e-10
4.7036e-10
5.63236e-10
5.46933e-10
5.21746e-10
7.05486e-10
5.80076e-10
6.15552e-10
6.18563e-10
5.46751e-10
6.04502e-10
6.23516e-10
7.21879e-10
6.74342e-10
6.32659e-10
6.46861e-10
6.14692e-10
5.69283e-10
6.44903e-10
5.73379e-10
6.03744e-10
6.90954e-10
5.70984e-10
5.95616e-10
6.73068e-10
6.23914e-10
6.39863e-10
5.93081e-10
5.70117e-10
7.66107e-10
6.39304e-10
6.67816e-10
4.77018e-10
5.69205e-10
6.33627e-10
6.34866e-10
7.07413e-10
6.05919e-10
5.53476e-10
5.73236e-10
6.01831e-10
6.60934e-10
6.94306e-10
5.71747e-10
6.33212e-10
6.77054e-10
6.31956e-10
5.66599e-10
6.17578e-10
6.61114e-10
5.84142e-10
5.80868e-10
6.65241e-10
6.8234e-10
5.76177e-10
6.26994e-10
5.95285e-10
5.9353e-10
6.03775e-10
6.27794e-10
5.36816e-10
7.12611e-10
6.20522e-10
5.84404e-10
5.79747e-10
6.30077e-10
5.92683e-10
6.45595e-10
6.75435e-10
7.03129e-10
6.43848e-10
6.16087e-10
5.62926e-10
6.33281e-10
6.35524e-10
6.30253e-10
6.72178e-10
6.24301e-10
5.43299e-10
4.83372e-10
6.13562e-10
4.74476e-10
5.85262e-10
5.97463e-10
5.62052e-10
6.93794e-10
5.43549e-10
6.12172e-10
5.57354e-10
5.70115e-10
6.51757e-10
6.05858e-10
6.70852e-10
6.99186e-10
6.316e-10
6.78618e-10
6.30387e-10
5.49108e-10
6.3647e-10
6.00395e-10
6.48315e-10
6.61451e-10
5.90041e-10
6.87735e-10
6.12055e-10
5.91124e-10
6.52368e-10
6.22593e-10
6.10177e-10
5.25329e-10
6.06466e-10
4.90147e-10
6.18803e-10
4.38014e-10
6.83672e-10
6.53907e-10
6.81395e-10
6.44555e-10
5.85945e-10
6.34403e-10
6.30048e-10
6.82613e-10
5.95477e-10
4.98582e-10
6.16055e-10
7.05214e-10
4.99529e-10
5.85567e-10
5.74499e-10
6.24582e-10
4.50787e-10
5.58679e-10
6.83698e-10
6.81583e-10
6.51208e-10
6.73713e-10
5.76341e-10
5.6328e-10
6.53531e-10
5.75838e-10
5.41786e-10
6.51449e-10
5.63068e-10
5.86664e-10
5.90626e-10
6.95781e-10
6.29854e-10
7.12419e-10
6.40123e-10
5.95956e-10
4.50469e-10
6.51403e-10
6.08803e-10
6.75202e-10
6.47444e-10
6.39697e-10
6.99312e-10
6.82109e-10
5.5983e-10
6.35967e-10
5.72894e-10
6.17582e-10
6.29537e-10
5.71928e-10
7.05573e-10
7.05002e-10
6.41168e-10
5.86552e-10
6.82265e-10
5.85376e-10
4.89639e-10
5.4872e-10
7.03348e-10
7.11536e-10
6.31807e-10
6.2015e-10
6.70192e-10
6.57495e-10
6.68768e-10
6.62136e-10
6.01443e-10
6.90987e-10
5.51259e-10
5.94228e-10
6.10643e-10
6.85938e-10
6.52431e-10
6.91516e-10
6.93672e-10
6.61017e-10
6.20639e-10
6.53199e-10
4.93745e-10
5.60288e-10
5.49699e-10
6.7258e-10
6.99453e-10
4.77716e-10
5.74557e-10
6.34594e-10
6.54322e-10
5.58651e-10
6.8153e-10
6.46639e-10
5.83707e-10
7.02103e-10
5.95301e-10
6.36515e-10
5.84765e-10
5.98393e-10
6.90055e-10
5.40509e-10
5.73944e-10
7.15123e-10
6.2091e-10
6.17654e-10
6.78908e-10
4.49174e-10
6.90021e-10
7.05481e-10
6.89262e-10
7.01965e-10
4.61406e-10
5.97927e-10
5.70988e-10
5.63285e-10
6.71879e-10
6.15951e-10
6.18189e-10
5.96627e-10
6.33006e-10
6.04481e-10
6.77105e-10
6.57939e-10
5.79224e-10
6.18777e-10
6.79794e-10
6.58285e-10
5.97801e-10
6.58918e-10
5.94176e-10
6.83263e-10
5.9067e-10
4.59257e-10
6.21305e-10
6.84507e-10
5.94941e-10
6.24394e-10
5.61002e-10
5.66887e-10
6.28987e-10
5.66156e-10
5.25262e-10
6.92489e-10
5.9719e-10
5.42027e-10
6.23365e-10
6.56154e-10
6.72778e-10
6.2046e-10
6.61255e-10
6.48462e-10
5.78064e-10
5.88856e-10
6.70066e-10
6.74422e-10
5.68325e-10
6.59922e-10
5.4874e-10
6.68179e-10
6.63217e-10
6.32884e-10
6.57146e-10
6.1198e-10
6.36182e-10
6.93792e-10
4.08437e-10
7.20535e-10
6.05971e-10
6.10764e-10
5.90921e-10
6.14862e-10
6.18935e-10
6.80067e-10
5.69846e-10
6.68206e-10
6.15738e-10
5.60665e-10
6.42954e-10
5.66531e-10
5.98474e-10
6.92691e-10
6.53448e-10
6.49303e-10
6.18812e-10
5.78361e-10
6.42273e-10
6.60332e-10
5.49751e-10
6.55108e-10
6.05136e-10
6.4668e-10
5.54445e-10
6.69802e-10
5.86781e-10
6.13492e-10
5.94169e-10
5.80078e-10
5.48213e-10
7.18063e-10
6.44921e-10
6.19338e-10
6.30383e-10
6.4483e-10
6.8672e-10
6.77918e-10
5.41423e-10
6.73885e-10
6.15298e-10
6.10445e-10
5.44854e-10
6.7862e-10
6.59348e-10
4.66006e-10
6.94349e-10
6.91816e-10
6.4277e-10
6.5538e-10
6.0954e-10
5.79612e-10
6.63694e-10
6.16013e-10
7.07257e-10
6.88661e-10
6.19855e-10
6.05216e-10
5.92214e-10
5.99751e-10
6.57748e-10
6.64545e-10
5.43631e-10
6.66531e-10
3.7e-10
5.49247e-10
6.34149e-10
6.17931e-10
6.18422e-10
6.18442e-10
6.59422e-10
7.41139e-10
4.72344e-10
6.62901e-10
6.54113e-10
6.46805e-10
6.25809e-10
6.52811e-10
6.55922e-10
7.16595e-10
6.59527e-10
4.05165e-10
6.44481e-10
6.37211e-10
6.26447e-10
6.47818e-10
6.20032e-10
6.71576e-10
5.46898e-10
5.83207e-10
6.32922e-10
6.24361e-10
5.62319e-10
6.26553e-10
6.70563e-10
6.40945e-10
6.20366e-10
5.48446e-10
5.95086e-10
4.75492e-10
6.68136e-10
5.27202e-10
6.97473e-10
6.3127e-10
5.84577e-10
6.09953e-10
5.03894e-10
6.78928e-10
6.09258e-10
6.43697e-10
6.24873e-10
6.9365e-10
6.36008e-10
6.2912e-10
6.24253e-10
6.48054e-10
6.14379e-10
6.64022e-10
6.42332e-10
6.46262e-10
6.28537e-10
4.80432e-10
5.53968e-10
5.77614e-10
5.89365e-10
6.71719e-10
7.02903e-10
6.19797e-10
5.97258e-10
5.84034e-10
6.43016e-10
6.49959e-10
6.52482e-10
6.30059e-10
5.40317e-10
6.58623e-10
6.52326e-10
4.89902e-10
6.22869e-10
6.452e-10
5.60978e-10
5.66058e-10
5.52567e-10
7.23853e-10
6.13399e-10
5.72914e-10
6.15067e-10
5.87438e-10
6.45835e-10
6.4206e-10
6.21323e-10
6.47887e-10
6.23053e-10
5.85782e-10
6.50426e-10
6.31788e-10
5.62922e-10
5.19793e-10
6.91067e-10
7.28909e-10
5.58287e-10
5.72605e-10
6.17106e-10
5.63142e-10
6.54451e-10
5.54372e-10
6.81465e-10
5.90639e-10
6.28601e-10
6.12403e-10
5.56186e-10
5.94086e-10
6.82101e-10
5.51733e-10
6.72776e-10
7.35977e-10
6.83024e-10
6.22091e-10
6.18324e-10
5.75966e-10
6.29888e-10
7.00102e-10
6.25641e-10
6.58207e-10
6.59663e-10
6.06098e-10
6.15619e-10
4.51313e-10
5.68657e-10
5.57116e-10
7.02199e-10
7.11609e-10
6.42564e-10
5.46882e-10
6.52862e-10
6.37526e-10
6.50182e-10
6.35143e-10
5.94645e-10
7.24092e-10
5.90365e-10
5.73882e-10
6.05145e-10
6.08932e-10
5.97479e-10
6.01261e-10
7.11607e-10
6.64943e-10
5.02303e-10
6.346e-10
6.32744e-10
6.50612e-10
6.00845e-10
6.81691e-10
5.95002e-10
6.08225e-10
6.36593e-10
6.14952e-10
6.56717e-10
5.8309e-10
5.44106e-10
5.77175e-10
6.38179e-10
7.31838e-10
5.16879e-10
6.35519e-10
5.62868e-10
6.05674e-10
6.46288e-10
5.49762e-10
6.52051e-10
6.23341e-10
6.17029e-10
4.46325e-10
4.72547e-10
5.69884e-10
6.38418e-10
6.4127e-10
6.48725e-10
6.83253e-10
6.33293e-10
5.22006e-10
5.70968e-10
6.42632e-10
5.46356e-10
6.4479e-10
6.20139e-10
6.56819e-10
5.58635e-10
6.67748e-10
6.48764e-10
5.87028e-10
6.423e-10
5.79276e-10
6.33024e-10
6.2678e-10
5.98602e-10
6.14401e-10
5.9526e-10
5.58509e-10
6.46582e-10
5.28214e-10
4.61225e-10
6.93395e-10
5.97733e-10
5.63188e-10
5.47944e-10
6.49533e-10
5.96143e-10
6.11257e-10
6.99197e-10
6.46797e-10
5.60499e-10
6.00618e-10
5.24841e-10
5.22529e-10
6.43929e-10
5.72085e-10
6.77157e-10
6.5626e-10
6.2309e-10
6.37837e-10
5.63077e-10
5.97145e-10
6.13215e-10
5.8571e-10
6.11647e-10
6.82586e-10
6.23888e-10
6.32409e-10
6.53029e-10
6.22133e-10
5.68353e-10
6.47836e-10
6.03819e-10
7.40504e-10
6.09827e-10
6.37036e-10
6.38522e-10
6.21383e-10
6.11844e-10
6.96403e-10
6.1921e-10
6.68099e-10
5.94579e-10
5.57784e-10
5.99853e-10
6.11481e-10
6.18288e-10
5.71066e-10
7.23964e-10
7.34088e-10
4.34062e-10
4.96687e-10
6.16541e-10
6.39679e-10
6.39077e-10
6.06519e-10
6.07165e-10
7.12905e-10
6.39992e-10
6.71192e-10
6.52082e-10
6.29726e-10
5.78473e-10
6.90288e-10
6.80794e-10
6.8563e-10
6.09675e-10
6.15497e-10
5.84568e-10
6.26878e-10
5.53433e-10
6.60086e-10
5.84278e-10
6.961e-10
6.53974e-10
6.17445e-10
6.32556e-10
6.23915e-10
6.40617e-10
6.53318e-10
6.7344e-10
6.10545e-10
6.13446e-10
6.34525e-10
6.12458e-10
5.41182e-10
5.65229e-10
6.91876e-10
6.53391e-10
6.75003e-10
6.04507e-10
6.562e-10
6.85396e-10
6.50874e-10
5.68281e-10
6.71083e-10
6.98037e-10
6.7196e-10
6.61514e-10
6.59402e-10
6.30128e-10
6.33559e-10
5.81728e-10
5.34092e-10
6.0918e-10
7.08383e-10
6.25715e-10
5.82557e-10
5.66955e-10
6.23918e-10
6.47213e-10
6.85511e-10
6.44376e-10
6.82009e-10
6.10228e-10
6.11513e-10
5.9751e-10
6.50915e-10
5.74033e-10
6.79439e-10
6.63777e-10
5.53786e-10
5.49998e-10
5.79498e-10
5.87975e-10
6.3089e-10
5.3962e-10
5.52578e-10
6.77886e-10
6.53851e-10
5.75606e-10
6.56848e-10
5.76724e-10
5.35947e-10
6.5979e-10
5.91997e-10
6.75195e-10
6.72376e-10
5.71748e-10
5.56815e-10
4.95227e-10
6.548e-10
6.65574e-10
5.59728e-10
6.74436e-10
5.57024e-10
5.76177e-10
6.10969e-10
6.60795e-10
5.16108e-10
5.94281e-10
6.00133e-10
6.67282e-10
6.47535e-10
6.09217e-10
6.60657e-10
5.72582e-10
6.46005e-10
7.00419e-10
5.63347e-10
6.72776e-10
6.91306e-10
6.54986e-10
6.02239e-10
6.42271e-10
6.84483e-10
6.08665e-10
6.21564e-10
6.61418e-10
6.06563e-10
6.12369e-10
5.53633e-10
5.65135e-10
5.83101e-10
5.4823e-10
5.57099e-10
5.4989e-10
6.27239e-10
6.60769e-10
5.69347e-10
5.74171e-10
5.84134e-10
5.42885e-10
4.21027e-10
5.95063e-10
7.03085e-10
6.83707e-10
6.43473e-10
6.06604e-10
6.81244e-10
6.28426e-10
6.89424e-10
7.04791e-10
6.56998e-10
6.48818e-10
6.40149e-10
5.73553e-10
4.7844e-10
6.39459e-10
6.59289e-10
6.54112e-10
6.02851e-10
6.21179e-10
5.99089e-10
5.55908e-10
5.0551e-10
5.96493e-10
6.4865e-10
6.16579e-10
5.35624e-10
6.23672e-10
5.48032e-10
5.75572e-10
5.30482e-10
5.428e-10
6.89741e-10
6.83882e-10
5.32712e-10
6.07064e-10
6.78388e-10
5.25944e-10
6.39223e-10
4.70368e-10
6.28505e-10
5.48443e-10
7.26856e-10
6.24916e-10
6.54531e-10
6.91037e-10
6.25707e-10
6.03912e-10
5.02266e-10
6.69408e-10
7.43679e-10
5.58461e-10
5.64135e-10
6.22925e-10
6.86645e-10
6.44531e-10
5.4013e-10
6.11899e-10
7.23858e-10
6.32455e-10
6.57632e-10
5.82693e-10
6.24032e-10
6.93414e-10
6.38194e-10
6.88187e-10
6.76693e-10
5.20065e-10
5.04801e-10
5.94114e-10
6.02242e-10
6.17809e-10
5.88624e-10
6.24285e-10
7.45577e-10
6.06466e-10
6.14546e-10
5.76339e-10
5.9274e-10
5.25069e-10
6.62007e-10
6.24797e-10
6.62503e-10
6.30297e-10
6.39558e-10
6.03781e-10
5.64954e-10
5.4076e-10
6.24318e-10
5.80101e-10
6.31092e-10
6.41988e-10
5.98993e-10
6.0747e-10
4.6982e-10
6.21643e-10
6.52028e-10
6.40384e-10
6.62061e-10
6.52596e-10
6.62278e-10
6.6387e-10
5.57057e-10
5.59496e-10
6.32444e-10
6.56852e-10
6.87235e-10
6.45287e-10
6.34901e-10
5.41916e-10
6.66724e-10
6.72484e-10
6.61506e-10
6.58702e-10
7.03601e-10
6.30877e-10
6.48624e-10
6.31482e-10
6.42553e-10
6.30728e-10
5.4792e-10
6.61868e-10
6.97358e-10
5.53279e-10
6.072e-10
4.98846e-10
5.47264e-10
6.53122e-10
6.4745e-10
6.42437e-10
7.16418e-10
5.34386e-10
6.56561e-10
5.63188e-10
6.0145e-10
6.16822e-10
5.74433e-10
6.62203e-10
7.02926e-10
5.86213e-10
6.02626e-10
6.59682e-10
6.03415e-10
5.54642e-10
5.96516e-10
6.43498e-10
5.20317e-10
5.61804e-10
6.12587e-10
6.45936e-10
5.13326e-10
6.4542e-10
6.86708e-10
6.54769e-10
7.19877e-10
5.75375e-10
6.10444e-10
4.49991e-10
6.62636e-10
6.03214e-10
5.41392e-10
6.66656e-10
7.19185e-10
6.13905e-10
6.93039e-10
6.37372e-10
6.55281e-10
5.30173e-10
6.5902e-10
7.22311e-10
6.51828e-10
5.62756e-10
5.62586e-10
6.15462e-10
6.71155e-10
5.74238e-10
5.80329e-10
5.58322e-10
6.98485e-10
6.07225e-10
5.90863e-10
6.39498e-10
6.75933e-10
6.02614e-10
6.42081e-10
6.06596e-10
7.48616e-10
6.2892e-10
5.81527e-10
6.31194e-10
5.83917e-10
6.26619e-10
6.0572e-10
6.50567e-10
7.11415e-10
5.51051e-10
5.96991e-10
6.12425e-10
6.56501e-10
6.25701e-10
6.8716e-10
6.22388e-10
6.755e-10
6.30081e-10
6.50503e-10
5.68911e-10
5.83547e-10
5.9869e-10
6.29757e-10
7.04083e-10
7.10369e-10
4.78594e-10
4.95273e-10
5.48345e-10
5.58747e-10
6.59091e-10
5.6543e-10
5.72549e-10
6.65255e-10
5.45969e-10
5.81112e-10
6.35122e-10
5.50174e-10
6.60333e-10
6.15038e-10
6.85732e-10
6.5956e-10
5.96081e-10
6.45432e-10
6.48242e-10
5.98423e-10
5.81421e-10
6.41637e-10
6.39084e-10
5.43869e-10
6.29895e-10
6.71634e-10
5.17902e-10
6.43977e-10
5.77018e-10
6.48927e-10
7.42119e-10
6.35039e-10
6.6298e-10
6.11896e-10
5.84039e-10
5.67484e-10
6.33505e-10
6.18517e-10
6.10594e-10
7.22334e-10
5.90123e-10
3.91696e-10
6.21454e-10
6.61205e-10
5.97402e-10
6.7561e-10
7.10216e-10
6.56975e-10
6.67867e-10
5.87032e-10
6.42192e-10
6.33844e-10
6.23123e-10
6.15121e-10
6.45769e-10
7.42306e-10
5.73722e-10
6.83321e-10
6.19347e-10
5.90582e-10
6.04071e-10
6.66526e-10
7.25815e-10
6.32788e-10
5.23834e-10
6.44298e-10
6.01886e-10
6.30594e-10
6.22495e-10
6.7808e-10
6.21821e-10
6.91102e-10
5.1918e-10
5.77788e-10
6.51041e-10
5.76092e-10
6.71905e-10
6.41574e-10
7.41556e-10
7.49226e-10
4.21563e-10
5.6875e-10
5.83219e-10
6.5436e-10
6.27557e-10
6.41506e-10
6.59081e-10
7.09307e-10
5.67635e-10
6.2421e-10
5.30727e-10
6.05073e-10
5.86319e-10
6.26211e-10
6.48213e-10
6.16175e-10
6.21788e-10
6.05837e-10
6.07681e-10
5.99905e-10
5.96305e-10
6.62237e-10
5.75638e-10
6.04735e-10
6.76705e-10
6.74043e-10
6.7005e-10
6.26892e-10
5.39125e-10
6.50824e-10
6.15357e-10
6.05414e-10
4.8875e-10
6.01994e-10
4.45825e-10
5.91951e-10
6.36407e-10
6.41348e-10
5.69414e-10
7.14756e-10
6.18568e-10
6.65196e-10
6.27106e-10
6.05243e-10
6.38695e-10
5.80274e-10
6.81054e-10
7.05548e-10
6.57836e-10
6.7203e-10
5.86986e-10
5.38222e-10
5.064e-10
6.15709e-10
6.85824e-10
6.87742e-10
5.98337e-10
6.56079e-10
6.17921e-10
4.95365e-10
6.2714e-10
6.57414e-10
6.65777e-10
6.03308e-10
6.09472e-10
5.50501e-10
6.41879e-10
6.4271e-10
5.79614e-10
6.47722e-10
6.67187e-10
6.57148e-10
6.11603e-10
6.23141e-10
5.84302e-10
6.19918e-10
5.94398e-10
5.73878e-10
6.57904e-10
6.72102e-10
5.686e-10
6.31156e-10
5.74328e-10
5.30545e-10
6.41877e-10
6.26043e-10
6.6339e-10
5.33403e-10
6.59191e-10
6.74665e-10
5.16401e-10
5.56236e-10
6.84094e-10
5.6636e-10
5.80549e-10
6.66435e-10
5.99258e-10
5.76023e-10
6.47262e-10
6.06001e-10
6.67735e-10
6.50127e-10
6.98074e-10
7.01744e-10
5.60333e-10
6.55032e-10
6.06466e-10
6.27677e-10
6.92259e-10
6.21829e-10
6.69442e-10
6.56536e-10
5.78496e-10
5.52535e-10
6.26833e-10
5.59704e-10
5.68583e-10
6.37939e-10
6.88201e-10
7.48494e-10
6.25438e-10
5.98912e-10
6.30236e-10
6.00248e-10
6.46107e-10
6.55402e-10
6.86816e-10
6.73359e-10
6.09573e-10
6.93999e-10
6.56737e-10
6.36375e-10
6.34406e-10
6.23489e-10
6.2465e-10
6.53459e-10
5.03624e-10
6.18604e-10
6.69394e-10
6.55361e-10
5.10353e-10
6.59985e-10
6.13466e-10
6.79019e-10
6.44792e-10
4.55045e-10
4.646e-10
5.68949e-10
6.68961e-10
6.30348e-10
5.91316e-10
7.58511e-10
6.15606e-10
6.55814e-10
4.69748e-10
6.05529e-10
5.78653e-10
6.63225e-10
6.22912e-10
6.28463e-10
6.14042e-10
5.91426e-10
6.7068e-10
6.24407e-10
6.14048e-10
5.94404e-10
6.41052e-10
6.9787e-10
5.76853e-10
6.07146e-10
5.43598e-10
6.72529e-10
6.34135e-10
6.2091e-10
6.19524e-10
7.46137e-10
6.27464e-10
5.62364e-10
6.43621e-10
6.11371e-10
6.24506e-10
5.77177e-10
7.0385e-10
5.99054e-10
6.6743e-10
5.78269e-10
6.47669e-10
5.97918e-10
6.68268e-10
5.34751e-10
6.19811e-10
6.08528e-10
6.27825e-10
6.31783e-10
5.72081e-10
6.45649e-10
6.32202e-10
6.44049e-10
6.62891e-10
6.53341e-10
6.16302e-10
6.08295e-10
6.40126e-10
6.47661e-10
6.41096e-10
6.1027e-10
6.75503e-10
6.3472e-10
5.88971e-10
5.61827e-10
5.74115e-10
5.82778e-10
6.70997e-10
6.70422e-10
4.48943e-10
6.91473e-10
5.42794e-10
4.65354e-10
6.34228e-10
6.1906e-10
6.41189e-10
5.98505e-10
6.84612e-10
7.28262e-10
6.24209e-10
5.40803e-10
5.68722e-10
5.6476e-10
6.30418e-10
4.88437e-10
5.61376e-10
6.45841e-10
5.09099e-10
6.46519e-10
6.44162e-10
5.80377e-10
5.71727e-10
6.33119e-10
5.88612e-10
6.63435e-10
6.23418e-10
6.14675e-10
6.13525e-10
5.60856e-10
6.53972e-10
6.15607e-10
6.43486e-10
7.06305e-10
4.40312e-10
6.47119e-10
6.45897e-10
6.22988e-10
6.0689e-10
6.25916e-10
5.90504e-10
6.53855e-10
4.71562e-10
6.23785e-10
6.80054e-10
6.41841e-10
6.25878e-10
6.84815e-10
6.6367e-10
6.60322e-10
4.39531e-10
5.96552e-10
6.57373e-10
5.767e-10
5.54833e-10
6.3396e-10
5.42157e-10
6.67739e-10
6.22943e-10
6.27092e-10
6.33999e-10
6.78891e-10
6.29479e-10
5.55437e-10
6.86033e-10
4.17295e-10
5.83066e-10
6.29299e-10
6.05621e-10
6.21865e-10
6.57865e-10
6.12648e-10
6.69048e-10
6.9343e-10
6.12511e-10
4.5066e-10
5.40201e-10
5.71152e-10
6.41492e-10
5.33877e-10
6.62958e-10
6.97661e-10
5.99839e-10
5.63625e-10
6.53695e-10
6.57135e-10
4.80472e-10
6.35688e-10
5.9545e-10
6.17583e-10
5.52882e-10
5.69927e-10
4.51309e-10
5.34115e-10
5.66433e-10
5.60996e-10
5.25561e-10
6.97653e-10
6.53957e-10
6.42357e-10
6.60134e-10
5.6252e-10
6.41279e-10
7.0886e-10
4.83527e-10
6.68718e-10
6.04507e-10
6.66371e-10
6.33926e-10
5.49431e-10
6.66837e-10
6.23204e-10
7.05651e-10
7.12044e-10
5.92257e-10
6.04959e-10
6.40392e-10
6.39839e-10
6.30623e-10
6.49341e-10
6.54246e-10
6.99254e-10
6.23527e-10
5.23085e-10
6.47467e-10
5.49913e-10
6.20988e-10
4.58605e-10
3.86093e-10
7.05961e-10
6.40404e-10
6.41904e-10
6.11015e-10
5.45242e-10
6.07993e-10
5.63701e-10
6.58644e-10
6.95982e-10
5.94139e-10
6.2917e-10
6.41675e-10
6.15305e-10
4.81563e-10
5.48397e-10
6.13622e-10
6.88402e-10
6.44943e-10
5.78523e-10
5.70578e-10
6.50891e-10
6.07166e-10
4.62056e-10
6.6442e-10
7.14598e-10
6.33265e-10
5.9444e-10
6.03306e-10
5.76529e-10
6.01206e-10
6.6e-10
6.60024e-10
6.65829e-10
5.61481e-10
6.33098e-10
6.07154e-10
6.43987e-10
6.03771e-10
5.8693e-10
6.48314e-10
7.23112e-10
6.07759e-10
6.32327e-10
6.73332e-10
6.66413e-10
5.54344e-10
5.32102e-10
6.62715e-10
6.33463e-10
6.39379e-10
5.29486e-10
6.12509e-10
5.81368e-10
6.81449e-10
6.68455e-10
7.14618e-10
6.73738e-10
6.39551e-10
5.86076e-10
5.66281e-10
5.91847e-10
6.38099e-10
5.95746e-10
6.52576e-10
5.72129e-10
6.14765e-10
5.56039e-10
5.82711e-10
5.67667e-10
6.66641e-10
5.71138e-10
7.06016e-10
6.65528e-10
5.98997e-10
5.48138e-10
5.43723e-10
6.44928e-10
5.94721e-10
6.16938e-10
6.82006e-10
7.32739e-10
6.30174e-10
6.31433e-10
5.29536e-10
6.14229e-10
6.17607e-10
4.77704e-10
5.99981e-10
6.68775e-10
5.89386e-10
5.99868e-10
5.65289e-10
5.75884e-10
6.29737e-10
6.63925e-10
6.58353e-10
6.62159e-10
5.57936e-10
5.94189e-10
5.99056e-10
6.83116e-10
4.15353e-10
4.89716e-10
6.73351e-10
6.22396e-10
6.68311e-10
6.23005e-10
6.45373e-10
5.73963e-10
6.5946e-10
6.02823e-10
6.7067e-10
5.9961e-10
5.44044e-10
5.75364e-10
6.06433e-10
5.8239e-10
4.44774e-10
6.52396e-10
6.44723e-10
6.65342e-10
5.86302e-10
6.16972e-10
5.93624e-10
6.15153e-10
5.72086e-10
6.73425e-10
6.3233e-10
6.87822e-10
6.80583e-10
6.03674e-10
6.52747e-10
6.76427e-10
6.42199e-10
6.33664e-10
5.93149e-10
6.51387e-10
6.40764e-10
5.53698e-10
5.19317e-10
6.55713e-10
6.4566e-10
6.29009e-10
5.99732e-10
6.87042e-10
