2.6185e-10
3.0595e-10
2.9289e-10
3.33295e-10
2.44502e-10
3.32928e-10
2.47624e-10
3.80349e-10
2.9345e-10
2.54738e-10
3.73976e-10
2.84648e-10
2.91784e-10
3.50768e-10
3.21943e-10
3.52783e-10
3.59826e-10
3.32217e-10
3.57e-10
3.29343e-10
2.41827e-10
2.98635e-10
3.99416e-10
4.54167e-10
2.603e-10
3.20656e-10
1.4772e-10
2.32711e-10
2.70679e-10
3.29469e-10
1.87948e-10
3.86642e-10
2.7635e-10
3.08539e-10
3.40413e-10
1.42113e-10
3.67661e-10
4.09958e-10
2.85894e-10
3.95277e-10
2.093e-10
2.73785e-10
3.20198e-10
2.99047e-10
3.68964e-10
2.789e-10
3.70371e-10
3.91157e-10
3.83583e-10
3.00827e-10
3.58259e-10
3.38334e-10
2.52685e-10
2.45444e-10
1.61353e-10
4.32787e-10
4.00352e-10
3.45195e-10
2.23994e-10
2.13017e-10
3.49343e-10
3.75206e-10
2.25117e-10
3.79461e-10
3.13e-10
3.0472e-10
2.11783e-10
3.0027e-10
1.73748e-10
2.99265e-10
2.21039e-10
3.26396e-10
3.39106e-10
3.25562e-10
2.97677e-10
3.44085e-10
2.1573e-10
4.13056e-10
3.6086e-10
4.27498e-10
1.512e-10
3.14768e-10
2.57146e-10
2.61704e-10
3.19426e-10
3.19776e-10
3.9241e-10
2.07785e-10
3.46826e-10
3.79487e-10
3.77389e-10
3.91251e-10
2.32793e-10
3.69219e-10
3.68213e-10
2.08954e-10
2.977e-10
2.97831e-11
2.52864e-10
2.59499e-10
3.81038e-10
3.47997e-10
3.36063e-10
4.21761e-10
3.0345e-10
3.27198e-10
2.82179e-10
3.37759e-10
3.59505e-10
3.70377e-10
3.52809e-10
3.85517e-10
3.52709e-10
3.60367e-10
3.13517e-10
2.76172e-10
3.02073e-10
2.49251e-10
3.35864e-10
3.56925e-10
4.12852e-10
2.96597e-10
3.03142e-10
2.27301e-10
1.96501e-10
2.84605e-10
3.76407e-10
2.36253e-10
2.098e-10
3.32573e-10
3.04327e-10
3.01746e-10
1.91766e-10
2.76196e-10
2.84535e-10
2.64711e-10
3.29873e-10
3.0699e-10
3.58765e-10
3.79315e-10
2.96061e-10
3.48569e-10
3.54417e-10
3.55685e-10
3.56671e-10
3.47145e-10
3.09953e-10
2.83558e-10
3.21844e-10
2.97102e-10
3.30594e-10
4.18793e-10
3.31576e-10
3.72211e-10
3.36367e-10
2.38991e-10
3.30369e-10
3.12684e-10
3.56519e-10
3.08575e-10
3.178e-10
3.38334e-10
3.20279e-10
2.51054e-10
3.82527e-10
3.37106e-10
2.60167e-10
3.73828e-10
1.8575e-10
3.06854e-10
6.5221e-11
3.10565e-10
2.83681e-10
3.46506e-10
3.44021e-10
4.27771e-10
3.27272e-10
2.61299e-10
3.25813e-10
3.13911e-10
3.70102e-10
2.63179e-10
3.85628e-10
2.94064e-10
2.66e-10
2.37719e-10
2.80341e-10
2.90101e-10
3.15862e-10
3.6197e-10
3.63994e-10
4.51593e-10
3.5972e-10
3.56274e-10
3.42533e-10
1.87952e-10
3.47347e-10
2.45883e-10
3.45556e-10
4.29956e-10
1.894e-10
3.07141e-10
3.62446e-10
2.97621e-10
7.11032e-11
3.52009e-10
3.78329e-10
3.54688e-10
3.44143e-10
2.93197e-10
3.05793e-10
2.5098e-10
3.85272e-10
2.98764e-10
3.0768e-10
3.91835e-10
2.2455e-10
3.39941e-10
3.88098e-10
2.85645e-10
3.16733e-10
2.89846e-10
3.69916e-10
2.64634e-10
3.68816e-10
3.64859e-10
2.96963e-10
7.36898e-11
3.48013e-10
1.11125e-10
2.90867e-10
3.73761e-10
3.1965e-10
3.57645e-10
3.02353e-10
2.93046e-10
3.73697e-10
4.10529e-10
3.57709e-10
3.89466e-10
2.727e-10
3.36842e-10
2.85262e-10
2.63259e-10
3.19807e-10
4.19242e-10
4.09114e-10
2.79435e-10
2.6275e-10
3.50942e-10
3.52453e-10
2.70477e-10
3.30751e-10
3.02205e-10
2.74416e-10
3.78577e-10
2.1755e-10
2.71088e-10
2.82112e-10
3.08465e-10
3.01197e-10
2.05155e-10
3.66922e-10
3.73078e-10
3.54619e-70
3.61259e-10
3.60836e-10
1.19153e-10
3.5149e-10
3.87555e-10
3.81907e-10
2.53688e-10
3.43429e-10
3.80195e-10
3.64625e-10
2.31367e-10
3.57522e-10
2.55797e-10
3.13095e-10
3.922e-10
2.203e-10
3.40496e-10
3.401e-10
1.74704e-10
2.26126e-10
2.85157e-10
3.73993e-10
3.0195e-10
2.986e-10
3.36558e-10
3.0432e-10
3.3422e-10
2.78541e-10
3.12173e-10
3.8044e-10
3.67499e-10
2.889e-10
2.92691e-10
2.74369e-10
2.95957e-10
3.17175e-10
3.52911e-10
3.40548e-10
4.11024e-10
3.44572e-10
2.74423e-10
3.01477e-10
1.15234e-10
3.52958e-10
3.44198e-10
3.29794e-10
4.21593e-10
3.41076e-10
3.21911e-10
2.88277e-10
2.79501e-10
3.35665e-10
3.08595e-10
3.28761e-10
2.41812e-10
3.2586e-10
2.96516e-10
3.72673e-10
3.77402e-10
2.77319e-10
2.62159e-10
2.9155e-10
3.44531e-10
3.34436e-10
3.04945e-10
3.3776e-10
3.52895e-10
3.1271e-10
3.43915e-10
2.92261e-10
3.61048e-10
3.59699e-10
3.65706e-10
2.74559e-10
2.30583e-10
3.91333e-10
2.73481e-10
2.93785e-10
3.5625e-10
2.953e-10
1.24537e-10
3.28202e-10
2.43003e-10
3.63491e-10
2.60713e-10
3.63643e-10
3.32551e-10
2.8085e-10
2.30943e-10
3.18388e-10
1.69776e-10
3.24712e-10
3.34027e-10
3.14277e-10
4.31472e-10
3.052e-10
3.7476e-10
3.36659e-10
3.30004e-10
3.34554e-10
2.82246e-10
3.39038e-10
3.64514e-10
3.83428e-10
3.2356e-10
3.28878e-10
2.73171e-10
3.65586e-10
3.61692e-10
1.74152e-10
4.06283e-10
3.128e-10
3.5412e-10
3.40174e-10
3.19131e-10
3.29175e-10
3.04295e-10
2.72146e-10
3.32118e-10
3.041e-10
3.57121e-10
2.90852e-10
2.92391e-10
3.84783e-10
3.02614e-10
3.6175e-10
4.19482e-10
3.74576e-10
3.05081e-10
3.11537e-10
3.2013e-10
3.13515e-10
3.07576e-10
3.02842e-10
3.89621e-10
3.52734e-10
2.20012e-10
3.38097e-10
1.26223e-10
2.16312e-10
3.23972e-10
2.71659e-10
4.15118e-10
2.9805e-10
2.41515e-10
3.12598e-10
2.60994e-10
3.8438e-10
2.42238e-10
2.81394e-10
4.03703e-10
3.224e-10
3.31745e-10
3.49828e-10
2.39696e-10
2.93523e-10
2.94031e-10
4.03448e-10
3.89788e-10
3.6597e-10
2.99392e-10
3.33384e-10
3.06034e-10
3.17853e-10
2.15216e-10
3.55604e-10
4.11976e-10
3.106e-10
2.06845e-10
3.3202e-10
2.01006e-10
2.26219e-10
2.40314e-10
2.60431e-10
3.48665e-10
3.036e-10
2.87435e-10
3.1729e-10
3.44756e-10
2.25036e-10
3.07422e-10
3.29111e-10
3.96123e-10
3.36745e-10
3.23554e-10
1.73116e-10
2.61339e-10
2.96018e-10
3.24198e-10
3.35198e-10
2.76518e-10
3.0365e-10
3.4344e-10
2.95014e-10
2.83689e-10
2.77299e-10
3.34415e-10
3.53657e-10
3.62652e-10
3.27961e-10
3.1788e-10
3.0913e-10
3.58823e-10
2.79193e-10
3.69842e-10
3.5529e-10
3.62395e-10
3.30945e-10
3.28735e-10
2.83075e-10
3.67272e-10
2.64505e-10
2.70704e-10
2.1915e-10
3.98143e-10
3.229e-10
3.06484e-10
2.23301e-10
2.39783e-10
2.80337e-10
3.13949e-10
3.39201e-10
3.77327e-10
3.42702e-10
2.72859e-10
1.4926e-10
3.33761e-10
2.38921e-10
3.72266e-10
3.64587e-10
3.87726e-10
3.69523e-10
3.53258e-10
2.82665e-10
2.75532e-10
3.02427e-10
3.6678e-10
3.7593e-10
2.92605e-10
4.00304e-10
2.87647e-10
2.70858e-10
2.83864e-10
3.27678e-10
3.46591e-10
2.95839e-10
1.68791e-10
3.83165e-10
2.69328e-10
3.14518e-10
2.20983e-10
2.43261e-10
2.85359e-10
3.05421e-10
3.933e-10
3.60847e-10
3.70146e-10
3.2398e-10
2.02303e-10
3.65439e-10
2.06584e-10
3.12726e-10
3.71714e-10
3.5589e-10
2.45037e-10
2.22461e-10
2.7899e-10
2.1518e-10
3.55857e-10
3.43049e-10
3.08319e-10
2.4865e-10
3.05211e-10
3.12563e-10
3.82204e-10
3.09681e-10
2.09517e-10
3.98078e-10
3.94079e-10
3.0755e-10
3.04884e-10
2.94871e-10
3.92334e-10
2.76406e-10
3.48671e-10
3.23797e-10
4.08987e-10
3.218e-10
2.51757e-10
3.12774e-10
3.54451e-10
3.33831e-10
2.38953e-10
3.70365e-10
3.55308e-10
3.26336e-10
3.30847e-10
3.29252e-10
3.40234e-10
3.35552e-10
1.58247e-10
3.72482e-10
3.87324e-10
2.8435e-10
2.39007e-10
3.53435e-10
2.72591e-10
3.9039e-10
3.55238e-10
2.41006e-10
3.3622e-10
3.131e-10
2.14234e-10
2.92209e-10
2.95927e-10
2.2511e-10
3.33592e-10
3.40928e-10
3.25767e-10
2.971e-10
3.48433e-10
3.43665e-10
3.34187e-10
2.57332e-10
3.58727e-10
3.51342e-10
2.62889e-10
3.47371e-10
2.42048e-10
3.55523e-10
3.37964e-10
3.38096e-10
2.47856e-10
2.72532e-10
3.35065e-10
2.8785e-10
3.62669e-10
2.89589e-10
2.96488e-10
2.75411e-10
3.72934e-10
3.56074e-10
4.10648e-10
3.8314e-10
2.76134e-10
3.05883e-10
3.3244e-10
2.6245e-10
3.29268e-10
3.14677e-10
4.07396e-10
3.62023e-10
3.71034e-10
2.714e-10
2.88809e-10
2.2961e-10
2.61295e-10
2.86664e-10
4.21998e-10
2.9665e-10
2.87073e-10
2.56541e-10
2.73937e-10
3.36144e-10
2.81528e-10
3.61058e-10
2.83345e-10
2.438e-10
2.99974e-10
3.2867e-10
3.80772e-10
3.00646e-10
2.35496e-10
4.00308e-10
3.53756e-10
3.1525e-10
2.745e-10
2.43682e-10
3.51826e-10
2.68048e-10
3.11408e-10
3.44584e-10
4.14661e-10
3.62043e-10
3.70338e-10
3.54625e-10
3.88306e-10
2.9674e-10
3.47961e-10
3.11853e-10
3.7826e-10
2.5715e-10
3.49233e-10
2.87521e-10
2.95804e-10
3.08947e-10
3.14751e-10
3.22044e-10
4.26117e-10
3.38299e-10
1.9209e-10
2.71692e-10
2.87264e-10
2.36928e-10
3.8664e-10
2.30481e-10
4.24674e-10
3.31701e-10
3.09109e-10
3.57134e-10
2.89334e-10
2.50659e-10
3.68572e-10
4.15506e-10
4.48396e-10
3.41766e-10
1.03629e-10
3.44088e-10
3.15856e-10
3.32048e-10
3.32331e-10
3.81846e-10
3.22276e-10
3.0135e-10
3.11588e-10
3.36037e-10
3.43223e-10
2.66779e-10
2.84399e-10
3.62997e-10
3.91306e-10
3.01e-10
3.66867e-10
2.99846e-10
3.25558e-10
3.35427e-10
3.41219e-10
3.79582e-10
2.16821e-10
3.26431e-10
2.6303e-10
3.2296e-10
3.09607e-10
3.34454e-10
3.88052e-10
1.55801e-10
4.0492e-10
3.26713e-10
2.47757e-10
3.47149e-10
3.43993e-10
2.06276e-10
2.90624e-10
3.5265e-10
4.75647e-10
3.4598e-10
2.95094e-10
3.48203e-10
3.43531e-10
3.93776e-10
3.68032e-10
3.72329e-10
1.98537e-10
3.28503e-10
3.01688e-10
3.44508e-10
3.5118e-10
3.63185e-10
2.33651e-10
2.77656e-10
3.68932e-10
3.58015e-10
2.82398e-10
3.05106e-10
2.50563e-10
3.37248e-10
3.23875e-10
3.04303e-10
3.81824e-10
1.629e-10
3.15555e-10
2.38554e-10
3.23311e-10
3.5709e-10
3.37702e-10
3.59573e-10
3.38161e-10
1.6405e-10
1.91341e-10
3.57316e-10
2.65839e-10
3.26766e-10
3.32561e-10
3.00421e-10
4.0113e-10
3.28772e-10
3.10323e-10
1.76828e-10
3.0596e-10
2.79245e-10
3.05695e-10
3.01417e-10
4.11353e-10
3.1315e-10
3.39279e-10
3.25143e-10
3.27154e-10
3.39563e-10
2.84888e-10
3.99147e-10
2.87371e-10
3.208e-10
3.62418e-10
3.10353e-10
3.62628e-10
3.57117e-10
3.0842e-10
3.27882e-10
3.62371e-10
3.47513e-10
3.423e-10
2.80582e-10
2.00921e-10
3.36093e-10
3.45881e-10
4.11532e-10
4.08023e-10
2.2285e-10
3.56032e-10
3.54196e-10
3.50924e-10
3.45426e-10
3.39278e-10
3.86249e-10
4.41059e-10
3.43177e-10
3.37024e-10
1.55622e-10
2.71414e-10
3.02206e-10
3.3398e-10
3.19099e-10
3.14695e-10
2.8885e-10
3.41458e-10
1.87575e-10
3.38312e-10
3.5599e-10
3.26638e-10
3.4483e-10
3.0496e-10
3.033e-10
3.07388e-10
3.83459e-10
2.65676e-10
2.49151e-10
3.04011e-10
2.77338e-10
3.1264e-10
3.36486e-10
3.66823e-10
2.41918e-10
2.74834e-10
9.65681e-11
2.52371e-10
3.88534e-10
4.19077e-10
3.75956e-10
3.32197e-10
2.23634e-10
2.63356e-10
2.89135e-10
2.73592e-10
7.11646e-11
2.93706e-10
3.76721e-10
2.67992e-10
3.0943e-10
3.27344e-10
1.13271e-10
3.30374e-10
3.83731e-10
3.91166e-10
2.604e-10
2.99647e-10
2.79974e-10
2.95632e-10
3.4392e-10
2.52092e-10
3.61927e-10
4.1783e-10
2.9435e-10
3.72098e-10
1.88309e-10
3.32328e-10
3.19936e-10
3.35347e-10
3.58006e-10
4.13405e-10
3.50892e-10
3.43873e-10
1.38143e-10
1.8137e-10
2.56616e-10
3.24266e-10
3.5359e-10
3.344e-10
2.311e-10
3.5038e-10
3.08211e-10
2.925e-10
1.75737e-10
2.4355e-10
3.67044e-10
2.83139e-10
2.448e-10
3.53095e-10
3.73484e-10
1.56138e-10
3.47558e-10
2.76769e-10
3.87564e-10
3.23518e-10
3.5642e-10
2.70251e-10
2.76314e-10
3.15217e-10
3.2834e-10
3.6855e-10
3.19522e-10
3.3119e-10
3.63939e-10
1.97993e-10
3.78143e-10
3.58711e-10
3.25962e-10
3.46739e-10
3.35226e-10
2.28525e-10
3.57326e-10
3.11215e-10
4.32884e-11
3.50878e-10
3.01609e-10
3.306e-10
2.68138e-10
3.66976e-10
3.27457e-10
3.58822e-10
2.37486e-10
1.97296e-10
2.92109e-10
2.59504e-10
3.63444e-10
3.52795e-10
3.50944e-10
3.28929e-10
1.90215e-10
2.26889e-10
2.8145e-10
1.94321e-10
3.55105e-10
3.57953e-10
2.9895e-10
2.4798e-10
3.29965e-10
2.6195e-10
3.49207e-10
4.11722e-10
3.74204e-10
3.50533e-10
3.042e-10
3.65555e-10
3.41426e-10
3.22154e-10
3.40746e-10
3.8661e-10
3.76984e-10
4.1341e-10
3.4134e-10
3.32902e-10
2.83693e-10
3.44096e-10
3.11136e-10
3.26641e-10
2.15966e-10
4.40691e-10
2.6455e-10
3.45853e-10
3.40516e-10
3.2328e-10
2.89613e-10
3.83694e-10
3.38674e-10
3.64966e-10
3.31198e-10
3.76336e-10
2.71368e-10
3.10987e-10
3.13868e-10
2.77351e-10
3.30644e-10
3.68538e-10
1.9515e-10
2.74699e-10
3.47791e-11
3.73947e-10
3.23207e-10
2.63397e-10
3.5826e-10
2.53935e-10
2.189e-10
3.17626e-10
3.09616e-10
3.23874e-10
3.12868e-10
3.32672e-10
2.12348e-10
2.99795e-10
2.5245e-10
3.34069e-10
3.41222e-10
3.65807e-10
2.15925e-10
3.14937e-10
3.53761e-10
2.81774e-10
2.9475e-10
3.43892e-10
1.2094e-10
2.79462e-10
3.18597e-10
2.86203e-10
4.06423e-10
3.79012e-10
3.1555e-10
3.39875e-10
3.3039e-10
2.74354e-10
3.88573e-10
3.33358e-10
2.78554e-10
2.44219e-10
2.9175e-10
3.39479e-10
2.09257e-10
1.70856e-10
2.496e-10
3.61601e-10
3.10208e-10
3.95925e-10
3.6035e-10
2.74437e-10
3.53736e-10
3.19647e-10
3.18471e-10
3.66826e-10
3.40932e-10
2.95996e-10
3.042e-10
3.20822e-10
3.38742e-10
2.94223e-10
3.17842e-10
3.09274e-10
3.51082e-10
3.33799e-10
3.94938e-10
3.53021e-10
2.09553e-10
3.49374e-10
2.24871e-10
1.69104e-10
4.0846e-10
2.95783e-10
3.41142e-10
2.46886e-10
3.48756e-10
3.12324e-10
3.13671e-10
3.22772e-10
3.37611e-10
4.10764e-10
3.35588e-10
2.20133e-10
3.52811e-10
1.55662e-10
3.61489e-10
3.8312e-10
2.35242e-10
3.09338e-10
2.902e-10
3.17294e-10
3.01095e-10
2.23241e-10
3.49704e-10
3.95804e-10
3.81425e-10
3.22748e-10
3.0735e-10
2.71365e-10
3.03483e-10
3.58683e-10
3.70491e-10
3.8829e-10
3.43039e-10
3.5992e-10
3.132e-10
2.40792e-10
2.9758e-10
2.99882e-10
3.04964e-10
2.98584e-10
2.72328e-10
3.14793e-10
2.206e-10
3.31345e-10
3.07556e-10
3.26225e-10
3.53221e-10
2.75464e-10
3.83294e-10
3.87717e-10
3.58649e-10
3.72274e-10
2.60169e-10
1.56988e-10
1.20636e-10
3.74794e-10
3.39459e-10
1.69674e-10
2.378e-10
3.41395e-10
2.89584e-10
3.03592e-10
3.1232e-10
3.32004e-10
3.57495e-10
3.57575e-10
1.8955e-10
2.47058e-10
2.70293e-10
3.89511e-10
1.86791e-10
3.02079e-10
3.21421e-10
3.77193e-10
2.606e-10
2.91395e-10
2.99542e-10
3.62794e-10
1.00072e-10
3.51554e-10
3.47064e-10
4.08504e-10
2.558e-10
2.4725e-10
3.69719e-10
5.68846e-11
3.5785e-10
3.43692e-10
3.67743e-10
3.4325e-10
3.0225e-10
2.60658e-10
3.04281e-10
3.38207e-10
3.32851e-10
3.27901e-10
2.79494e-10
2.83787e-10
3.65769e-10
3.96416e-10
3.51105e-10
3.44129e-10
2.49546e-10
3.45142e-10
3.62276e-10
4.1045e-10
1.3955e-10
2.89615e-10
2.77114e-10
3.75365e-10
2.31337e-10
3.61477e-10
3.57644e-10
1.66908e-10
3.35207e-10
3.14558e-10
3.26118e-10
3.12273e-10
3.67233e-10
3.22596e-10
3.23237e-10
4.07509e-10
2.786e-10
3.63244e-10
3.21383e-10
2.99235e-10
3.41104e-10
3.23265e-10
3.29663e-10
2.62722e-10
1.951e-10
3.93625e-10
3.18835e-10
3.57134e-10
2.22332e-10
3.20373e-10
2.98284e-10
3.69476e-10
2.833e-10
2.5195e-10
3.06786e-10
3.77492e-10
2.43754e-10
3.73782e-10
2.99672e-10
2.80825e-10
3.0705e-10
2.55864e-10
3.02825e-10
3.72313e-10
4.08778e-10
3.77675e-10
3.44841e-10
4.37997e-10
2.62e-10
2.99157e-10
2.81777e-10
3.05527e-10
3.54282e-10
3.4698e-10
2.77741e-10
4.28802e-10
3.26854e-10
3.05581e-10
3.40999e-10
3.32635e-10
3.45171e-10
2.08994e-10
2.87594e-10
3.92093e-10
2.7865e-10
2.9594e-10
3.1995e-10
3.00061e-10
2.80412e-10
3.2546e-10
3.14898e-10
2.21105e-10
3.34862e-10
3.58631e-10
3.18192e-10
4.20018e-10
2.42112e-10
3.16741e-10
3.42352e-10
2.80797e-10
1.9875e-10
3.85539e-10
2.61838e-10
3.22205e-10
3.0816e-10
3.72354e-10
3.32293e-10
4.37597e-10
3.235e-10
2.62851e-10
3.08881e-10
3.6642e-10
3.11913e-10
3.82111e-10
3.53373e-10
4.00033e-10
3.31114e-10
2.34553e-10
3.22552e-10
2.805e-10
3.36262e-10
2.79016e-10
3.13571e-10
2.98441e-10
2.7275e-10
2.42811e-10
3.09056e-10
3.89929e-10
3.21065e-10
3.70951e-10
3.20922e-10
4.23609e-10
3.43334e-10
2.48338e-10
3.54712e-10
3.64325e-10
3.0844e-10
4.06894e-10
2.9902e-10
4.21095e-10
3.48578e-10
3.897e-10
2.7142e-10
2.97273e-10
3.90569e-10
2.97855e-10
3.76067e-10
3.79988e-10
2.926e-10
2.82408e-10
3.09371e-10
4.05934e-10
2.98243e-10
3.45736e-10
3.71075e-10
3.02343e-10
3.47428e-10
3.08791e-10
3.33614e-10
3.43453e-10
3.02497e-10
3.45222e-10
3.64297e-10
3.67151e-10
2.367e-10
3.20698e-10
2.79075e-10
2.88524e-10
2.75512e-10
3.67847e-10
3.30658e-10
4.13825e-10
3.0265e-10
3.21987e-10
2.8352e-10
2.66098e-10
2.90075e-10
2.67476e-10
3.85735e-10
3.43e-10
3.79945e-10
1.82912e-10
2.70004e-10
1.91699e-10
3.49095e-10
2.72782e-10
3.85337e-10
3.95865e-10
3.37619e-10
3.41239e-10
3.19953e-10
3.64375e-10
3.59542e-10
1.81373e-10
3.49032e-10
3.51757e-10
2.2755e-10
2.82809e-10
2.94256e-10
3.44091e-10
2.04991e-10
3.68224e-10
3.01456e-10
3.57175e-10
1.7805e-10
3.03408e-10
3.43543e-10
2.20603e-10
3.36023e-10
2.73884e-10
3.98921e-10
3.97763e-10
2.739e-10
3.37958e-10
3.71362e-10
3.1816e-10
3.09362e-10
3.24038e-10
3.80341e-10
2.19464e-10
2.6195e-10
2.94599e-10
3.46492e-10
3.08589e-10
3.50115e-10
3.87161e-10
3.95882e-10
3.25532e-10
2.3965e-10
3.2724e-10
1.85885e-10
4.03642e-10
3.45753e-10
3.41752e-10
3.57336e-10
4.22337e-10
3.39659e-10
2.56714e-10
2.19684e-10
2.89454e-10
2.66728e-10
3.30582e-10
3.97643e-10
3.61638e-10
3.63265e-10
3.31812e-10
3.17615e-10
3.50582e-10
2.92407e-10
2.1733e-10
3.87748e-10
3.35363e-10
1.6004e-70
2.82609e-10
2.63336e-10
1.83465e-10
2.99958e-10
3.12901e-10
4.1801e-10
4.02932e-10
3.25524e-10
3.77974e-10
3.28481e-10
2.94531e-10
2.26717e-10
2.80742e-10
3.58456e-10
3.60512e-10
3.71685e-10
2.98873e-10
3.19204e-10
3.99325e-10
3.45677e-10
3.54476e-10
3.94887e-10
4.25947e-10
3.1275e-10
2.09643e-10
1.78015e-10
2.97708e-10
2.79062e-10
2.22194e-10
3.3633e-10
4.10474e-10
2.8165e-10
3.32961e-10
3.31175e-10
3.25519e-10
2.67082e-10
3.14671e-10
3.7267e-10
3.54495e-10
2.7985e-10
2.93989e-10
3.26265e-10
3.56256e-10
2.80248e-10
3.23693e-10
3.51401e-10
3.10362e-10
3.1175e-10
3.6503e-10
3.1814e-10
3.65527e-10
2.08427e-10
3.3902e-10
3.8224e-10
3.71641e-10
2.997e-10
3.14437e-10
3.65256e-10
3.6867e-10
2.64834e-10
2.54677e-10
3.98873e-10
2.78075e-10
2.9875e-10
2.28068e-10
2.96001e-10
2.59906e-10
3.59251e-10
3.47924e-10
1.89748e-10
3.65362e-10
3.217e-10
2.69189e-10
3.8083e-10
3.10011e-10
2.37456e-10
3.70001e-10
3.22699e-10
3.1609e-10
1.956e-10
3.39446e-10
3.41946e-10
3.75194e-10
3.0951e-10
2.49123e-10
2.91131e-10
3.52185e-10
3.84581e-10
3.4258e-10
9.972e-11
3.54899e-10
2.75815e-10
3.4596e-10
3.87425e-10
3.87875e-10
3.24448e-10
3.24567e-10
2.59861e-10
3.22779e-10
3.28315e-10
3.21611e-10
2.18408e-10
4.08049e-10
3.49993e-10
1.41126e-10
2.95672e-10
3.6719e-10
3.36651e-10
3.47527e-10
3.21952e-10
4.03277e-10
3.0835e-10
3.47148e-10
2.00333e-10
1.54621e-10
3.36848e-10
1.20275e-10
3.57666e-10
3.19428e-10
3.67923e-10
3.36445e-10
3.92843e-10
2.09804e-10
3.58307e-10
2.91802e-10
3.35817e-10
3.38552e-10
2.8885e-10
3.03859e-10
3.40902e-10
3.77336e-10
3.52898e-10
3.2556e-10
3.38422e-10
2.30439e-10
2.5145e-10
3.0554e-10
3.26229e-10
3.61545e-10
2.26374e-10
3.17661e-10
3.49968e-10
2.38223e-10
3.26666e-10
3.56863e-10
2.97616e-10
3.67184e-10
3.56217e-10
3.12379e-10
3.50748e-10
3.42481e-10
2.696e-10
2.94558e-10
3.74157e-10
2.7674e-10
3.36064e-10
3.53689e-10
3.41145e-10
3.70739e-10
1.958e-10
3.48163e-10
1.89959e-10
3.27342e-10
3.7072e-10
3.55713e-10
3.40002e-10
3.05593e-10
3.1445e-10
3.36877e-10
2.57837e-10
3.36023e-10
2.67785e-10
3.29587e-10
3.24651e-10
3.86707e-10
3.74383e-10
3.30899e-10
1.86464e-10
3.46282e-10
3.38299e-10
3.2857e-10
3.85841e-10
3.95824e-10
3.0475e-10
3.1295e-10
2.85604e-10
2.61649e-10
3.29973e-10
2.90193e-10
3.15275e-10
4.17487e-10
2.688e-10
2.84335e-10
3.67334e-10
3.85787e-10
3.06028e-10
3.21609e-10
3.43231e-10
4.07568e-10
3.7159e-10
3.67251e-10
3.24717e-10
3.34655e-10
2.87943e-10
3.44741e-10
2.35334e-10
3.06421e-10
3.57483e-10
3.48355e-10
3.6141e-10
3.61981e-10
2.75921e-10
2.58519e-10
3.57538e-10
3.45556e-10
1.15e-10
3.92706e-10
2.46145e-10
2.37318e-10
2.64105e-10
3.41601e-10
3.06308e-10
4.34925e-10
2.4795e-10
3.84134e-10
2.51859e-10
2.84149e-10
3.38431e-10
2.90585e-10
3.54878e-10
3.60018e-10
3.43865e-10
4.09782e-10
3.44065e-10
3.29684e-10
2.78687e-10
2.6801e-10
3.67751e-10
4.09715e-10
2.975e-10
2.21696e-10
2.37031e-10
3.19081e-10
3.18162e-10
4.10422e-10
4.24113e-10
3.97126e-10
2.654e-10
3.38095e-10
2.19444e-10
2.34712e-10
2.95548e-10
3.80046e-10
1.78836e-10
4.12055e-10
2.875e-10
2.70731e-10
4.00552e-10
2.94704e-10
3.27997e-10
3.46154e-10
2.62244e-10
2.58829e-10
3.70201e-10
3.69182e-10
2.25998e-10
2.97135e-10
2.14989e-10
2.59978e-10
4.15481e-10
3.16975e-10
3.27687e-10
3.52258e-10
2.96241e-10
3.72665e-10
2.75064e-10
3.79013e-10
3.33809e-10
3.91457e-10
3.1055e-10
2.41097e-10
3.70839e-10
3.19776e-10
2.95726e-10
3.53162e-10
3.45921e-10
3.71399e-10
2.725e-10
3.35877e-10
3.52895e-10
3.39861e-10
3.21621e-10
2.843e-10
2.43189e-10
2.96945e-10
2.441e-10
3.28452e-10
2.64791e-10
3.57143e-10
3.28298e-10
2.3839e-10
4.05169e-10
3.43752e-10
3.26051e-10
2.70691e-10
3.00127e-10
3.77671e-10
3.06856e-10
3.59694e-10
3.39552e-10
4.20998e-10
2.5315e-10
3.5367e-10
2.93681e-10
3.66977e-10
3.06791e-10
3.8552e-10
3.78718e-10
3.52801e-10
3.76156e-10
3.01913e-11
3.94725e-10
3.55327e-10
3.39122e-10
3.06411e-10
2.61654e-10
2.16646e-10
3.38192e-10
2.66055e-10
2.38632e-10
3.51275e-10
2.21892e-10
3.33559e-10
3.02647e-10
3.00451e-10
2.6975e-10
2.78126e-10
3.79613e-10
3.331e-10
2.14472e-10
3.88874e-10
3.87109e-10
4.06511e-10
3.112e-10
2.34171e-10
2.12462e-10
2.47355e-10
1.80264e-10
3.41953e-10
3.03641e-10
3.92357e-10
2.3625e-10
3.02426e-10
3.60898e-10
3.51872e-10
4.10808e-10
3.49474e-10
3.60527e-10
4.03421e-10
3.29611e-10
3.34261e-10
3.69173e-10
3.23724e-10
3.18607e-10
3.5289e-10
3.45701e-10
4.20745e-10
2.3165e-10
2.80845e-10
3.12985e-10
3.51986e-10
3.10095e-10
3.57957e-10
3.85769e-10
2.75422e-10
3.81548e-10
2.96437e-10
3.01448e-10
3.21012e-10
3.69497e-10
3.36658e-10
3.22557e-10
3.98001e-10
2.8475e-10
3.50018e-10
2.36798e-10
3.25167e-10
2.52694e-10
3.79808e-10
3.5604e-10
2.47163e-10
3.46449e-10
3.46012e-10
2.64885e-10
2.61728e-10
3.37453e-10
3.484e-10
3.19992e-10
3.73076e-10
3.56168e-10
4.85228e-11
3.18913e-10
3.10377e-10
1.84784e-10
3.57375e-10
3.61153e-10
3.80058e-10
2.1985e-10
3.62009e-10
3.89998e-10
3.21545e-10
3.37922e-10
3.48385e-10
3.85813e-10
3.47982e-10
3.029e-10
2.98994e-10
3.80415e-10
2.87503e-10
3.14987e-10
1.25434e-10
3.51995e-10
3.3499e-10
3.71622e-10
2.94791e-10
8.20829e-11
3.52458e-10
3.43685e-10
2.7258e-10
3.82185e-10
3.84679e-10
2.517e-10
3.75577e-10
2.53788e-10
3.62169e-10
2.79291e-10
3.59918e-10
3.13108e-10
3.67477e-10
3.046e-10
3.65663e-10
1.93952e-10
2.61206e-10
3.04984e-10
2.49866e-10
3.75963e-10
2.77547e-10
3.0135e-10
2.69979e-10
2.30252e-10
3.01018e-10
3.75331e-10
3.62011e-10
3.53568e-10
3.93324e-10
2.484e-10
2.00344e-10
3.06996e-10
3.38623e-10
1.92461e-10
1.73772e-10
2.34157e-10
3.98211e-10
3.51823e-10
3.20738e-10
3.15804e-10
3.65033e-10
2.25136e-10
3.20202e-10
3.36593e-10
2.48719e-10
3.5596e-10
3.22056e-10
2.82603e-10
2.79486e-10
2.9568e-10
2.38126e-10
3.04021e-10
4.52086e-10
3.61661e-10
3.26849e-10
3.21324e-10
3.81577e-10
1.09215e-10
3.0079e-10
3.92181e-10
3.07478e-10
2.784e-10
2.29411e-10
3.47311e-10
3.22729e-10
3.2855e-10
3.48623e-10
3.27202e-10
2.68664e-10
2.781e-10
3.16921e-10
3.9571e-10
2.21827e-10
1.40799e-10
2.05729e-10
2.66509e-10
2.10838e-10
3.1545e-10
3.44042e-10
1.86851e-10
3.47478e-10
3.40931e-10
3.06509e-10
3.63403e-10
2.59211e-10
6.1e-12
3.38266e-10
3.08414e-10
2.03121e-10
3.86817e-10
3.72444e-10
4.06414e-10
4.22032e-10
2.594e-10
2.88363e-10
3.52897e-10
3.63036e-10
2.82704e-10
3.50208e-10
3.16149e-10
3.68409e-10
3.1245e-10
2.94923e-10
2.43064e-10
2.97618e-10
2.54768e-10
3.09362e-10
3.70602e-10
3.73431e-10
3.007e-10
3.62146e-10
3.22751e-10
9.3661e-11
2.22489e-10
3.394e-10
3.56879e-10
3.34921e-10
3.026e-10
3.34069e-10
2.21925e-10
3.37437e-10
1.89247e-10
3.41326e-10
2.705e-10
3.60105e-10
3.40137e-10
2.78622e-10
3.41077e-10
2.78222e-10
2.68163e-10
3.58438e-10
2.80982e-10
3.32346e-10
2.4195e-10
2.34491e-11
3.59187e-10
1.21596e-10
1.75327e-10
2.91222e-10
4.0233e-10
2.47108e-10
3.2325e-10
2.97731e-10
2.8483e-10
2.37331e-10
1.67853e-10
2.59463e-10
3.27057e-10
3.7709e-10
3.68934e-10
2.98465e-10
2.21695e-10
2.92594e-10
6.0414e-11
2.8953e-10
2.9447e-10
4.14511e-10
2.132e-10
2.8667e-10
3.12739e-10
3.49178e-10
2.79549e-10
3.47545e-10
3.79599e-10
3.20021e-10
3.08e-10
3.1452e-10
2.47999e-10
3.76966e-10
2.50324e-10
3.10186e-10
3.74873e-10
3.63938e-10
2.886e-10
3.57492e-10
2.11608e-10
2.56143e-10
3.54504e-10
3.70237e-10
3.19349e-10
3.60707e-10
3.24547e-10
2.72155e-10
2.87322e-10
3.68649e-10
1.78043e-10
2.99462e-10
3.86674e-10
2.83257e-10
3.59081e-10
3.55897e-10
3.32902e-10
2.72824e-10
7.97219e-11
1.278e-10
3.36645e-10
4.00006e-10
3.77527e-10
3.0989e-10
3.38531e-10
3.42369e-10
3.19469e-10
2.4948e-10
3.35757e-10
3.73185e-10
2.2715e-10
3.15016e-10
2.70162e-10
3.32407e-10
2.26806e-10
3.0835e-10
3.25433e-10
2.77407e-10
1.85726e-70
3.08498e-10
2.79374e-10
3.51906e-10
3.25103e-10
3.46191e-10
3.3051e-10
4.00294e-10
3.29699e-10
2.54461e-10
2.15535e-10
2.95982e-10
2.20416e-10
3.46186e-10
2.46166e-10
4.23301e-10
3.023e-10
2.52839e-10
3.00542e-10
2.0192e-10
3.24545e-10
2.88981e-10
2.28704e-10
4.42651e-10
2.95e-10
3.79421e-10
3.46584e-10
2.51593e-10
3.22175e-10
3.38905e-10
3.56433e-10
3.8206e-10
1.6725e-10
3.85886e-10
3.36453e-10
2.55166e-10
3.57974e-10
3.34125e-10
2.30764e-10
3.54501e-10
3.43177e-10
2.82187e-11
3.62152e-10
3.66271e-10
2.54798e-10
2.61474e-10
3.63602e-10
2.98193e-10
2.8335e-10
3.34742e-10
3.64508e-10
3.47413e-10
2.36549e-10
3.88722e-10
2.7186e-10
4.27222e-10
3.30648e-10
2.73261e-10
3.13612e-10
9.5472e-11
3.18953e-10
3.40622e-10
3.29282e-10
2.98513e-10
3.47852e-10
2.85043e-10
2.68842e-10
2.56918e-10
2.8613e-10
3.56644e-10
2.22082e-10
3.70328e-10
2.5415e-10
1.03721e-10
3.6751e-10
3.48492e-10
2.5508e-10
1.5769e-10
2.50874e-10
1.5075e-10
2.6465e-10
3.02098e-10
2.87662e-10
3.93644e-10
2.56094e-10
2.98609e-10
3.34249e-10
3.75978e-10
2.982e-10
3.48109e-10
2.26342e-10
2.63355e-10
3.74946e-10
2.36082e-10
1.83313e-10
4.44715e-10
3.26572e-10
2.77742e-10
2.79054e-10
2.86558e-10
3.45988e-10
3.90427e-10
2.76963e-10
4.10192e-10
4.15493e-10
2.65835e-10
2.46782e-10
2.70123e-10
3.47516e-10
3.01692e-10
2.16476e-10
4.08175e-10
2.1875e-10
2.85622e-10
2.95076e-10
3.56833e-10
3.44122e-10
2.70439e-10
3.45096e-10
3.94931e-10
3.79776e-10
3.3077e-10
3.02698e-10
3.6681e-10
2.7738e-10
3.21448e-10
2.9897e-10
3.50389e-10
3.205e-10
2.9977e-10
3.48389e-10
3.44712e-10
3.55184e-10
3.3666e-10
3.1186e-10
3.11147e-10
2.8695e-10
3.6422e-10
3.33144e-10
2.97949e-10
5.11783e-11
2.25528e-10
2.47412e-10
3.77449e-10
3.121e-10
1.49866e-10
3.10597e-10
3.54928e-10
3.00462e-10
3.21839e-10
3.44788e-10
4.08255e-10
2.741e-10
2.80965e-10
3.2537e-10
2.96076e-10
2.49705e-10
2.19122e-10
3.5898e-10
4.41613e-10
3.2295e-10
3.17543e-10
3.38674e-10
3.56557e-10
1.0928e-10
3.05846e-10
3.41583e-10
4.10439e-10
3.24941e-10
3.42143e-10
3.45028e-10
2.89932e-10
3.48135e-10
3.085e-10
3.83449e-10
4.09169e-10
3.42702e-10
3.29233e-10
2.04862e-10
2.76783e-10
1.1574e-10
3.58447e-10
3.35549e-10
3.88063e-10
3.46565e-10
3.64163e-10
2.56343e-10
2.13067e-10
3.12564e-10
3.69391e-10
3.12675e-10
2.60804e-10
3.26099e-10
2.97361e-10
3.14849e-10
2.85184e-10
3.10836e-10
1.83325e-10
4.26213e-10
4.817e-10
3.73831e-10
3.13153e-10
2.78041e-10
2.09243e-10
3.68366e-10
3.00892e-10
3.53875e-10
3.13031e-10
2.675e-10
3.06484e-10
3.70676e-10
3.33426e-10
3.6354e-10
2.47341e-10
3.95191e-10
4.28057e-10
2.8075e-10
3.33728e-10
3.03998e-10
3.61304e-10
2.78492e-10
3.39282e-10
3.16013e-10
3.48002e-10
2.75e-10
2.98709e-10
3.27843e-10
2.77559e-10
2.32583e-10
2.91731e-10
2.37991e-10
2.62052e-10
2.9505e-10
3.60678e-10
3.60844e-10
8.73312e-11
3.64048e-10
3.53779e-10
1.83955e-10
3.48588e-10
3.33769e-10
3.40469e-10
3.00123e-10
3.74122e-10
3.7992e-10
3.45803e-10
2.29894e-10
8.01233e-11
3.67276e-10
3.34849e-10
3.45057e-10
2.73037e-10
3.69674e-10
3.00993e-10
4.10694e-10
4.25372e-10
3.65549e-10
3.02031e-10
1.63977e-10
3.16033e-10
3.34902e-10
3.68487e-10
4.24261e-10
3.79119e-10
3.2065e-10
3.27951e-10
6.30218e-11
3.09682e-10
3.89805e-10
3.80886e-10
2.94846e-10
4.03431e-10
3.191e-10
3.31785e-10
3.00215e-10
3.13365e-10
2.6841e-10
3.40952e-10
3.05789e-10
1.78552e-10
3.4448e-10
3.48033e-10
3.16638e-10
3.22269e-10
3.09775e-10
2.94285e-10
3.35969e-10
4.33176e-10
2.9935e-10
3.56457e-10
2.69559e-10
3.2964e-10
3.45413e-10
3.94375e-10
3.52133e-10
4.30077e-10
2.959e-10
3.18912e-10
2.7236e-10
3.70107e-10
2.99111e-10
4.03949e-10
2.81541e-10
4.10828e-10
3.47456e-10
3.12442e-10
2.34628e-10
1.51859e-10
3.26376e-10
3.5611e-10
3.01083e-10
3.44679e-10
3.0145e-10
2.77567e-10
2.71736e-10
3.5212e-10
2.88781e-10
3.56132e-10
3.61667e-10
3.4362e-10
2.869e-10
2.47404e-10
3.64528e-10
3.40153e-10
3.48585e-10
2.77856e-10
3.10696e-10
2.96217e-10
3.8207e-10
3.28772e-10
2.63421e-10
2.15104e-10
3.09184e-10
2.90826e-10
2.26005e-10
1.66517e-10
2.7785e-10
2.87879e-10
2.65861e-10
3.06102e-10
3.40233e-10
3.38089e-10
1.58171e-10
2.82224e-10
2.0095e-10
3.1804e-10
3.29641e-10
8.24629e-11
2.13499e-10
8.54843e-11
3.05886e-10
3.22888e-10
3.52584e-10
2.69077e-10
2.84836e-10
3.44636e-10
1.67989e-10
3.01663e-10
3.28336e-10
4.33389e-10
2.9585e-10
2.71246e-10
2.4526e-10
3.43675e-10
3.48449e-10
2.03059e-10
3.35627e-10
3.63613e-10
3.161e-10
2.70098e-10
3.28921e-10
3.70441e-10
3.41289e-10
2.76997e-10
3.69358e-10
2.1488e-10
3.0185e-10
2.30794e-10
3.00128e-10
3.09073e-10
1.78537e-10
3.64335e-10
2.57346e-10
3.68031e-10
3.84766e-10
2.40167e-10
3.11002e-10
2.80855e-10
3.8479e-10
2.26112e-10
3.39699e-10
3.56109e-10
2.9865e-10
2.82488e-10
4.05858e-10
2.41456e-10
3.64159e-10
3.3794e-10
3.16795e-10
3.39184e-10
2.7445e-10
3.07018e-10
2.60953e-10
3.59207e-10
3.75962e-10
3.68381e-10
2.4407e-10
3.85842e-10
2.6235e-10
3.53741e-10
2.29621e-10
2.82614e-10
3.17335e-10
2.82173e-10
3.1692e-10
2.55557e-10
1.9285e-10
3.35441e-10
3.08971e-10
3.654e-10
3.41648e-10
3.41178e-10
1.70186e-10
4.42532e-10
3.77361e-10
2.5313e-10
3.93097e-10
3.34594e-10
2.88303e-10
2.9443e-10
3.24951e-10
3.68911e-10
2.8e-10
2.8667e-10
3.42462e-10
2.67238e-10
3.26056e-10
3.66064e-10
3.96575e-10
2.48729e-10
2.1395e-10
2.92084e-10
2.49218e-10
3.33105e-10
3.48158e-10
3.59103e-10
3.50298e-10
4.14095e-10
3.46739e-10
3.18885e-10
3.15606e-10
3.08385e-10
2.87805e-10
3.22368e-10
3.69348e-10
3.64382e-10
2.8055e-10
3.48163e-10
2.13218e-10
3.39445e-10
3.40308e-10
3.22175e-10
2.97534e-10
4.36427e-10
3.37978e-10
3.44819e-10
2.41086e-10
2.0207e-10
3.19556e-10
3.10951e-10
2.46341e-10
2.65752e-10
2.8335e-10
3.33576e-10
3.18643e-10
3.4078e-10
3.32828e-10
2.65627e-10
2.92511e-10
1.84067e-10
3.33531e-10
2.79461e-10
2.72505e-10
3.00731e-10
3.50213e-10
4.16293e-10
3.56741e-10
3.56313e-10
3.71969e-10
1.46049e-10
3.74378e-10
3.0045e-10
3.03767e-10
3.70512e-10
2.53098e-10
3.66853e-10
3.083e-10
3.64034e-10
3.64392e-10
2.92418e-10
2.49615e-10
3.54379e-10
1.60667e-10
3.35573e-10
3.3145e-10
3.79909e-10
3.35368e-10
3.48245e-10
4.0272e-10
3.24493e-10
3.82453e-10
4.22543e-10
1.9645e-10
2.37795e-10
3.52377e-10
3.21428e-10
3.84229e-10
3.18218e-10
3.35439e-10
4.0679e-10
2.0215e-10
3.27324e-10
2.35969e-10
3.42835e-10
3.28316e-10
3.16741e-10
3.73342e-10
4.20056e-10
3.52934e-10
3.33123e-10
3.29908e-10
3.10243e-10
2.7069e-10
3.88676e-10
1.55195e-10
3.19854e-10
2.6695e-10
3.10269e-10
3.51191e-10
3.6134e-10
3.49448e-10
2.13732e-10
3.92212e-10
3.63272e-10
3.68183e-10
3.28368e-10
2.94187e-10
3.68742e-10
3.74295e-10
2.10629e-10
6.68479e-11
4.58923e-10
3.116e-10
3.34668e-10
3.44633e-10
2.80309e-10
2.92923e-10
3.11308e-10
2.79723e-10
3.7943e-10
3.25572e-10
3.68433e-10
3.56242e-10
3.5345e-10
3.4153e-10
2.37751e-10
2.97312e-10
3.41576e-10
2.8205e-10
2.76849e-10
2.86177e-10
3.31202e-10
4.04255e-10
3.82331e-10
3.86949e-10
2.53505e-10
3.0635e-10
3.84653e-10
3.16127e-10
1.98705e-10
3.70572e-10
3.28179e-10
2.08885e-10
2.77605e-10
3.1995e-10
3.4759e-10
1.92078e-10
2.67208e-10
3.37517e-10
2.71307e-10
1.92199e-10
4.37599e-10
3.73725e-10
3.22062e-10
2.43706e-10
3.68683e-10
3.38725e-10
3.72074e-10
3.24381e-10
2.79122e-10
3.643e-10
3.29388e-10
2.78987e-10
3.16249e-10
2.00794e-10
3.56316e-10
3.68793e-10
3.53299e-10
2.7775e-10
3.26154e-10
3.76603e-10
3.41729e-10
2.73755e-10
2.74297e-10
3.17788e-10
3.40258e-10
2.9705e-10
1.49443e-10
3.58109e-10
2.3404e-10
2.32024e-10
3.66504e-10
3.96981e-10
3.82504e-10
2.0015e-10
2.77248e-10
2.90033e-10
2.89166e-10
1.50155e-10
1.99529e-10
3.74105e-10
4.12896e-10
2.6655e-10
3.37785e-10
2.84333e-10
2.58529e-10
3.44824e-10
2.96672e-10
2.98541e-10
3.9634e-10
3.0685e-10
2.41934e-10
2.34154e-10
3.3981e-10
2.61594e-10
2.80302e-10
3.60241e-10
3.69684e-10
3.97445e-10
2.26768e-10
2.56097e-10
2.54834e-10
2.7695e-10
3.90606e-10
3.58241e-10
3.80804e-10
3.8429e-10
3.11837e-10
3.02791e-10
2.15892e-10
3.36629e-10
3.02286e-10
4.14047e-10
2.80358e-10
2.818e-10
2.78605e-10
3.0595e-10
2.64774e-10
3.3566e-10
2.90513e-10
3.32781e-10
3.92797e-10
3.096e-10
2.55281e-10
2.83587e-10
2.69761e-10
3.31071e-10
3.54859e-10
4.01678e-10
3.60583e-10
1.88e-10
3.40851e-10
2.97096e-10
3.31232e-10
2.60479e-10
3.12825e-10
3.14208e-10
1.36805e-10
3.58322e-10
3.42858e-10
2.68215e-10
2.40357e-10
2.89983e-10
3.62198e-10
3.35332e-10
3.71235e-10
3.3463e-10
3.28928e-10
2.75967e-10
2.75302e-10
2.69886e-10
3.07782e-10
3.40013e-10
3.88396e-10
2.933e-10
3.23027e-10
1.93825e-10
3.28203e-10
2.27774e-10
2.84985e-10
4.13304e-10
3.32995e-10
2.9735e-10
2.70969e-10
2.37244e-10
2.57279e-10
3.14145e-10
1.99964e-10
3.40738e-10
3.70992e-10
2.5685e-10
3.15969e-10
3.86979e-10
2.81518e-10
3.5676e-10
2.92696e-10
4.1315e-10
2.56509e-10
2.181e-10
3.76128e-10
2.37853e-10
2.60695e-10
2.25591e-10
3.22434e-10
2.77642e-10
3.98805e-10
2.6735e-10
3.2232e-10
2.81811e-10
3.56761e-10
1.40957e-10
3.21086e-10
3.13652e-10
4.15819e-10
3.0945e-10
2.98627e-10
2.87932e-10
3.17719e-10
3.64722e-10
3.17873e-10
2.79774e-10
3.52549e-10
3.0455e-10
2.23541e-10
3.02859e-10
2.51021e-10
2.87847e-10
3.42709e-10
3.31945e-10
3.96877e-10
3.0165e-10
3.12e-10
3.74919e-10
3.49947e-10
3.67045e-10
3.80769e-10
3.56832e-10
2.66117e-10
3.45862e-10
3.418e-10
2.62735e-10
2.42495e-10
3.60932e-10
3.09997e-10
3.98135e-10
2.21054e-10
3.86208e-10
3.4166e-10
1.81894e-10
3.52886e-10
2.61948e-10
2.85978e-10
3.40641e-10
3.3641e-10
3.053e-10
2.84054e-10
3.31839e-10
2.36874e-10
7.8872e-11
2.7044e-10
2.52203e-10
2.5249e-10
4.06179e-10
2.94627e-10
2.58573e-10
2.65566e-10
1.90843e-10
3.39763e-10
3.00486e-10
3.58005e-10
3.1385e-10
3.17626e-10
1.24568e-10
1.70426e-10
3.48332e-10
2.63253e-10
3.02245e-10
3.83702e-10
3.194e-10
2.75495e-10
2.8362e-10
3.01797e-10
3.54112e-10
2.97466e-10
3.48973e-10
3.42956e-10
2.9965e-10
3.57904e-10
3.82939e-10
3.33616e-10
3.0025e-10
2.71263e-10
1.94681e-10
4.0321e-10
3.1155e-10
3.47508e-10
3.45312e-10
2.95779e-10
3.01012e-10
3.66636e-10
3.87988e-10
3.78121e-10
3.85939e-10
3.48433e-10
3.24332e-10
3.35523e-10
3.40003e-10
3.07484e-10
3.37575e-10
3.8732e-10
4.05351e-10
3.14444e-10
2.88445e-10
3.33713e-10
2.98858e-10
3.274e-10
8.79227e-11
2.55778e-10
2.517e-10
3.55282e-10
2.1023e-10
3.40388e-10
1.42021e-10
2.78504e-10
2.95645e-10
3.78182e-10
2.72599e-70
2.51989e-10
2.93504e-10
3.30696e-10
6.70087e-11
1.33395e-10
3.15698e-10
3.43696e-10
3.064e-10
3.75278e-10
3.19534e-10
2.57368e-10
3.38751e-10
3.73372e-10
3.58454e-10
2.86075e-10
2.4375e-10
1.02662e-10
3.63229e-10
3.2328e-10
3.18601e-10
2.71153e-10
2.21277e-10
4.0216e-10
3.25427e-10
2.28013e-10
2.85116e-10
3.66218e-10
3.78371e-10
3.15192e-10
2.45036e-10
3.68888e-10
3.63824e-10
3.649e-10
3.62741e-10
3.82417e-10
2.58982e-10
2.18068e-10
3.68441e-10
3.18004e-10
2.9e-10
2.7661e-10
2.17089e-10
2.63428e-10
3.63583e-10
2.47291e-10
3.77019e-10
4.08025e-10
1.419e-10
3.39711e-10
3.99267e-10
2.73303e-10
3.58469e-10
3.96819e-10
3.14154e-10
4.27557e-10
3.0605e-10
3.35332e-10
2.89523e-10
2.13656e-10
3.27894e-10
1.68841e-10
3.08362e-10
2.25668e-10
2.4045e-10
3.12413e-10
2.92924e-10
3.4963e-10
3.42516e-10
3.16308e-10
3.61936e-10
3.71141e-10
2.2985e-10
3.41522e-10
3.264e-10
3.0257e-10
3.03362e-10
3.16515e-10
3.42181e-10
4.11389e-10
2.433e-10
3.46365e-10
3.19176e-10
3.47088e-10
3.52319e-10
3.47699e-10
3.60645e-10
1.97108e-10
3.94153e-10
1.48307e-10
2.80149e-10
2.92718e-10
3.94132e-10
2.61083e-10
3.05921e-10
3.94185e-10
2.6405e-10
3.27951e-10
2.65666e-10
2.99703e-10
2.78987e-10
3.11394e-10
3.32363e-10
3.56606e-10
3.105e-10
3.03613e-10
1.57938e-10
2.9051e-10
3.09463e-10
3.88509e-10
2.84601e-10
3.7342e-10
1.7505e-10
3.32259e-10
2.38488e-10
3.40287e-10
2.55066e-10
2.88042e-10
3.66166e-10
3.28708e-10
3.55657e-10
2.32654e-10
3.80993e-10
3.59276e-10
3.52603e-10
4.01973e-10
1.42363e-10
3.14657e-10
3.31241e-10
2.87825e-10
2.99288e-10
3.00828e-10
3.08593e-10
3.85318e-10
3.34554e-10
3.89992e-10
1.9795e-10
3.6586e-10
3.11416e-10
2.97005e-10
2.57222e-10
3.28795e-10
3.39823e-10
3.81768e-10
3.38156e-10
3.39936e-10
3.12852e-10
3.80983e-10
3.5849e-10
3.82193e-10
4.08118e-10
4.56417e-10
3.48689e-10
3.31996e-10
3.53181e-10
3.08991e-10
3.13093e-10
3.63118e-10
3.06499e-10
3.76766e-10
2.4495e-10
3.1941e-10
2.56159e-10
1.36777e-10
3.30846e-10
3.3796e-10
2.95435e-10
3.53582e-10
3.132e-10
3.41805e-10
3.29731e-10
2.92843e-10
3.07274e-10
2.96841e-10
3.49463e-10
3.62132e-10
1.2835e-10
3.52901e-10
2.97137e-10
3.52309e-10
3.5675e-10
3.02915e-10
3.40633e-10
2.69578e-10
3.1095e-10
2.86629e-10
3.23582e-10
3.5669e-10
2.26693e-10
3.59039e-10
3.50192e-10
3.31565e-10
3.79593e-10
3.51173e-10
3.09633e-10
2.97514e-10
3.62165e-10
3.16437e-10
3.30732e-10
3.87844e-10
2.8275e-10
3.73044e-10
3.73159e-10
3.05914e-10
3.45043e-10
3.19696e-10
1.97251e-10
4.1004e-10
3.14e-10
3.10763e-10
3.36685e-10
2.79205e-10
3.75222e-10
2.69361e-10
3.83218e-10
4.27368e-10
2.783e-10
2.91193e-10
3.9149e-10
3.78498e-10
1.90193e-10
3.01676e-10
3.58024e-10
3.99233e-10
3.24547e-10
3.49152e-10
3.37461e-10
2.79586e-10
3.48833e-10
2.56816e-10
3.34322e-10
3.93708e-10
2.11e-10
3.08539e-10
2.37974e-10
1.32573e-10
3.30648e-10
3.82794e-10
3.46289e-10
4.27321e-10
3.7975e-10
3.12341e-10
3.55063e-10
2.75971e-10
2.48567e-10
3.68804e-10
2.6896e-10
3.79496e-10
2.687e-10
3.812e-10
1.07056e-10
2.38156e-10
3.13639e-10
2.44131e-10
2.91061e-10
3.9364e-10
2.8095e-10
3.27658e-10
3.39485e-10
1.44978e-10
3.11858e-10
1.86638e-10
3.66213e-10
4.14088e-10
2.69e-10
2.93421e-10
3.73397e-10
3.9757e-10
3.44101e-10
2.34985e-10
2.92429e-10
2.46213e-10
2.9775e-10
2.72594e-10
3.61689e-10
3.14725e-10
3.16815e-10
3.05445e-10
3.20351e-10
2.86357e-10
3.57011e-10
3.25431e-10
2.66955e-10
2.86538e-10
3.28027e-10
3.72473e-10
3.40554e-10
2.42882e-10
3.0735e-10
3.98046e-10
3.37218e-10
3.68732e-10
2.41665e-10
3.73114e-10
1.85476e-10
3.81792e-10
3.0265e-10
1.69559e-10
2.51666e-10
2.92329e-10
1.94179e-10
2.43435e-10
3.52386e-10
2.87496e-10
3.25087e-10
3.33945e-10
3.52551e-10
3.50002e-10
2.77662e-10
3.52931e-10
3.72243e-10
3.52656e-10
3.38792e-10
2.34192e-10
2.03671e-10
2.30477e-10
3.35505e-10
2.56536e-10
4.15309e-10
2.44646e-10
3.88792e-10
3.64555e-10
3.38807e-10
3.48782e-10
2.56311e-10
3.62386e-10
2.69714e-10
4.14884e-10
