2.98541e-10 1
2.99541e-10 0
3.00541e-10 0
3.01541e-10 0
3.02541e-10 0
3.03541e-10 0
3.04541e-10 0
3.05541e-10 0
3.06541e-10 0
3.07541e-10 1
3.08541e-10 0
3.09541e-10 0
3.10541e-10 0
3.11541e-10 0
3.12541e-10 0
3.13541e-10 0
3.14541e-10 0
3.15541e-10 0
3.16541e-10 0
3.17541e-10 0
3.18541e-10 0
3.19541e-10 0
3.20541e-10 0
3.21541e-10 0
3.22541e-10 0
3.23541e-10 0
3.24541e-10 0
3.25541e-10 1
3.26541e-10 0
3.27541e-10 0
3.28541e-10 0
3.29541e-10 0
3.30541e-10 0
3.31541e-10 0
3.32541e-10 0
3.33541e-10 0
3.34541e-10 0
3.35541e-10 0
3.36541e-10 0
3.37541e-10 0
3.38541e-10 0
3.39541e-10 0
3.40541e-10 0
3.41541e-10 0
3.42541e-10 0
3.43541e-10 0
3.44541e-10 0
3.45541e-10 0
3.46541e-10 0
3.47541e-10 0
3.48541e-10 0
3.49541e-10 1
3.50541e-10 0
3.51541e-10 0
3.52541e-10 0
3.53541e-10 0
3.54541e-10 0
3.55541e-10 0
3.56541e-10 0
3.57541e-10 0
3.58541e-10 0
3.59541e-10 0
3.60541e-10 0
3.61541e-10 0
3.62541e-10 0
3.63541e-10 0
3.64541e-10 0
3.65541e-10 0
3.66541e-10 0
3.67541e-10 0
3.68541e-10 0
3.69541e-10 1
3.70541e-10 0
3.71541e-10 0
3.72541e-10 0
3.73541e-10 0
3.74541e-10 0
3.75541e-10 0
3.76541e-10 0
3.77541e-10 0
3.78541e-10 0
3.79541e-10 0
3.80541e-10 0
3.81541e-10 0
3.82541e-10 0
3.83541e-10 0
3.84541e-10 0
3.85541e-10 1
3.86541e-10 0
3.87541e-10 0
3.88541e-10 0
3.89541e-10 0
3.90541e-10 0
3.91541e-10 1
3.92541e-10 0
3.93541e-10 0
3.94541e-10 0
3.95541e-10 1
3.96541e-10 0
3.97541e-10 0
3.98541e-10 0
3.99541e-10 0
4.00541e-10 0
4.01541e-10 0
4.02541e-10 0
4.03541e-10 0
4.04541e-10 1
4.05541e-10 0
4.06541e-10 1
4.07541e-10 1
4.08541e-10 0
4.09541e-10 1
4.10541e-10 0
4.11541e-10 0
4.12541e-10 1
4.13541e-10 0
4.14541e-10 1
4.15541e-10 0
4.16541e-10 2
4.17541e-10 0
4.18541e-10 0
4.19541e-10 0
4.20541e-10 1
4.21541e-10 1
4.22541e-10 0
4.23541e-10 1
4.24541e-10 0
4.25541e-10 1
4.26541e-10 0
4.27541e-10 2
4.28541e-10 0
4.29541e-10 0
4.30541e-10 0
4.31541e-10 0
4.32541e-10 0
4.33541e-10 1
4.34541e-10 0
4.35541e-10 0
4.36541e-10 0
4.37541e-10 1
4.38541e-10 2
4.39541e-10 1
4.40541e-10 1
4.41541e-10 0
4.42541e-10 1
4.43541e-10 0
4.44541e-10 1
4.45541e-10 2
4.46541e-10 0
4.47541e-10 0
4.48541e-10 2
4.49541e-10 2
4.50541e-10 4
4.51541e-10 0
4.52541e-10 0
4.53541e-10 0
4.54541e-10 1
4.55541e-10 1
4.56541e-10 1
4.57541e-10 1
4.58541e-10 5
4.59541e-10 0
4.60541e-10 2
4.61541e-10 1
4.62541e-10 3
4.63541e-10 1
4.64541e-10 2
4.65541e-10 1
4.66541e-10 1
4.67541e-10 0
4.68541e-10 1
4.69541e-10 4
4.70541e-10 0
4.71541e-10 2
4.72541e-10 3
4.73541e-10 2
4.74541e-10 4
4.75541e-10 0
4.76541e-10 2
4.77541e-10 6
4.78541e-10 3
4.79541e-10 3
4.80541e-10 1
4.81541e-10 3
4.82541e-10 2
4.83541e-10 2
4.84541e-10 1
4.85541e-10 0
4.86541e-10 0
4.87541e-10 1
4.88541e-10 1
4.89541e-10 6
4.90541e-10 0
4.91541e-10 2
4.92541e-10 2
4.93541e-10 3
4.94541e-10 5
4.95541e-10 3
4.96541e-10 2
4.97541e-10 0
4.98541e-10 4
4.99541e-10 0
5.00541e-10 0
5.01541e-10 3
5.02541e-10 3
5.03541e-10 3
5.04541e-10 4
5.05541e-10 5
5.06541e-10 2
5.07541e-10 0
5.08541e-10 2
5.09541e-10 3
5.10541e-10 2
5.11541e-10 0
5.12541e-10 3
5.13541e-10 3
5.14541e-10 6
5.15541e-10 4
5.16541e-10 1
5.17541e-10 3
5.18541e-10 3
5.19541e-10 4
5.20541e-10 2
5.21541e-10 8
5.22541e-10 4
5.23541e-10 4
5.24541e-10 6
5.25541e-10 4
5.26541e-10 4
5.27541e-10 2
5.28541e-10 7
5.29541e-10 4
5.30541e-10 4
5.31541e-10 3
5.32541e-10 9
5.33541e-10 7
5.34541e-10 6
5.35541e-10 8
5.36541e-10 3
5.37541e-10 3
5.38541e-10 6
5.39541e-10 12
5.40541e-10 9
5.41541e-10 11
5.42541e-10 4
5.43541e-10 12
5.44541e-10 11
5.45541e-10 7
5.46541e-10 7
5.47541e-10 16
5.48541e-10 9
5.49541e-10 16
5.50541e-10 11
5.51541e-10 4
5.52541e-10 13
5.53541e-10 9
5.54541e-10 8
5.55541e-10 7
5.56541e-10 10
5.57541e-10 10
5.58541e-10 10
5.59541e-10 11
5.60541e-10 12
5.61541e-10 10
5.62541e-10 22
5.63541e-10 6
5.64541e-10 8
5.65541e-10 18
5.66541e-10 10
5.67541e-10 10
5.68541e-10 18
5.69541e-10 11
5.70541e-10 11
5.71541e-10 18
5.72541e-10 14
5.73541e-10 19
5.74541e-10 15
5.75541e-10 18
5.76541e-10 12
5.77541e-10 15
5.78541e-10 12
5.79541e-10 19
5.80541e-10 10
5.81541e-10 12
5.82541e-10 18
5.83541e-10 18
5.84541e-10 18
5.85541e-10 19
5.86541e-10 16
5.87541e-10 12
5.88541e-10 15
5.89541e-10 10
5.90541e-10 19
5.91541e-10 14
5.92541e-10 19
5.93541e-10 22
5.94541e-10 21
5.95541e-10 14
5.96541e-10 23
5.97541e-10 25
5.98541e-10 20
5.99541e-10 18
6.00541e-10 13
6.01541e-10 27
6.02541e-10 15
6.03541e-10 22
6.04541e-10 22
6.05541e-10 26
6.06541e-10 24
6.07541e-10 19
6.08541e-10 20
6.09541e-10 17
6.10541e-10 23
6.11541e-10 23
6.12541e-10 22
6.13541e-10 26
6.14541e-10 26
6.15541e-10 27
6.16541e-10 25
6.17541e-10 24
6.18541e-10 26
6.19541e-10 21
6.20541e-10 26
6.21541e-10 23
6.22541e-10 25
6.23541e-10 32
6.24541e-10 23
6.25541e-10 14
6.26541e-10 22
6.27541e-10 22
6.28541e-10 23
6.29541e-10 35
6.30541e-10 25
6.31541e-10 29
6.32541e-10 30
6.33541e-10 29
6.34541e-10 25
6.35541e-10 20
6.36541e-10 18
6.37541e-10 20
6.38541e-10 19
6.39541e-10 26
6.40541e-10 27
6.41541e-10 29
6.42541e-10 28
6.43541e-10 23
6.44541e-10 24
6.45541e-10 26
6.46541e-10 25
6.47541e-10 24
6.48541e-10 19
6.49541e-10 18
6.50541e-10 21
6.51541e-10 25
6.52541e-10 26
6.53541e-10 26
6.54541e-10 19
6.55541e-10 21
6.56541e-10 27
6.57541e-10 16
6.58541e-10 25
6.59541e-10 27
6.60541e-10 22
6.61541e-10 19
6.62541e-10 22
6.63541e-10 22
6.64541e-10 17
6.65541e-10 16
6.66541e-10 20
6.67541e-10 25
6.68541e-10 13
6.69541e-10 12
6.70541e-10 14
6.71541e-10 16
6.72541e-10 22
6.73541e-10 14
6.74541e-10 18
6.75541e-10 10
6.76541e-10 15
6.77541e-10 9
6.78541e-10 17
6.79541e-10 9
6.80541e-10 14
6.81541e-10 16
6.82541e-10 12
6.83541e-10 11
6.84541e-10 13
6.85541e-10 10
6.86541e-10 11
6.87541e-10 11
6.88541e-10 9
6.89541e-10 8
6.90541e-10 11
6.91541e-10 11
6.92541e-10 14
6.93541e-10 11
6.94541e-10 4
6.95541e-10 7
6.96541e-10 6
6.97541e-10 11
6.98541e-10 8
6.99541e-10 5
7.00541e-10 4
7.01541e-10 7
7.02541e-10 7
7.03541e-10 5
7.04541e-10 8
7.05541e-10 10
7.06541e-10 8
7.07541e-10 3
7.08541e-10 4
7.09541e-10 8
7.10541e-10 3
7.11541e-10 6
7.12541e-10 4
7.13541e-10 5
7.14541e-10 5
7.15541e-10 5
7.16541e-10 2
7.17541e-10 2
7.18541e-10 4
7.19541e-10 2
7.20541e-10 2
7.21541e-10 4
7.22541e-10 1
7.23541e-10 6
7.24541e-10 1
7.25541e-10 2
7.26541e-10 2
7.27541e-10 1
7.28541e-10 1
7.29541e-10 0
7.30541e-10 0
7.31541e-10 1
7.32541e-10 1
7.33541e-10 2
7.34541e-10 0
7.35541e-10 1
7.36541e-10 1
7.37541e-10 2
7.38541e-10 0
7.39541e-10 1
7.40541e-10 2
7.41541e-10 4
7.42541e-10 1
7.43541e-10 1
7.44541e-10 1
7.45541e-10 2
7.46541e-10 0
7.47541e-10 1
7.48541e-10 4
7.49541e-10 0
7.50541e-10 0
7.51541e-10 0
7.52541e-10 0
7.53541e-10 0
7.54541e-10 0
7.55541e-10 1
7.56541e-10 0
7.57541e-10 1
7.58541e-10 0
7.59541e-10 0
7.60541e-10 0
7.61541e-10 1
7.62541e-10 0
7.63541e-10 0
7.64541e-10 0
7.65541e-10 1
