1.6004e-70 4
1e-12 0
2e-12 0
3e-12 0
4e-12 0
5e-12 0
6e-12 1
7e-12 0
8e-12 0
9e-12 0
1e-11 0
1.1e-11 0
1.2e-11 0
1.3e-11 0
1.4e-11 0
1.5e-11 0
1.6e-11 0
1.7e-11 0
1.8e-11 0
1.9e-11 0
2e-11 0
2.1e-11 0
2.2e-11 0
2.3e-11 1
2.4e-11 0
2.5e-11 0
2.6e-11 0
2.7e-11 0
2.8e-11 1
2.9e-11 1
3e-11 1
3.1e-11 0
3.2e-11 0
3.3e-11 0
3.4e-11 1
3.5e-11 0
3.6e-11 0
3.7e-11 0
3.8e-11 0
3.9e-11 0
4e-11 0
4.1e-11 0
4.2e-11 0
4.3e-11 1
4.4e-11 0
4.5e-11 0
4.6e-11 0
4.7e-11 0
4.8e-11 1
4.9e-11 0
5e-11 0
5.1e-11 1
5.2e-11 0
5.3e-11 0
5.4e-11 0
5.5e-11 0
5.6e-11 1
5.7e-11 0
5.8e-11 0
5.9e-11 0
6e-11 1
6.1e-11 0
6.2e-11 0
6.3e-11 1
6.4e-11 0
6.5e-11 1
6.6e-11 1
6.7e-11 1
6.8e-11 0
6.9e-11 0
7e-11 0
7.1e-11 2
7.2e-11 0
7.3e-11 1
7.4e-11 0
7.5e-11 0
7.6e-11 0
7.7e-11 0
7.8e-11 1
7.9e-11 1
8e-11 1
8.1e-11 0
8.2e-11 2
8.3e-11 0
8.4e-11 0
8.5e-11 1
8.6e-11 0
8.7e-11 2
8.8e-11 0
8.9e-11 0
9e-11 0
9.1e-11 0
9.2e-11 0
9.3e-11 1
9.4e-11 0
9.5e-11 1
9.6e-11 1
9.7e-11 0
9.8e-11 0
9.9e-11 1
1e-10 1
1.01e-10 0
1.02e-10 1
1.03e-10 2
1.04e-10 0
1.05e-10 0
1.06e-10 0
1.07e-10 1
1.08e-10 0
1.09e-10 2
1.1e-10 0
1.11e-10 1
1.12e-10 0
1.13e-10 1
1.14e-10 0
1.15e-10 3
1.16e-10 0
1.17e-10 0
1.18e-10 0
1.19e-10 1
1.2e-10 3
1.21e-10 1
1.22e-10 0
1.23e-10 0
1.24e-10 2
1.25e-10 1
1.26e-10 1
1.27e-10 1
1.28e-10 1
1.29e-10 0
1.3e-10 0
1.31e-10 0
1.32e-10 1
1.33e-10 1
1.34e-10 0
1.35e-10 0
1.36e-10 2
1.37e-10 0
1.38e-10 1
1.39e-10 1
1.4e-10 2
1.41e-10 2
1.42e-10 3
1.43e-10 0
1.44e-10 1
1.45e-10 0
1.46e-10 1
1.47e-10 1
1.48e-10 1
1.49e-10 3
1.5e-10 2
1.51e-10 2
1.52e-10 0
1.53e-10 0
1.54e-10 1
1.55e-10 4
1.56e-10 2
1.57e-10 2
1.58e-10 2
1.59e-10 0
1.6e-10 1
1.61e-10 1
1.62e-10 1
1.63e-10 1
1.64e-10 1
1.65e-10 0
1.66e-10 2
1.67e-10 3
1.68e-10 2
1.69e-10 4
1.7e-10 3
1.71e-10 0
1.72e-10 0
1.73e-10 3
1.74e-10 2
1.75e-10 3
1.76e-10 1
1.77e-10 0
1.78e-10 6
1.79e-10 0
1.8e-10 1
1.81e-10 3
1.82e-10 1
1.83e-10 4
1.84e-10 2
1.85e-10 3
1.86e-10 4
1.87e-10 3
1.88e-10 2
1.89e-10 5
1.9e-10 3
1.91e-10 3
1.92e-10 5
1.93e-10 2
1.94e-10 3
1.95e-10 4
1.96e-10 2
1.97e-10 5
1.98e-10 3
1.99e-10 2
2e-10 6
2.01e-10 2
2.02e-10 3
2.03e-10 3
2.04e-10 2
2.05e-10 2
2.06e-10 3
2.07e-10 1
2.08e-10 4
2.09e-10 8
2.1e-10 3
2.11e-10 3
2.12e-10 2
2.13e-10 8
2.14e-10 4
2.15e-10 8
2.16e-10 4
2.17e-10 3
2.18e-10 5
2.19e-10 6
2.2e-10 7
2.21e-10 9
2.22e-10 6
2.23e-10 5
2.24e-10 2
2.25e-10 8
2.26e-10 11
2.27e-10 4
2.28e-10 4
2.29e-10 5
2.3e-10 8
2.31e-10 4
2.32e-10 5
2.33e-10 1
2.34e-10 9
2.35e-10 4
2.36e-10 8
2.37e-10 13
2.38e-10 10
2.39e-10 4
2.4e-10 5
2.41e-10 11
2.42e-10 6
2.43e-10 12
2.44e-10 8
2.45e-10 5
2.46e-10 6
2.47e-10 15
2.48e-10 6
2.49e-10 10
2.5e-10 5
2.51e-10 11
2.52e-10 9
2.53e-10 7
2.54e-10 7
2.55e-10 9
2.56e-10 14
2.57e-10 8
2.58e-10 5
2.59e-10 8
2.6e-10 13
2.61e-10 16
2.62e-10 11
2.63e-10 10
2.64e-10 11
2.65e-10 9
2.66e-10 10
2.67e-10 8
2.68e-10 11
2.69e-10 13
2.7e-10 17
2.71e-10 14
2.72e-10 15
2.73e-10 11
2.74e-10 12
2.75e-10 13
2.76e-10 15
2.77e-10 20
2.78e-10 20
2.79e-10 22
2.8e-10 22
2.81e-10 10
2.82e-10 16
2.83e-10 16
2.84e-10 16
2.85e-10 11
2.86e-10 13
2.87e-10 19
2.88e-10 13
2.89e-10 13
2.9e-10 13
2.91e-10 10
2.92e-10 21
2.93e-10 11
2.94e-10 19
2.95e-10 24
2.96e-10 16
2.97e-10 26
2.98e-10 23
2.99e-10 22
3e-10 21
3.01e-10 23
3.02e-10 28
3.03e-10 14
3.04e-10 19
3.05e-10 22
3.06e-10 20
3.07e-10 15
3.08e-10 26
3.09e-10 24
3.1e-10 21
3.11e-10 19
3.12e-10 29
3.13e-10 22
3.14e-10 23
3.15e-10 14
3.16e-10 19
3.17e-10 16
3.18e-10 18
3.19e-10 27
3.2e-10 15
3.21e-10 20
3.22e-10 26
3.23e-10 20
3.24e-10 16
3.25e-10 20
3.26e-10 21
3.27e-10 22
3.28e-10 26
3.29e-10 22
3.3e-10 20
3.31e-10 19
3.32e-10 27
3.33e-10 23
3.34e-10 25
3.35e-10 26
3.36e-10 28
3.37e-10 21
3.38e-10 27
3.39e-10 27
3.4e-10 32
3.41e-10 29
3.42e-10 16
3.43e-10 27
3.44e-10 28
3.45e-10 25
3.46e-10 17
3.47e-10 25
3.48e-10 31
3.49e-10 17
3.5e-10 18
3.51e-10 17
3.52e-10 35
3.53e-10 22
3.54e-10 18
3.55e-10 18
3.56e-10 32
3.57e-10 28
3.58e-10 25
3.59e-10 16
3.6e-10 17
3.61e-10 21
3.62e-10 22
3.63e-10 19
3.64e-10 22
3.65e-10 16
3.66e-10 17
3.67e-10 18
3.68e-10 27
3.69e-10 14
3.7e-10 22
3.71e-10 12
3.72e-10 16
3.73e-10 21
3.74e-10 13
3.75e-10 12
3.76e-10 10
3.77e-10 14
3.78e-10 9
3.79e-10 20
3.8e-10 14
3.81e-10 10
3.82e-10 14
3.83e-10 12
3.84e-10 10
3.85e-10 15
3.86e-10 10
3.87e-10 13
3.88e-10 13
3.89e-10 9
3.9e-10 4
3.91e-10 8
3.92e-10 10
3.93e-10 8
3.94e-10 9
3.95e-10 8
3.96e-10 7
3.97e-10 5
3.98e-10 9
3.99e-10 5
4e-10 7
4.01e-10 3
4.02e-10 4
4.03e-10 8
4.04e-10 2
4.05e-10 4
4.06e-10 7
4.07e-10 3
4.08e-10 10
4.09e-10 5
4.1e-10 12
4.11e-10 6
4.12e-10 3
4.13e-10 6
4.14e-10 6
4.15e-10 6
4.16e-10 1
4.17e-10 2
4.18e-10 2
4.19e-10 3
4.2e-10 4
4.21e-10 4
4.22e-10 3
4.23e-10 2
4.24e-10 3
4.25e-10 2
4.26e-10 2
4.27e-10 6
4.28e-10 2
4.29e-10 1
4.3e-10 1
4.31e-10 1
4.32e-10 1
4.33e-10 2
4.34e-10 1
4.35e-10 0
4.36e-10 1
4.37e-10 3
4.38e-10 0
4.39e-10 0
4.4e-10 1
4.41e-10 2
4.42e-10 2
4.43e-10 0
4.44e-10 1
4.45e-10 0
4.46e-10 0
4.47e-10 0
4.48e-10 1
4.49e-10 0
4.5e-10 0
4.51e-10 1
4.52e-10 1
4.53e-10 0
4.54e-10 1
4.55e-10 0
4.56e-10 1
4.57e-10 0
4.58e-10 1
4.59e-10 0
4.6e-10 0
4.61e-10 0
4.62e-10 0
4.63e-10 0
4.64e-10 0
4.65e-10 0
4.66e-10 0
4.67e-10 0
4.68e-10 0
4.69e-10 0
4.7e-10 0
4.71e-10 0
4.72e-10 0
4.73e-10 0
4.74e-10 0
4.75e-10 1
4.76e-10 0
4.77e-10 0
4.78e-10 0
4.79e-10 0
4.8e-10 0
4.81e-10 1
