7.00143e-11 1
7.10143e-11 0
7.20143e-11 0
7.30143e-11 0
7.40143e-11 0
7.50143e-11 0
7.60143e-11 0
7.70143e-11 0
7.80143e-11 0
7.90143e-11 0
8.00143e-11 0
8.10143e-11 0
8.20143e-11 0
8.30143e-11 0
8.40143e-11 0
8.50143e-11 0
8.60143e-11 0
8.70143e-11 0
8.80143e-11 0
8.90143e-11 0
9.00143e-11 0
9.10143e-11 0
9.20143e-11 0
9.30143e-11 0
9.40143e-11 0
9.50143e-11 0
9.60143e-11 0
9.70143e-11 0
9.80143e-11 0
9.90143e-11 0
1.00014e-10 0
1.01014e-10 0
1.02014e-10 0
1.03014e-10 0
1.04014e-10 0
1.05014e-10 0
1.06014e-10 0
1.07014e-10 0
1.08014e-10 0
1.09014e-10 0
1.10014e-10 1
1.11014e-10 0
1.12014e-10 0
1.13014e-10 0
1.14014e-10 0
1.15014e-10 0
1.16014e-10 0
1.17014e-10 1
1.18014e-10 0
1.19014e-10 0
1.20014e-10 0
1.21014e-10 0
1.22014e-10 0
1.23014e-10 0
1.24014e-10 0
1.25014e-10 0
1.26014e-10 1
1.27014e-10 0
1.28014e-10 0
1.29014e-10 0
1.30014e-10 1
1.31014e-10 0
1.32014e-10 0
1.33014e-10 0
1.34014e-10 1
1.35014e-10 1
1.36014e-10 0
1.37014e-10 0
1.38014e-10 0
1.39014e-10 0
1.40014e-10 0
1.41014e-10 0
1.42014e-10 0
1.43014e-10 0
1.44014e-10 0
1.45014e-10 0
1.46014e-10 0
1.47014e-10 0
1.48014e-10 0
1.49014e-10 0
1.50014e-10 0
1.51014e-10 0
1.52014e-10 1
1.53014e-10 1
1.54014e-10 0
1.55014e-10 1
1.56014e-10 1
1.57014e-10 0
1.58014e-10 1
1.59014e-10 1
1.60014e-10 0
1.61014e-10 0
1.62014e-10 0
1.63014e-10 0
1.64014e-10 0
1.65014e-10 2
1.66014e-10 0
1.67014e-10 0
1.68014e-10 0
1.69014e-10 1
1.70014e-10 0
1.71014e-10 0
1.72014e-10 0
1.73014e-10 0
1.74014e-10 0
1.75014e-10 0
1.76014e-10 3
1.77014e-10 1
1.78014e-10 0
1.79014e-10 0
1.80014e-10 0
1.81014e-10 0
1.82014e-10 1
1.83014e-10 2
1.84014e-10 0
1.85014e-10 0
1.86014e-10 0
1.87014e-10 0
1.88014e-10 0
1.89014e-10 0
1.90014e-10 0
1.91014e-10 1
1.92014e-10 1
1.93014e-10 0
1.94014e-10 2
1.95014e-10 0
1.96014e-10 1
1.97014e-10 0
1.98014e-10 0
1.99014e-10 0
2.00014e-10 0
2.01014e-10 0
2.02014e-10 0
2.03014e-10 0
2.04014e-10 0
2.05014e-10 2
2.06014e-10 1
2.07014e-10 1
2.08014e-10 0
2.09014e-10 1
2.10014e-10 0
2.11014e-10 0
2.12014e-10 1
2.13014e-10 0
2.14014e-10 0
2.15014e-10 2
2.16014e-10 0
2.17014e-10 0
2.18014e-10 1
2.19014e-10 0
2.20014e-10 0
2.21014e-10 1
2.22014e-10 0
2.23014e-10 1
2.24014e-10 0
2.25014e-10 2
2.26014e-10 0
2.27014e-10 1
2.28014e-10 1
2.29014e-10 0
2.30014e-10 2
2.31014e-10 1
2.32014e-10 2
2.33014e-10 2
2.34014e-10 0
2.35014e-10 1
2.36014e-10 1
2.37014e-10 3
2.38014e-10 3
2.39014e-10 0
2.40014e-10 0
2.41014e-10 1
2.42014e-10 1
2.43014e-10 2
2.44014e-10 1
2.45014e-10 0
2.46014e-10 1
2.47014e-10 3
2.48014e-10 2
2.49014e-10 1
2.50014e-10 1
2.51014e-10 3
2.52014e-10 3
2.53014e-10 1
2.54014e-10 2
2.55014e-10 1
2.56014e-10 2
2.57014e-10 1
2.58014e-10 2
2.59014e-10 1
2.60014e-10 1
2.61014e-10 4
2.62014e-10 2
2.63014e-10 3
2.64014e-10 2
2.65014e-10 0
2.66014e-10 1
2.67014e-10 0
2.68014e-10 2
2.69014e-10 0
2.70014e-10 2
2.71014e-10 1
2.72014e-10 1
2.73014e-10 4
2.74014e-10 0
2.75014e-10 1
2.76014e-10 0
2.77014e-10 1
2.78014e-10 2
2.79014e-10 2
2.80014e-10 2
2.81014e-10 2
2.82014e-10 3
2.83014e-10 4
2.84014e-10 0
2.85014e-10 2
2.86014e-10 3
2.87014e-10 1
2.88014e-10 3
2.89014e-10 3
2.90014e-10 1
2.91014e-10 3
2.92014e-10 4
2.93014e-10 4
2.94014e-10 0
2.95014e-10 2
2.96014e-10 2
2.97014e-10 3
2.98014e-10 5
2.99014e-10 6
3.00014e-10 0
3.01014e-10 4
3.02014e-10 7
3.03014e-10 0
3.04014e-10 3
3.05014e-10 9
3.06014e-10 4
3.07014e-10 7
3.08014e-10 1
3.09014e-10 4
3.10014e-10 3
3.11014e-10 2
3.12014e-10 2
3.13014e-10 4
3.14014e-10 2
3.15014e-10 4
3.16014e-10 3
3.17014e-10 5
3.18014e-10 2
3.19014e-10 3
3.20014e-10 3
3.21014e-10 6
3.22014e-10 3
3.23014e-10 3
3.24014e-10 1
3.25014e-10 2
3.26014e-10 3
3.27014e-10 3
3.28014e-10 8
3.29014e-10 9
3.30014e-10 4
3.31014e-10 7
3.32014e-10 3
3.33014e-10 7
3.34014e-10 5
3.35014e-10 5
3.36014e-10 4
3.37014e-10 7
3.38014e-10 5
3.39014e-10 6
3.40014e-10 5
3.41014e-10 8
3.42014e-10 11
3.43014e-10 8
3.44014e-10 7
3.45014e-10 12
3.46014e-10 6
3.47014e-10 9
3.48014e-10 7
3.49014e-10 7
3.50014e-10 10
3.51014e-10 7
3.52014e-10 10
3.53014e-10 13
3.54014e-10 8
3.55014e-10 10
3.56014e-10 10
3.57014e-10 11
3.58014e-10 9
3.59014e-10 13
3.60014e-10 10
3.61014e-10 6
3.62014e-10 11
3.63014e-10 16
3.64014e-10 10
3.65014e-10 12
3.66014e-10 17
3.67014e-10 13
3.68014e-10 17
3.69014e-10 13
3.70014e-10 14
3.71014e-10 13
3.72014e-10 12
3.73014e-10 11
3.74014e-10 7
3.75014e-10 16
3.76014e-10 11
3.77014e-10 12
3.78014e-10 15
3.79014e-10 17
3.80014e-10 16
3.81014e-10 12
3.82014e-10 17
3.83014e-10 14
3.84014e-10 12
3.85014e-10 15
3.86014e-10 15
3.87014e-10 20
3.88014e-10 15
3.89014e-10 17
3.90014e-10 15
3.91014e-10 18
3.92014e-10 18
3.93014e-10 17
3.94014e-10 18
3.95014e-10 19
3.96014e-10 15
3.97014e-10 25
3.98014e-10 16
3.99014e-10 20
4.00014e-10 15
4.01014e-10 22
4.02014e-10 14
4.03014e-10 13
4.04014e-10 12
4.05014e-10 19
4.06014e-10 16
4.07014e-10 27
4.08014e-10 18
4.09014e-10 19
4.10014e-10 25
4.11014e-10 21
4.12014e-10 19
4.13014e-10 17
4.14014e-10 23
4.15014e-10 25
4.16014e-10 24
4.17014e-10 32
4.18014e-10 14
4.19014e-10 21
4.20014e-10 29
4.21014e-10 35
4.22014e-10 33
4.23014e-10 26
4.24014e-10 19
4.25014e-10 26
4.26014e-10 29
4.27014e-10 24
4.28014e-10 19
4.29014e-10 22
4.30014e-10 24
4.31014e-10 26
4.32014e-10 23
4.33014e-10 22
4.34014e-10 22
4.35014e-10 18
4.36014e-10 22
4.37014e-10 29
4.38014e-10 23
4.39014e-10 20
4.40014e-10 20
4.41014e-10 30
4.42014e-10 22
4.43014e-10 23
4.44014e-10 22
4.45014e-10 23
4.46014e-10 25
4.47014e-10 27
4.48014e-10 31
4.49014e-10 23
4.50014e-10 21
4.51014e-10 26
4.52014e-10 32
4.53014e-10 28
4.54014e-10 22
4.55014e-10 22
4.56014e-10 22
4.57014e-10 21
4.58014e-10 22
4.59014e-10 21
4.60014e-10 18
4.61014e-10 19
4.62014e-10 28
4.63014e-10 18
4.64014e-10 25
4.65014e-10 19
4.66014e-10 25
4.67014e-10 23
4.68014e-10 16
4.69014e-10 20
4.70014e-10 15
4.71014e-10 15
4.72014e-10 16
4.73014e-10 13
4.74014e-10 16
4.75014e-10 11
4.76014e-10 14
4.77014e-10 14
4.78014e-10 10
4.79014e-10 15
4.80014e-10 17
4.81014e-10 11
4.82014e-10 16
4.83014e-10 10
4.84014e-10 12
4.85014e-10 11
4.86014e-10 15
4.87014e-10 10
4.88014e-10 9
4.89014e-10 11
4.90014e-10 9
4.91014e-10 5
4.92014e-10 10
4.93014e-10 14
4.94014e-10 12
4.95014e-10 8
4.96014e-10 7
4.97014e-10 7
4.98014e-10 8
4.99014e-10 5
5.00014e-10 10
5.01014e-10 9
5.02014e-10 5
5.03014e-10 12
5.04014e-10 4
5.05014e-10 2
5.06014e-10 7
5.07014e-10 4
5.08014e-10 3
5.09014e-10 3
5.10014e-10 7
5.11014e-10 3
5.12014e-10 3
5.13014e-10 3
5.14014e-10 3
5.15014e-10 3
5.16014e-10 4
5.17014e-10 5
5.18014e-10 9
5.19014e-10 2
5.20014e-10 5
5.21014e-10 4
5.22014e-10 6
5.23014e-10 1
5.24014e-10 2
5.25014e-10 3
5.26014e-10 1
5.27014e-10 3
5.28014e-10 3
5.29014e-10 3
5.30014e-10 3
5.31014e-10 0
5.32014e-10 3
5.33014e-10 2
5.34014e-10 4
5.35014e-10 1
5.36014e-10 0
5.37014e-10 1
5.38014e-10 2
5.39014e-10 1
5.40014e-10 5
5.41014e-10 3
5.42014e-10 0
5.43014e-10 0
5.44014e-10 1
5.45014e-10 0
5.46014e-10 0
5.47014e-10 0
5.48014e-10 0
5.49014e-10 3
5.50014e-10 2
5.51014e-10 0
5.52014e-10 2
5.53014e-10 0
5.54014e-10 1
5.55014e-10 1
5.56014e-10 0
5.57014e-10 1
5.58014e-10 0
5.59014e-10 1
5.60014e-10 3
5.61014e-10 0
5.62014e-10 0
5.63014e-10 0
5.64014e-10 0
5.65014e-10 0
5.66014e-10 0
5.67014e-10 0
5.68014e-10 0
5.69014e-10 0
5.70014e-10 0
5.71014e-10 0
5.72014e-10 0
5.73014e-10 0
5.74014e-10 1
