4.04155e-10 1
4.05155e-10 0
4.06155e-10 0
4.07155e-10 0
4.08155e-10 0
4.09155e-10 0
4.10155e-10 0
4.11155e-10 0
4.12155e-10 0
4.13155e-10 0
4.14155e-10 0
4.15155e-10 0
4.16155e-10 0
4.17155e-10 0
4.18155e-10 0
4.19155e-10 0
4.20155e-10 0
4.21155e-10 0
4.22155e-10 0
4.23155e-10 0
4.24155e-10 0
4.25155e-10 0
4.26155e-10 0
4.27155e-10 0
4.28155e-10 0
4.29155e-10 0
4.30155e-10 0
4.31155e-10 0
4.32155e-10 0
4.33155e-10 0
4.34155e-10 0
4.35155e-10 0
4.36155e-10 0
4.37155e-10 0
4.38155e-10 1
4.39155e-10 0
4.40155e-10 0
4.41155e-10 0
4.42155e-10 0
4.43155e-10 0
4.44155e-10 0
4.45155e-10 1
4.46155e-10 0
4.47155e-10 0
4.48155e-10 0
4.49155e-10 0
4.50155e-10 0
4.51155e-10 0
4.52155e-10 0
4.53155e-10 0
4.54155e-10 0
4.55155e-10 0
4.56155e-10 0
4.57155e-10 0
4.58155e-10 0
4.59155e-10 1
4.60155e-10 0
4.61155e-10 1
4.62155e-10 0
4.63155e-10 0
4.64155e-10 0
4.65155e-10 0
4.66155e-10 0
4.67155e-10 0
4.68155e-10 0
4.69155e-10 0
4.70155e-10 0
4.71155e-10 0
4.72155e-10 0
4.73155e-10 0
4.74155e-10 0
4.75155e-10 0
4.76155e-10 0
4.77155e-10 0
4.78155e-10 0
4.79155e-10 0
4.80155e-10 0
4.81155e-10 0
4.82155e-10 0
4.83155e-10 0
4.84155e-10 0
4.85155e-10 0
4.86155e-10 0
4.87155e-10 0
4.88155e-10 0
4.89155e-10 1
4.90155e-10 2
4.91155e-10 0
4.92155e-10 0
4.93155e-10 0
4.94155e-10 1
4.95155e-10 0
4.96155e-10 0
4.97155e-10 0
4.98155e-10 1
4.99155e-10 0
5.00155e-10 1
5.01155e-10 1
5.02155e-10 2
5.03155e-10 1
5.04155e-10 0
5.05155e-10 0
5.06155e-10 0
5.07155e-10 0
5.08155e-10 0
5.09155e-10 0
5.10155e-10 0
5.11155e-10 0
5.12155e-10 0
5.13155e-10 0
5.14155e-10 1
5.15155e-10 0
5.16155e-10 1
5.17155e-10 1
5.18155e-10 0
5.19155e-10 1
5.20155e-10 0
5.21155e-10 0
5.22155e-10 0
5.23155e-10 0
5.24155e-10 0
5.25155e-10 1
5.26155e-10 0
5.27155e-10 1
5.28155e-10 0
5.29155e-10 2
5.30155e-10 0
5.31155e-10 0
5.32155e-10 1
5.33155e-10 0
5.34155e-10 0
5.35155e-10 0
5.36155e-10 0
5.37155e-10 0
5.38155e-10 1
5.39155e-10 0
5.40155e-10 0
5.41155e-10 1
5.42155e-10 0
5.43155e-10 1
5.44155e-10 0
5.45155e-10 0
5.46155e-10 1
5.47155e-10 1
5.48155e-10 2
5.49155e-10 0
5.50155e-10 1
5.51155e-10 0
5.52155e-10 1
5.53155e-10 1
5.54155e-10 2
5.55155e-10 1
5.56155e-10 0
5.57155e-10 1
5.58155e-10 1
5.59155e-10 1
5.60155e-10 2
5.61155e-10 0
5.62155e-10 2
5.63155e-10 1
5.64155e-10 2
5.65155e-10 5
5.66155e-10 0
5.67155e-10 1
5.68155e-10 1
5.69155e-10 1
5.70155e-10 2
5.71155e-10 3
5.72155e-10 3
5.73155e-10 0
5.74155e-10 2
5.75155e-10 3
5.76155e-10 0
5.77155e-10 4
5.78155e-10 0
5.79155e-10 4
5.80155e-10 1
5.81155e-10 3
5.82155e-10 1
5.83155e-10 2
5.84155e-10 1
5.85155e-10 3
5.86155e-10 3
5.87155e-10 2
5.88155e-10 6
5.89155e-10 6
5.90155e-10 9
5.91155e-10 2
5.92155e-10 5
5.93155e-10 0
5.94155e-10 6
5.95155e-10 3
5.96155e-10 5
5.97155e-10 0
5.98155e-10 3
5.99155e-10 5
6.00155e-10 3
6.01155e-10 3
6.02155e-10 2
6.03155e-10 6
6.04155e-10 2
6.05155e-10 3
6.06155e-10 3
6.07155e-10 2
6.08155e-10 4
6.09155e-10 5
6.10155e-10 3
6.11155e-10 6
6.12155e-10 3
6.13155e-10 5
6.14155e-10 6
6.15155e-10 8
6.16155e-10 5
6.17155e-10 8
6.18155e-10 7
6.19155e-10 4
6.20155e-10 4
6.21155e-10 3
6.22155e-10 4
6.23155e-10 8
6.24155e-10 5
6.25155e-10 5
6.26155e-10 7
6.27155e-10 4
6.28155e-10 7
6.29155e-10 6
6.30155e-10 8
6.31155e-10 2
6.32155e-10 9
6.33155e-10 6
6.34155e-10 6
6.35155e-10 6
6.36155e-10 8
6.37155e-10 5
6.38155e-10 8
6.39155e-10 6
6.40155e-10 12
6.41155e-10 4
6.42155e-10 5
6.43155e-10 7
6.44155e-10 10
6.45155e-10 5
6.46155e-10 11
6.47155e-10 10
6.48155e-10 10
6.49155e-10 2
6.50155e-10 6
6.51155e-10 8
6.52155e-10 11
6.53155e-10 8
6.54155e-10 12
6.55155e-10 11
6.56155e-10 16
6.57155e-10 9
6.58155e-10 10
6.59155e-10 15
6.60155e-10 17
6.61155e-10 11
6.62155e-10 16
6.63155e-10 7
6.64155e-10 17
6.65155e-10 18
6.66155e-10 12
6.67155e-10 21
6.68155e-10 7
6.69155e-10 14
6.70155e-10 17
6.71155e-10 6
6.72155e-10 11
6.73155e-10 12
6.74155e-10 19
6.75155e-10 16
6.76155e-10 15
6.77155e-10 20
6.78155e-10 14
6.79155e-10 13
6.80155e-10 9
6.81155e-10 15
6.82155e-10 10
6.83155e-10 25
6.84155e-10 14
6.85155e-10 14
6.86155e-10 21
6.87155e-10 17
6.88155e-10 19
6.89155e-10 23
6.90155e-10 27
6.91155e-10 17
6.92155e-10 24
6.93155e-10 13
6.94155e-10 15
6.95155e-10 34
6.96155e-10 13
6.97155e-10 17
6.98155e-10 24
6.99155e-10 21
7.00155e-10 29
7.01155e-10 17
7.02155e-10 24
7.03155e-10 21
7.04155e-10 22
7.05155e-10 18
7.06155e-10 32
7.07155e-10 19
7.08155e-10 22
7.09155e-10 25
7.10155e-10 29
7.11155e-10 23
7.12155e-10 21
7.13155e-10 21
7.14155e-10 21
7.15155e-10 31
7.16155e-10 17
7.17155e-10 16
7.18155e-10 28
7.19155e-10 23
7.20155e-10 24
7.21155e-10 28
7.22155e-10 23
7.23155e-10 23
7.24155e-10 17
7.25155e-10 20
7.26155e-10 21
7.27155e-10 18
7.28155e-10 35
7.29155e-10 25
7.30155e-10 33
7.31155e-10 18
7.32155e-10 23
7.33155e-10 21
7.34155e-10 20
7.35155e-10 30
7.36155e-10 24
7.37155e-10 24
7.38155e-10 25
7.39155e-10 24
7.40155e-10 27
7.41155e-10 28
7.42155e-10 27
7.43155e-10 18
7.44155e-10 26
7.45155e-10 19
7.46155e-10 17
7.47155e-10 20
7.48155e-10 22
7.49155e-10 24
7.50155e-10 21
7.51155e-10 13
7.52155e-10 21
7.53155e-10 24
7.54155e-10 23
7.55155e-10 30
7.56155e-10 22
7.57155e-10 20
7.58155e-10 21
7.59155e-10 20
7.60155e-10 25
7.61155e-10 16
7.62155e-10 18
7.63155e-10 16
7.64155e-10 17
7.65155e-10 18
7.66155e-10 18
7.67155e-10 19
7.68155e-10 14
7.69155e-10 19
7.70155e-10 16
7.71155e-10 16
7.72155e-10 14
7.73155e-10 13
7.74155e-10 16
7.75155e-10 9
7.76155e-10 18
7.77155e-10 14
7.78155e-10 18
7.79155e-10 7
7.80155e-10 10
7.81155e-10 11
7.82155e-10 12
7.83155e-10 6
7.84155e-10 7
7.85155e-10 10
7.86155e-10 7
7.87155e-10 8
7.88155e-10 9
7.89155e-10 10
7.90155e-10 10
7.91155e-10 9
7.92155e-10 6
7.93155e-10 10
7.94155e-10 2
7.95155e-10 15
7.96155e-10 9
7.97155e-10 8
7.98155e-10 8
7.99155e-10 8
8.00155e-10 6
8.01155e-10 8
8.02155e-10 7
8.03155e-10 7
8.04155e-10 3
8.05155e-10 6
8.06155e-10 5
8.07155e-10 12
8.08155e-10 3
8.09155e-10 4
8.10155e-10 2
8.11155e-10 0
8.12155e-10 5
8.13155e-10 4
8.14155e-10 2
8.15155e-10 5
8.16155e-10 0
8.17155e-10 1
8.18155e-10 1
8.19155e-10 3
8.20155e-10 2
8.21155e-10 7
8.22155e-10 3
8.23155e-10 2
8.24155e-10 5
8.25155e-10 1
8.26155e-10 2
8.27155e-10 4
8.28155e-10 4
8.29155e-10 1
8.30155e-10 1
8.31155e-10 1
8.32155e-10 0
8.33155e-10 2
8.34155e-10 3
8.35155e-10 0
8.36155e-10 4
8.37155e-10 3
8.38155e-10 0
8.39155e-10 1
8.40155e-10 3
8.41155e-10 0
8.42155e-10 0
8.43155e-10 1
8.44155e-10 1
8.45155e-10 2
8.46155e-10 0
8.47155e-10 1
8.48155e-10 1
8.49155e-10 1
8.50155e-10 0
8.51155e-10 0
8.52155e-10 0
8.53155e-10 1
8.54155e-10 0
8.55155e-10 0
8.56155e-10 0
8.57155e-10 0
8.58155e-10 0
8.59155e-10 0
8.60155e-10 0
8.61155e-10 0
8.62155e-10 0
8.63155e-10 0
8.64155e-10 0
8.65155e-10 0
8.66155e-10 0
8.67155e-10 0
8.68155e-10 0
8.69155e-10 1
