1.2142e-10 1
1.2242e-10 0
1.2342e-10 0
1.2442e-10 0
1.2542e-10 0
1.2642e-10 0
1.2742e-10 0
1.2842e-10 0
1.2942e-10 0
1.3042e-10 0
1.3142e-10 0
1.3242e-10 0
1.3342e-10 0
1.3442e-10 0
1.3542e-10 0
1.3642e-10 0
1.3742e-10 0
1.3842e-10 0
1.3942e-10 0
1.4042e-10 0
1.4142e-10 0
1.4242e-10 0
1.4342e-10 0
1.4442e-10 0
1.4542e-10 0
1.4642e-10 0
1.4742e-10 0
1.4842e-10 0
1.4942e-10 0
1.5042e-10 0
1.5142e-10 0
1.5242e-10 0
1.5342e-10 0
1.5442e-10 0
1.5542e-10 0
1.5642e-10 1
1.5742e-10 0
1.5842e-10 0
1.5942e-10 0
1.6042e-10 0
1.6142e-10 0
1.6242e-10 0
1.6342e-10 1
1.6442e-10 0
1.6542e-10 0
1.6642e-10 0
1.6742e-10 0
1.6842e-10 0
1.6942e-10 0
1.7042e-10 0
1.7142e-10 0
1.7242e-10 0
1.7342e-10 0
1.7442e-10 0
1.7542e-10 0
1.7642e-10 0
1.7742e-10 0
1.7842e-10 0
1.7942e-10 0
1.8042e-10 0
1.8142e-10 0
1.8242e-10 0
1.8342e-10 0
1.8442e-10 0
1.8542e-10 0
1.8642e-10 1
1.8742e-10 0
1.8842e-10 0
1.8942e-10 0
1.9042e-10 0
1.9142e-10 0
1.9242e-10 0
1.9342e-10 0
1.9442e-10 0
1.9542e-10 0
1.9642e-10 0
1.9742e-10 0
1.9842e-10 0
1.9942e-10 0
2.0042e-10 0
2.0142e-10 0
2.0242e-10 0
2.0342e-10 0
2.0442e-10 0
2.0542e-10 0
2.0642e-10 0
2.0742e-10 0
2.0842e-10 0
2.0942e-10 0
2.1042e-10 0
2.1142e-10 0
2.1242e-10 0
2.1342e-10 0
2.1442e-10 0
2.1542e-10 0
2.1642e-10 0
2.1742e-10 0
2.1842e-10 0
2.1942e-10 0
2.2042e-10 0
2.2142e-10 0
2.2242e-10 0
2.2342e-10 0
2.2442e-10 0
2.2542e-10 0
2.2642e-10 0
2.2742e-10 0
2.2842e-10 0
2.2942e-10 0
2.3042e-10 0
2.3142e-10 0
2.3242e-10 0
2.3342e-10 0
2.3442e-10 0
2.3542e-10 0
2.3642e-10 0
2.3742e-10 1
2.3842e-10 0
2.3942e-10 0
2.4042e-10 0
2.4142e-10 0
2.4242e-10 0
2.4342e-10 0
2.4442e-10 0
2.4542e-10 0
2.4642e-10 0
2.4742e-10 0
2.4842e-10 0
2.4942e-10 0
2.5042e-10 0
2.5142e-10 0
2.5242e-10 0
2.5342e-10 0
2.5442e-10 0
2.5542e-10 0
2.5642e-10 1
2.5742e-10 0
2.5842e-10 0
2.5942e-10 0
2.6042e-10 0
2.6142e-10 0
2.6242e-10 0
2.6342e-10 0
2.6442e-10 0
2.6542e-10 0
2.6642e-10 0
2.6742e-10 0
2.6842e-10 0
2.6942e-10 0
2.7042e-10 0
2.7142e-10 1
2.7242e-10 0
2.7342e-10 0
2.7442e-10 0
2.7542e-10 0
2.7642e-10 0
2.7742e-10 0
2.7842e-10 0
2.7942e-10 0
2.8042e-10 0
2.8142e-10 0
2.8242e-10 0
2.8342e-10 0
2.8442e-10 0
2.8542e-10 0
2.8642e-10 0
2.8742e-10 0
2.8842e-10 0
2.8942e-10 0
2.9042e-10 0
2.9142e-10 1
2.9242e-10 1
2.9342e-10 0
2.9442e-10 0
2.9542e-10 0
2.9642e-10 1
2.9742e-10 0
2.9842e-10 1
2.9942e-10 0
3.0042e-10 0
3.0142e-10 0
3.0242e-10 0
3.0342e-10 0
3.0442e-10 1
3.0542e-10 1
3.0642e-10 1
3.0742e-10 1
3.0842e-10 0
3.0942e-10 0
3.1042e-10 0
3.1142e-10 0
3.1242e-10 0
3.1342e-10 0
3.1442e-10 0
3.1542e-10 0
3.1642e-10 0
3.1742e-10 0
3.1842e-10 0
3.1942e-10 0
3.2042e-10 1
3.2142e-10 1
3.2242e-10 1
3.2342e-10 1
3.2442e-10 1
3.2542e-10 0
3.2642e-10 1
3.2742e-10 1
3.2842e-10 0
3.2942e-10 1
3.3042e-10 0
3.3142e-10 0
3.3242e-10 1
3.3342e-10 1
3.3442e-10 0
3.3542e-10 2
3.3642e-10 1
3.3742e-10 0
3.3842e-10 1
3.3942e-10 2
3.4042e-10 1
3.4142e-10 1
3.4242e-10 2
3.4342e-10 1
3.4442e-10 0
3.4542e-10 0
3.4642e-10 1
3.4742e-10 0
3.4842e-10 1
3.4942e-10 0
3.5042e-10 0
3.5142e-10 3
3.5242e-10 2
3.5342e-10 0
3.5442e-10 0
3.5542e-10 1
3.5642e-10 0
3.5742e-10 4
3.5842e-10 1
3.5942e-10 0
3.6042e-10 2
3.6142e-10 1
3.6242e-10 0
3.6342e-10 1
3.6442e-10 1
3.6542e-10 2
3.6642e-10 0
3.6742e-10 0
3.6842e-10 0
3.6942e-10 1
3.7042e-10 1
3.7142e-10 0
3.7242e-10 2
3.7342e-10 4
3.7442e-10 3
3.7542e-10 4
3.7642e-10 1
3.7742e-10 4
3.7842e-10 6
3.7942e-10 1
3.8042e-10 1
3.8142e-10 2
3.8242e-10 1
3.8342e-10 1
3.8442e-10 1
3.8542e-10 1
3.8642e-10 2
3.8742e-10 2
3.8842e-10 0
3.8942e-10 4
3.9042e-10 1
3.9142e-10 4
3.9242e-10 2
3.9342e-10 4
3.9442e-10 5
3.9542e-10 1
3.9642e-10 4
3.9742e-10 0
3.9842e-10 3
3.9942e-10 2
4.0042e-10 3
4.0142e-10 5
4.0242e-10 6
4.0342e-10 6
4.0442e-10 3
4.0542e-10 7
4.0642e-10 4
4.0742e-10 4
4.0842e-10 5
4.0942e-10 5
4.1042e-10 7
4.1142e-10 2
4.1242e-10 3
4.1342e-10 1
4.1442e-10 4
4.1542e-10 5
4.1642e-10 6
4.1742e-10 6
4.1842e-10 5
4.1942e-10 7
4.2042e-10 5
4.2142e-10 3
4.2242e-10 6
4.2342e-10 5
4.2442e-10 4
4.2542e-10 4
4.2642e-10 8
4.2742e-10 7
4.2842e-10 3
4.2942e-10 4
4.3042e-10 5
4.3142e-10 5
4.3242e-10 2
4.3342e-10 6
4.3442e-10 7
4.3542e-10 5
4.3642e-10 5
4.3742e-10 8
4.3842e-10 9
4.3942e-10 10
4.4042e-10 7
4.4142e-10 6
4.4242e-10 6
4.4342e-10 9
4.4442e-10 12
4.4542e-10 12
4.4642e-10 8
4.4742e-10 10
4.4842e-10 11
4.4942e-10 8
4.5042e-10 12
4.5142e-10 10
4.5242e-10 6
4.5342e-10 8
4.5442e-10 8
4.5542e-10 8
4.5642e-10 9
4.5742e-10 9
4.5842e-10 7
4.5942e-10 10
4.6042e-10 10
4.6142e-10 7
4.6242e-10 6
4.6342e-10 15
4.6442e-10 16
4.6542e-10 13
4.6642e-10 12
4.6742e-10 12
4.6842e-10 11
4.6942e-10 9
4.7042e-10 9
4.7142e-10 12
4.7242e-10 12
4.7342e-10 13
4.7442e-10 12
4.7542e-10 9
4.7642e-10 12
4.7742e-10 20
4.7842e-10 11
4.7942e-10 17
4.8042e-10 10
4.8142e-10 14
4.8242e-10 18
4.8342e-10 17
4.8442e-10 16
4.8542e-10 9
4.8642e-10 10
4.8742e-10 9
4.8842e-10 26
4.8942e-10 17
4.9042e-10 16
4.9142e-10 13
4.9242e-10 14
4.9342e-10 19
4.9442e-10 13
4.9542e-10 19
4.9642e-10 20
4.9742e-10 19
4.9842e-10 20
4.9942e-10 14
5.0042e-10 23
5.0142e-10 22
5.0242e-10 16
5.0342e-10 18
5.0442e-10 19
5.0542e-10 24
5.0642e-10 23
5.0742e-10 29
5.0842e-10 26
5.0942e-10 26
5.1042e-10 16
5.1142e-10 24
5.1242e-10 23
5.1342e-10 20
5.1442e-10 16
5.1542e-10 21
5.1642e-10 16
5.1742e-10 20
5.1842e-10 29
5.1942e-10 30
5.2042e-10 30
5.2142e-10 20
5.2242e-10 19
5.2342e-10 23
5.2442e-10 21
5.2542e-10 27
5.2642e-10 24
5.2742e-10 15
5.2842e-10 26
5.2942e-10 18
5.3042e-10 27
5.3142e-10 28
5.3242e-10 27
5.3342e-10 32
5.3442e-10 27
5.3542e-10 20
5.3642e-10 30
5.3742e-10 21
5.3842e-10 20
5.3942e-10 29
5.4042e-10 24
5.4142e-10 27
5.4242e-10 21
5.4342e-10 19
5.4442e-10 26
5.4542e-10 20
5.4642e-10 24
5.4742e-10 25
5.4842e-10 23
5.4942e-10 23
5.5042e-10 25
5.5142e-10 29
5.5242e-10 29
5.5342e-10 28
5.5442e-10 27
5.5542e-10 23
5.5642e-10 22
5.5742e-10 30
5.5842e-10 22
5.5942e-10 20
5.6042e-10 19
5.6142e-10 18
5.6242e-10 20
5.6342e-10 19
5.6442e-10 20
5.6542e-10 15
5.6642e-10 22
5.6742e-10 17
5.6842e-10 19
5.6942e-10 23
5.7042e-10 17
5.7142e-10 24
5.7242e-10 19
5.7342e-10 15
5.7442e-10 14
5.7542e-10 20
5.7642e-10 12
5.7742e-10 9
5.7842e-10 12
5.7942e-10 19
5.8042e-10 15
5.8142e-10 13
5.8242e-10 13
5.8342e-10 14
5.8442e-10 9
5.8542e-10 12
5.8642e-10 16
5.8742e-10 9
5.8842e-10 10
5.8942e-10 8
5.9042e-10 8
5.9142e-10 8
5.9242e-10 18
5.9342e-10 6
5.9442e-10 9
5.9542e-10 5
5.9642e-10 12
5.9742e-10 9
5.9842e-10 8
5.9942e-10 8
6.0042e-10 12
6.0142e-10 7
6.0242e-10 7
6.0342e-10 11
6.0442e-10 3
6.0542e-10 13
6.0642e-10 2
6.0742e-10 0
6.0842e-10 3
6.0942e-10 4
6.1042e-10 3
6.1142e-10 7
6.1242e-10 2
6.1342e-10 6
6.1442e-10 3
6.1542e-10 3
6.1642e-10 6
6.1742e-10 7
6.1842e-10 6
6.1942e-10 6
6.2042e-10 2
6.2142e-10 2
6.2242e-10 1
6.2342e-10 3
6.2442e-10 2
6.2542e-10 3
6.2642e-10 2
6.2742e-10 2
6.2842e-10 4
6.2942e-10 2
6.3042e-10 3
6.3142e-10 5
6.3242e-10 4
6.3342e-10 1
6.3442e-10 1
6.3542e-10 1
6.3642e-10 2
6.3742e-10 6
6.3842e-10 2
6.3942e-10 0
6.4042e-10 2
6.4142e-10 1
6.4242e-10 1
6.4342e-10 1
6.4442e-10 1
6.4542e-10 0
6.4642e-10 0
6.4742e-10 0
6.4842e-10 1
6.4942e-10 0
6.5042e-10 0
6.5142e-10 2
6.5242e-10 0
6.5342e-10 0
6.5442e-10 0
6.5542e-10 0
6.5642e-10 0
6.5742e-10 0
6.5842e-10 0
6.5942e-10 0
6.6042e-10 0
6.6142e-10 0
6.6242e-10 0
6.6342e-10 0
6.6442e-10 0
6.6542e-10 0
6.6642e-10 0
6.6742e-10 0
6.6842e-10 0
6.6942e-10 0
6.7042e-10 0
6.7142e-10 0
6.7242e-10 0
6.7342e-10 0
6.7442e-10 0
6.7542e-10 0
6.7642e-10 0
6.7742e-10 0
6.7842e-10 0
6.7942e-10 0
6.8042e-10 0
6.8142e-10 1
